activity,wrist_Gx,wrist_Gy,wrist_Gz,wrist_Ax,wrist_Ay,wrist_Az,biceps_Gx,biceps_Gy,biceps_Gz,biceps_Ax,biceps_Ay,biceps_Az,palm_Gx,palm_Gy,palm_Gz,palm_Ax,palm_Ay,palm_Az,thigh_Gx,thigh_Gy,thigh_Gz,thigh_Ax,thigh_Ay,thigh_Az,current,voltage,power,energy
5,-148,-234,17,-3912,7124,-791,-92,-249,98,2201,7865,-1445,138,-62,155,6679,2325,-3570,-57,16,31,6258,-2482,-3835,0.322580636,5.05376339,1.630246162,0.001839015
5,-30,32,-233,-3512,7333,-827,-116,-100,162,1903,7866,-1343,-117,-183,-268,6790,791,-4255,40,-16,-4,7529,-1206,-1816,0.317693055,5.043988228,1.60244,0.015317257
5,-33,21,-252,-3543,7320,-799,-120,-95,195,1914,7830,-1320,-90,-138,-280,6801,951,-4433,14,-7,3,7492,-1236,-1829,0.307917893,5.05376339,1.556144118,0.015324691
5,-38,31,-304,-3619,7306,-776,-147,-63,204,1878,7837,-1239,-78,-159,-337,6683,1225,-4443,-3,-3,7,7500,-1203,-1802,0.312805474,5.05376339,1.580844879,0.015332251
5,-43,12,-350,-3656,7309,-737,-139,-59,206,1842,7857,-1290,-151,-226,-422,6683,1309,-4437,-29,-16,18,7476,-1102,-1785,0.317693055,5.043988228,1.60244,0.015339904
5,-53,-34,-408,-3665,7268,-701,-114,-103,213,1870,7915,-1355,-263,-250,-443,6753,1269,-4417,-67,-45,33,7461,-1118,-1871,0.312805474,5.05376339,1.580844879,0.015347439
5,-58,-59,-446,-3739,7230,-661,-117,-125,231,1942,7859,-1426,-316,-254,-425,6707,1174,-4337,-95,-24,38,7516,-1274,-1853,0.312805474,5.05376339,1.580844879,0.015354992
5,-58,-66,-462,-3786,7150,-656,-135,-149,262,2057,7730,-1635,-294,-247,-391,6731,1092,-4281,-149,42,45,7526,-1230,-1668,0.322580636,5.05376339,1.630246162,0.015362784
5,-95,-24,-474,-3926,7084,-608,-119,-154,262,2188,7732,-1720,-150,-218,-360,6682,1325,-4292,-164,29,71,7447,-1025,-1515,0.312805474,5.05376339,1.580844879,0.015370327
5,-125,29,-469,-4043,7060,-548,-110,-131,254,2253,7681,-1884,-28,-183,-394,6675,1646,-4303,-171,-50,95,7397,-898,-1464,0.322580636,5.043988228,1.627092957,0.015378097
5,-205,141,-500,-4553,7068,-483,-69,-59,259,2437,7775,-2021,43,-162,-438,6858,2182,-4571,-141,-154,123,7606,-710,-1719,0.317693055,5.05376339,1.605545521,0.015385755
5,-262,279,-581,-4854,7110,-189,-80,31,276,2574,7900,-2196,234,-124,-501,6883,2814,-4925,-194,-91,156,7633,-413,-2113,0.317693055,5.043988228,1.60244,0.015393402
5,-361,624,-758,-5442,6948,-78,-129,202,282,2785,7987,-2363,517,-303,-765,6671,3711,-4825,-210,-86,153,7551,-447,-2430,0.312805474,5.05376339,1.580844879,0.015400959
5,-470,784,-908,-6008,6701,-117,-177,299,301,2679,7815,-2595,649,-368,-1073,6849,4370,-4963,-396,-40,158,7503,-781,-2224,0.312805474,5.05376339,1.580844879,0.015408513
5,-601,963,-1117,-6790,6527,-75,-183,439,370,3047,7362,-2713,667,-257,-1289,6895,5367,-5150,-453,-3,205,7170,-1027,-1647,0.312805474,5.043988228,1.577787161,0.015416076
5,-753,992,-1448,-7859,6138,-2,-62,586,471,3199,7097,-2968,536,-154,-1405,6847,6125,-5390,-399,-84,293,7214,-1830,-1588,0.317693055,5.043988228,1.60244,0.015423742
5,-851,987,-1707,-8153,5853,161,136,969,625,2948,6798,-3073,618,-46,-1636,6549,6658,-5965,-284,-90,357,7666,-2863,-1984,0.317693055,5.05376339,1.605545521,0.015431435
5,-955,1499,-2176,-8658,5571,302,323,1343,805,2798,6523,-3141,1161,-252,-2148,6338,7274,-6506,40,215,421,7641,-3424,-2333,0.322580636,5.05376339,1.630246162,0.015439217
5,-973,2036,-2607,-9258,5445,400,745,1727,1201,2376,6317,-3313,1612,-540,-2834,6303,8364,-6968,399,326,204,7053,-3440,-2537,0.322580636,5.05376339,1.630246162,0.015447013
5,-1009,2812,-3183,-9567,5555,1259,1297,1981,1517,2198,6474,-3559,1769,-1096,-3367,6342,9519,-7124,1174,182,-56,6896,-2697,-2742,0.317693055,5.05376339,1.605545521,0.015454709
5,-1088,3437,-3672,-10108,5810,1861,1892,2144,1875,1999,6906,-3978,1799,-2147,-3962,7346,10075,-7089,1878,11,-415,7093,-1526,-3297,0.332355827,5.05376339,1.679647684,0.015462741
5,-1276,4421,-4248,-10975,6279,2307,2548,2047,2414,1826,7415,-4192,2166,-2922,-4547,8555,10181,-6946,2002,-72,-663,7207,-286,-3820,0.317693055,5.05376339,1.605545521,0.015470418
5,-1399,5148,-4700,-12065,7114,2228,2963,1671,2898,1942,7911,-4289,2858,-3190,-5204,10467,10571,-6914,1744,-146,-698,6939,969,-4353,0.312805474,5.05376339,1.580844879,0.01547798
5,-1537,5486,-5285,-12757,7769,2108,3416,916,3384,2362,8462,-4452,3084,-3248,-5659,11250,12188,-6488,1125,-290,-415,6621,1160,-4414,0.317693055,5.05376339,1.605545521,0.015485666
5,-1708,5556,-6102,-12747,7927,2229,3644,420,3571,2755,8487,-4628,2558,-2896,-6334,11833,12514,-6360,608,-359,4,6402,594,-4170,0.317693055,5.05376339,1.605545521,0.015493318
5,-1924,5491,-6750,-12654,8125,2501,3879,48,3621,3645,7959,-4887,1918,-2601,-6923,12490,12137,-6274,577,-486,224,6200,-337,-3666,0.322580636,5.05376339,1.630246162,0.01550109
5,-2249,5494,-7576,-12787,8179,2303,4149,-139,3681,4583,7511,-4896,1720,-2102,-7562,12848,11445,-6058,1029,-833,150,6042,-1290,-3207,0.317693055,5.05376339,1.605545521,0.015508755
5,-2378,5427,-8125,-12800,8415,2245,4708,-427,3766,6212,7094,-5674,1742,-1875,-8115,13336,10925,-6043,1653,-1270,-208,5823,-1389,-3133,0.317693055,5.05376339,1.605545521,0.015516425
5,-2590,5281,-8897,-12828,8645,2887,5143,-44,3467,6897,6996,-6547,1989,-1692,-8247,13372,10996,-5958,1901,-1551,-423,5312,-1298,-3519,0.317693055,5.05376339,1.605545521,0.015524096
5,-2809,5013,-9395,-12365,8618,2986,5366,1291,2927,6503,7019,-6846,1586,-1991,-8611,13435,10551,-5842,1980,-1835,-493,4861,-1132,-3590,0.317693055,5.05376339,1.605545521,0.015531752
5,-3209,4909,-9935,-11494,8601,2369,5389,3186,2376,5671,7522,-6430,1526,-2224,-9240,13811,9938,-6022,2276,-1913,-435,4832,-942,-3180,0.322580636,5.05376339,1.630246162,0.015539538
5,-3406,5024,-10386,-11322,8303,1559,5267,3774,2316,5344,7471,-6025,1500,-2216,-10181,13965,9662,-6305,2701,-2164,-312,5153,-671,-2846,0.312805474,5.043988228,1.577787161,0.015547068
5,-3476,4985,-10882,-11452,8044,924,5353,3930,2241,4673,6568,-6034,1273,-2093,-10809,13969,9356,-6823,3356,-2979,177,5554,-823,-3615,0.322580636,5.043988228,1.627092957,0.01555488
5,-3498,4556,-11575,-11495,7791,717,5606,3865,2215,4251,5662,-6101,761,-2113,-11312,13882,8995,-7441,3781,-4284,773,5570,-1076,-4382,0.327468216,5.05376339,1.654946923,0.015562798
5,-3509,4046,-12005,-11013,7825,237,5784,3641,2283,4000,5019,-5703,96,-2468,-11987,13674,8835,-8063,3870,-4746,623,5673,-1549,-5047,0.317693055,5.05376339,1.605545521,0.015570461
5,-3381,3446,-12730,-10984,7795,-1392,5833,3236,2319,3813,4724,-5474,-399,-2724,-12806,14036,8391,-9473,4098,-4980,331,6909,-2155,-6029,0.322580636,5.043988228,1.627092957,0.015578231
5,-3015,2816,-13360,-10797,7550,-2797,5929,2635,2015,3653,4296,-5553,-1164,-2638,-13711,14144,8456,-11476,3498,-5111,28,8704,-1225,-6650,0.322580636,5.043988228,1.627092957,0.015586018
5,-2059,2203,-14274,-9658,6676,-4143,5970,2252,1563,3174,4315,-5769,-1946,-2508,-14926,13205,6555,-12536,1882,-4923,-195,10790,591,-7073,0.312805474,5.05376339,1.580844879,0.015593573
5,-1351,1706,-14879,-8704,5867,-4548,6088,2260,902,2590,4192,-6295,-3292,-3226,-15240,12090,5389,-12949,-493,-4318,-664,10815,1504,-6642,0.317693055,5.05376339,1.605545521,0.01560125
5,-197,802,-15210,-7055,4516,-4971,6340,2186,154,2120,4178,-6946,-4716,-4354,-14630,10839,2775,-13152,-1495,-3807,-1226,10047,895,-5286,0.322580636,5.05376339,1.630246162,0.015609035
5,619,-94,-14996,-5318,4015,-5572,6371,1401,-69,2100,4031,-7047,-6055,-5232,-14154,9158,-201,-13502,-769,-3208,-1671,9159,-1875,-3535,0.317693055,5.05376339,1.605545521,0.015616699
5,1438,-710,-14618,-3621,3601,-5904,6202,-255,-28,2531,3775,-7410,-5988,-6711,-13468,7988,-2835,-12959,1922,-2899,-2284,7224,-5080,-1187,0.312805474,5.043988228,1.577787161,0.015624246
5,2323,-646,-14089,-2598,3029,-6331,6032,-1593,-27,3333,3765,-7971,-4883,-7911,-12039,7803,-4656,-12506,4593,-3249,-3197,5994,-5914,-1494,0.332355827,5.05376339,1.679647684,0.015632272
5,3017,-123,-13556,-1692,2790,-6139,5616,-2526,-293,4404,3887,-7890,-3598,-8750,-10454,6637,-5944,-11123,5805,-3471,-4003,5785,-6436,-3089,0.322580636,5.05376339,1.630246162,0.015640058
5,4074,435,-12454,626,2063,-6288,5244,-2956,-615,5050,4200,-6974,-2398,-9300,-9517,5451,-6223,-8736,6599,-3259,-4490,6369,-5538,-5247,0.322580636,5.05376339,1.630246162,0.015647836
5,4808,543,-11466,2183,1152,-6423,4548,-3865,-1029,5023,4051,-5733,-2645,-9426,-8394,4559,-6666,-6677,6709,-2496,-4800,6072,-4118,-5945,0.317693055,5.043988228,1.60244,0.01565551
5,5546,120,-10102,3614,109,-5638,4558,-3928,-1285,4152,3722,-5855,-3624,-9139,-7186,3639,-7696,-4709,6536,-1983,-4705,5141,-3384,-5919,0.327468216,5.05376339,1.654946923,0.015663421
5,5857,-547,-9056,4889,-433,-5024,4555,-4043,-1481,3825,3588,-6167,-4205,-9045,-5855,2281,-9817,-3681,6296,-1692,-4448,4383,-2142,-5371,0.317693055,5.05376339,1.605545521,0.015671121
5,6169,-1290,-7495,7008,-1700,-3792,4262,-3860,-1958,4245,3555,-6193,-4339,-9056,-4846,892,-12030,-2638,5763,-1842,-4004,4910,-917,-5323,0.34701857,5.05376339,1.753749728,0.015679508
5,6426,-1322,-6159,8607,-2858,-2558,3998,-3957,-2229,4227,2998,-6307,-3621,-9543,-3591,-895,-13807,-953,5329,-1609,-3615,6461,432,-5550,0.351906151,5.05376339,1.77845037,0.01568801
5,6693,-914,-4814,9533,-3739,-2049,3534,-4068,-2454,3658,2391,-6676,-1938,-10540,-2409,-1342,-14797,213,5349,-546,-3452,8029,1784,-5238,0.317693055,5.05376339,1.605545521,0.015695719
5,6982,268,-2977,10465,-4466,-586,3206,-3856,-2723,3565,2088,-7128,318,-11533,-1138,-1299,-14505,1159,5368,199,-2956,7359,2112,-4798,0.317693055,5.05376339,1.605545521,0.015703378
5,7186,1079,-1601,9267,-4981,814,3247,-3196,-3218,2674,2172,-7675,1805,-12200,442,68,-12832,2819,4509,108,-2477,7409,891,-3797,0.322580636,5.05376339,1.630246162,0.015711145
5,7405,1265,169,8900,-5303,2510,3314,-2837,-3528,2195,2743,-8415,3133,-12620,1792,1810,-11034,4618,3395,446,-2277,8182,-2133,-2561,0.327468216,5.043988228,1.651745796,0.015719049
5,7591,1196,1209,6990,-5116,3561,3056,-2342,-3909,1872,3104,-9036,4030,-12621,3751,2897,-9213,6000,2602,1588,-2203,8005,-5107,-1850,0.322580636,5.043988228,1.627092957,0.01572684
5,7616,-37,2663,4302,-5084,5129,2872,-2208,-4222,1568,3128,-9314,4708,-12387,5873,4830,-7971,6641,1938,990,-1811,5897,-4396,-1118,0.322580636,5.05376339,1.630246162,0.01573463
5,7735,-1382,3435,4509,-5002,5752,2757,-1755,-4458,1732,2899,-9586,5015,-11705,7955,7014,-6111,7572,2748,369,-2037,5460,-6199,-3281,0.317693055,5.05376339,1.605545521,0.015742285
5,7592,-2251,4086,3059,-4292,6903,2774,-1452,-5211,1967,2811,-9279,5261,-10366,9355,8988,-4523,8673,4214,-7,-2517,3843,-5176,-3818,0.317693055,5.05376339,1.605545521,0.015749948
5,7087,-3673,5267,2901,-4771,8375,3125,-1265,-5834,2633,2273,-9522,5679,-8949,10945,10716,-2540,9934,4806,-85,-2715,3935,-3807,-4151,0.322580636,5.05376339,1.630246162,0.01575773
5,6435,-3924,5992,2308,-4315,9906,3507,-1233,-6477,3202,2313,-9080,6452,-7155,12114,13617,-681,10855,4370,324,-2428,5383,-1001,-4323,0.317693055,5.05376339,1.605545521,0.015765391
5,5298,-4231,6686,1202,-3409,11501,3821,-913,-6466,4037,1430,-9326,7321,-5246,12228,16860,2937,11783,3479,336,-1789,8313,1705,-3631,0.327468216,5.05376339,1.654946923,0.015773283
5,4052,-4024,6995,-743,-2323,12481,4866,-263,-5748,4832,2899,-8540,8098,-2079,11896,19761,8252,11893,2212,952,-1166,8837,3077,-3085,0.317693055,5.05376339,1.605545521,0.015780952
5,1776,-3564,7091,-5317,-1432,14847,4791,-423,-5108,4293,4203,-7652,8536,1808,11329,23144,12182,11144,317,1437,-197,8619,2306,-1667,0.312805474,5.05376339,1.580844879,0.015788497
5,-128,-3992,7205,-9566,-709,15457,3870,-1952,-4590,4528,4515,-6402,8716,6385,10513,25132,14137,8954,-1441,1764,209,7565,232,-1539,0.322580636,5.043988228,1.627092957,0.015796266
5,-3257,-5384,7123,-13592,-68,12953,3170,-2151,-4403,5649,4022,-6104,9072,10027,8796,26440,17880,4910,-1649,1412,413,6291,-822,-3764,0.312805474,5.05376339,1.580844879,0.015803823
5,-5179,-5350,6235,-14770,310,9738,2772,-876,-4073,6732,3209,-5899,11803,15990,5872,27531,18473,-2315,-1153,766,257,3987,-2447,-6697,0.332355827,5.05376339,1.679647684,0.015811855
5,-6737,-4448,5002,-15038,-302,8385,2459,1697,-3263,7753,1857,-5902,14432,20056,240,25334,18261,-12154,-946,-380,-88,2967,-4035,-6134,0.327468216,5.05376339,1.654946923,0.015819773
5,-9283,-4222,4232,-12038,1040,10797,2465,4149,-2661,7852,1436,-6363,12810,20501,-6668,21388,21594,-18866,-253,-1179,-461,3377,-5482,-4026,0.317693055,5.05376339,1.605545521,0.015827473
5,-11384,-3472,3466,-9485,3769,10971,2501,6606,-1833,7396,2072,-7025,10117,16656,-13681,10512,22047,-17368,1627,-1460,-1122,4344,-6117,-4454,0.317693055,5.05376339,1.605545521,0.015835159
5,-13977,-501,729,-9608,3309,6660,2149,7091,-888,7648,2647,-7281,5209,11262,-17687,8433,20401,-13332,4182,-1711,-1795,4452,-3604,-5651,0.317693055,5.043988228,1.60244,0.015842801
5,-15561,1008,-1628,-13437,1525,25,1370,6290,854,9422,1644,-7993,-122,6693,-18580,12826,13161,-13771,5231,-2444,-2246,4339,-3053,-5910,0.312805474,5.05376339,1.580844879,0.015850343
5,-15454,-779,-3839,-15769,-28,-11686,929,5886,1732,11019,-469,-9277,-4887,8845,-18468,15027,9006,-18035,5849,-3452,-2292,3562,-2488,-6762,0.312805474,5.043988228,1.577787161,0.015857862
5,-13997,-2881,-4964,-12920,-663,-15725,863,7430,1534,10132,-2756,-11310,-7336,14859,-19745,15675,2077,-24525,6757,-5056,-2411,2477,-2170,-7556,0.317693055,5.05376339,1.605545521,0.015865522
5,-11674,-3157,-6289,-7548,-3267,-16914,1090,9100,553,6260,-3879,-12437,-8350,16996,-21119,9920,55,-31279,7244,-6511,-2588,2350,-2674,-8232,0.322580636,5.043988228,1.627092957,0.015873302
5,-10339,-2404,-7666,-5492,-3525,-12869,1796,9745,-772,1843,-4060,-12168,-6903,13325,-20857,2457,-8740,-32651,7425,-7750,-2594,3517,-2625,-8568,0.312805474,5.05376339,1.580844879,0.015880844
5,-9407,-229,-9770,-7002,-3575,-9367,2221,8981,-1850,-4480,-3073,-8794,-3525,4439,-16182,-7346,-8554,-32651,7066,-9086,-2301,5979,-370,-8706,0.317693055,5.043988228,1.60244,0.015888497
5,-5492,988,-11197,-3687,-5417,-13414,1391,6801,-1435,-8701,-2299,-5139,1528,-5177,-11184,-10544,-13927,-29726,5775,-9778,-1723,8918,2412,-9622,0.322580636,5.05376339,1.630246162,0.015896283
5,-1178,3231,-10807,4127,-5571,-17163,1515,2643,138,-9273,-4075,-8165,6402,-10462,-10549,-3972,-9513,-26090,4049,-7718,-851,13607,5079,-9756,0.322580636,5.05376339,1.630246162,0.015904086
5,3162,5643,-10723,4385,-3902,-16572,2757,-2767,1361,-5741,-3985,-10096,2591,-14138,-9997,1542,-7076,-18496,1252,-4985,-569,14527,5340,-7112,0.317693055,5.05376339,1.605545521,0.01591176
5,5347,2709,-10361,2283,-2062,-13178,3763,-9949,876,-432,-1229,-10619,-2906,-15255,-7030,4421,-10612,-13247,-15,-3081,-1309,13927,3418,-3573,0.327468216,5.05376339,1.654946923,0.01591967
5,7449,-2500,-9549,6250,-678,-9382,3757,-12316,-670,2577,-220,-10935,-6488,-15123,-3314,5751,-15186,-10429,65,-1966,-2403,12717,441,-1849,0.322580636,5.05376339,1.630246162,0.015927475
5,8765,-4469,-8792,9835,-51,-7868,3632,-12102,-2771,5159,846,-10315,-7236,-15380,-1353,5470,-18726,-8540,458,-1091,-3112,10660,-2598,-2171,0.322580636,5.05376339,1.630246162,0.015935276
5,10017,-3959,-7610,13887,-216,-6537,3467,-10191,-3633,5841,1305,-9396,-5526,-15911,-1081,6231,-20996,-7184,211,337,-3553,8826,-5030,-3300,0.322580636,5.05376339,1.630246162,0.015943073
5,10777,-1796,-6586,15216,-135,-5478,3193,-8404,-4159,5146,1111,-8696,-1666,-16309,-1250,7138,-20829,-5414,1301,1373,-3694,6021,-6826,-2145,0.327468216,5.05376339,1.654946923,0.015950991
5,11528,814,-5234,15315,281,-4061,2813,-7246,-5001,3257,916,-8656,2441,-16457,-979,8690,-19193,-3725,3287,1511,-3661,2926,-8922,-232,0.317693055,5.05376339,1.605545521,0.015958669
5,12347,3184,-3183,13079,1396,-1721,2577,-6956,-5809,1852,986,-8767,4693,-16465,436,10756,-16469,-1846,4298,-73,-3360,1920,-9877,-829,0.327468216,5.043988228,1.651745796,0.015966538
5,12398,3436,-1443,11190,2247,411,1833,-6507,-6195,679,2538,-8991,6219,-16232,2211,13143,-13906,112,4038,-697,-2889,4146,-9635,-2367,0.317693055,5.05376339,1.605545521,0.015974218
5,12079,2519,725,9517,2800,3628,1534,-7230,-6027,894,2986,-8687,6547,-15429,5192,14927,-12260,1961,5058,-248,-2875,5786,-8443,-2560,0.322580636,5.05376339,1.630246162,0.015982024
5,11803,1333,2238,8728,3124,6350,235,-6811,-6012,1410,3529,-8783,6588,-14412,8258,17308,-11568,3365,7459,171,-3545,5880,-6195,-2217,0.332355827,5.043988228,1.676398873,0.015990026
5,11117,-844,4480,7960,2430,8922,-304,-6952,-6650,2460,3682,-8026,6642,-13673,10832,19536,-10252,5400,8981,278,-4057,5864,-3252,-3351,0.327468216,5.05376339,1.654946923,0.015997952
5,10335,-2681,6042,8289,2124,10575,-718,-5466,-7117,4240,2984,-8371,6739,-12099,12166,21947,-8750,7441,7843,694,-3607,6203,932,-6552,0.332355827,5.05376339,1.679647684,0.016005976
5,9401,-4155,7461,8800,1554,11678,-1221,-4606,-7778,4643,2291,-8334,7278,-9519,12818,24120,-6516,10278,5885,1442,-3434,7206,3802,-6648,0.322580636,5.043988228,1.627092957,0.016013762
5,8111,-5103,8413,10561,605,12941,-1220,-2273,-7880,4290,681,-8805,7618,-5828,12303,25915,-4344,13357,3596,2331,-2944,7847,3907,-5418,0.312805474,5.05376339,1.580844879,0.016021321
5,6939,-5078,9316,11636,993,15597,-675,-1035,-7788,3545,451,-8784,7747,-1779,11129,26641,-2039,15324,1530,2663,-2663,7795,4324,-4009,0.322580636,5.043988228,1.627092957,0.016029119
5,4991,-3890,10361,11909,242,17995,-74,-475,-7607,3494,785,-9167,8840,777,9753,25570,-2367,15449,-107,2173,-2328,6123,1114,-2285,0.317693055,5.043988228,1.60244,0.016036775
5,3342,-2328,11309,10265,-560,19726,525,137,-7671,4389,1520,-11056,11380,3484,8118,23992,-1138,14613,-2270,1509,-1289,6152,-527,-1888,0.322580636,5.05376339,1.630246162,0.016044557
5,872,77,12223,3855,-399,20100,911,1182,-7572,5638,1305,-12656,13626,6187,7970,24790,1542,12417,-2618,1753,100,7624,-2006,-1973,0.307917893,5.043988228,1.553134203,0.016051969
5,-1355,1138,12171,-4065,-322,18742,2272,4458,-6620,8069,1166,-14753,14637,10201,9249,26470,6075,9816,-1634,2431,457,7789,-2244,-4518,0.317693055,5.043988228,1.60244,0.016059631
5,-4251,-1640,12469,-12555,-2219,15633,3049,5577,-5366,7404,2165,-13240,13707,13248,9752,25983,13133,4255,-1326,1561,608,6448,-3840,-8564,0.312805474,5.043988228,1.577787161,0.016067183
5,-6540,-4977,13731,-12899,-2191,13372,2776,1915,-3775,7343,1851,-10448,10213,15563,8862,25299,18059,-3456,-880,713,43,2730,-6314,-6899,0.317693055,5.043988228,1.60244,0.01607484
5,-8189,-5010,13801,-11953,751,11398,2742,1775,-3083,8538,2289,-8866,10000,16966,5532,24492,19511,-12585,384,-836,-178,331,-8835,-4742,0.317693055,5.05376339,1.605545521,0.016082508
5,-10188,-691,12203,-17099,6694,10396,2302,3366,-2428,8511,2455,-6473,12613,16162,135,25568,19694,-19661,3562,-1566,-1187,2849,-7464,-5119,0.317693055,5.043988228,1.60244,0.016090157
5,-12431,2233,10161,-23607,10782,9933,1850,3858,-1743,8976,2812,-4225,12810,15738,-4447,22846,29786,-27614,6059,-1950,-2575,5299,-3198,-6773,0.322580636,5.043988228,1.627092957,0.016097935
5,-14633,2989,5082,-28113,12324,2018,961,4283,-1113,8454,2169,-2602,7261,13712,-8892,17465,32174,-25972,6270,-2750,-2681,6669,580,-7689,0.322580636,5.043988228,1.627092957,0.016105726
5,-14896,1732,-99,-27231,7013,-5304,-244,5895,-378,8132,21,-3798,1351,13331,-12242,13754,24637,-24531,4956,-3307,-2200,6089,1113,-5474,0.317693055,5.043988228,1.60244,0.016113397
5,-13282,-955,-5082,-19717,-997,-12187,-497,8682,-394,7114,-2007,-7178,-1848,14199,-15352,8516,17750,-23001,4920,-4037,-2136,3928,374,-4250,0.322580636,5.043988228,1.627092957,0.016121181
5,-11563,-2296,-6963,-15112,-2831,-13498,226,13904,-1302,5263,-4239,-12671,-2397,14833,-18882,6536,8456,-25711,5698,-4974,-2228,2304,-1061,-4949,0.337243408,5.05376339,1.704348445,0.016129347
5,-9844,-1744,-7881,-8817,-1471,-13118,1410,16766,-2017,2953,-5050,-15165,-2339,13296,-21281,4775,5318,-25852,6688,-5626,-2453,2139,-1496,-6816,0.317693055,5.05376339,1.605545521,0.016137015
5,-8594,-497,-9368,-7102,-881,-12463,2663,11403,-1226,-3014,-4410,-13250,-3113,9633,-21843,5180,1082,-26208,7312,-6080,-2018,2851,-1246,-8510,0.317693055,5.05376339,1.605545521,0.016144687
5,-7485,1013,-11298,-5557,-2486,-10810,2109,4166,-126,-7769,-3796,-10220,-2387,5497,-19298,2691,-3718,-25117,7564,-6783,-1244,4586,-996,-9076,0.327468216,5.05376339,1.654946923,0.016152602
5,-5673,2445,-13419,-4305,-2984,-9939,1330,-1060,404,-9501,-2670,-7224,-684,1352,-14506,-2817,-8423,-22527,6564,-8312,-457,7008,1299,-8421,0.317693055,5.05376339,1.605545521,0.016160263
5,-3113,2173,-13719,-1778,-3073,-10802,2178,-3694,858,-6469,-2584,-6824,1431,-4789,-11732,-2913,-10596,-20028,4662,-9683,-236,11420,3421,-7980,0.327468216,5.05376339,1.654946923,0.016168159
5,828,1575,-12811,4636,-1942,-11909,3599,-7889,1368,-998,-1777,-9742,1351,-9387,-10428,-666,-8232,-16989,2997,-8416,-875,16141,5439,-7032,0.322580636,5.05376339,1.630246162,0.016175952
5,3148,852,-12130,5340,-1060,-11313,4301,-11064,615,7317,284,-11079,-2511,-12108,-9338,2721,-8286,-14106,782,-6223,-1872,16637,4947,-4272,0.327468216,5.05376339,1.654946923,0.016183872
5,5278,-2200,-11360,5104,-310,-9657,3458,-11281,-1369,9242,642,-8930,-5521,-12851,-7238,4930,-11375,-11376,136,-3609,-2353,16085,1317,-3408,0.322580636,5.05376339,1.630246162,0.016191669
5,6346,-4572,-10582,6679,238,-8665,3607,-8388,-3842,8253,-291,-9137,-7489,-12673,-5529,4948,-15046,-9278,-656,-1650,-2337,12413,-2012,-1684,0.332355827,5.05376339,1.679647684,0.016199687
5,7254,-5683,-9491,11017,144,-7415,3853,-5122,-4395,5644,130,-8266,-7316,-12788,-4227,3982,-17804,-7425,-866,-341,-2504,9372,-5588,-2247,0.322580636,5.05376339,1.630246162,0.016207475
5,7736,-4708,-8574,14215,-1134,-6540,3798,-3654,-4219,3022,1361,-8488,-5378,-13113,-3951,3226,-19424,-5050,225,477,-2969,7319,-8297,-2552,0.322580636,5.05376339,1.630246162,0.016215259
5,8060,-2486,-7577,15988,-1575,-5672,3182,-3972,-4148,2597,2198,-8589,-3181,-13858,-3867,2912,-20471,-3713,1423,376,-3568,3600,-11436,-1465,0.322580636,5.05376339,1.630246162,0.016223053
5,8481,1170,-5945,17530,-2595,-4843,1675,-4604,-4399,1698,2010,-8606,332,-14331,-3809,3751,-20871,-2247,3731,-1280,-3851,1031,-10834,-729,0.327468216,5.05376339,1.654946923,0.016230976
5,8931,3810,-4310,17332,-2672,-4037,1657,-6609,-4354,1468,1327,-8558,3721,-14679,-3383,4859,-20441,-856,6170,-2226,-4144,3543,-9519,-3015,0.327468216,5.043988228,1.651745796,0.016238878
5,9460,5677,-1656,15516,-2809,-2125,960,-5952,-4903,3041,1968,-9001,6606,-14851,-1986,5698,-19711,978,7503,-1489,-3938,5635,-6997,-3515,0.322580636,5.05376339,1.630246162,0.016246678
5,9669,5512,367,12677,-2722,-109,678,-5936,-5672,3146,1259,-9060,8015,-14829,870,7439,-17364,2555,7355,-557,-3566,6559,-5273,-2622,0.312805474,5.05376339,1.580844879,0.016254241
5,9758,3284,2858,9451,-2207,2433,570,-5606,-5999,4108,492,-9552,8674,-14191,3729,10233,-14834,4387,7502,47,-3353,6330,-3255,-2750,0.317693055,5.05376339,1.605545521,0.016261918
5,9782,864,4359,7988,-2152,4142,511,-4121,-6749,4265,262,-10174,8463,-12340,7812,12417,-13044,6065,6970,551,-3223,6591,-751,-4545,0.317693055,5.05376339,1.605545521,0.016269607
5,9603,-2311,5961,8043,-2809,6018,912,-3590,-6789,3691,-85,-10674,8283,-10272,11236,13549,-12096,7001,4704,1414,-3017,7163,968,-7533,0.317693055,5.043988228,1.60244,0.016277263
5,9478,-3937,7007,9332,-2954,7132,1511,-1980,-7142,2571,812,-11073,9078,-8809,13333,15361,-11351,6865,2514,2133,-2806,6801,2349,-6525,0.317693055,5.043988228,1.60244,0.016284905
5,9119,-4844,8068,10542,-3032,8317,1874,-1810,-7314,2249,1785,-10819,10141,-7717,14085,18302,-9284,7162,1145,2899,-2581,7414,2386,-4862,0.312805474,5.05376339,1.580844879,0.016292458
5,8922,-4359,8758,10596,-3319,9715,2459,-2064,-7427,2351,2501,-10700,10982,-5923,14259,20323,-4885,8493,-919,3278,-2423,6190,2359,-3961,0.317693055,5.043988228,1.60244,0.016300101
5,8419,-3989,9591,10506,-2442,12238,2643,-2180,-7631,3192,2718,-10537,11129,-3501,13301,22327,-2067,9387,-2383,2259,-1910,4683,1770,-3914,0.312805474,5.043988228,1.577787161,0.016307645
5,7089,-3286,10616,9403,-390,15884,3032,-2056,-7893,3965,2020,-10615,11037,-956,12290,25189,945,10686,-2681,2068,-577,6459,507,-3160,0.322580636,5.043988228,1.627092957,0.016315399
5,5178,-2345,11170,6313,874,18371,3803,-1144,-8393,6269,1820,-10944,11356,1165,11526,28492,3686,11301,-1896,2604,432,8218,-2364,-2953,0.312805474,5.043988228,1.577787161,0.016322918
5,2021,-1437,11619,-3481,2360,19969,4489,-267,-7338,9172,2151,-9030,12030,5317,11394,32406,10239,9911,-1095,3085,601,9517,-6093,-8788,0.327468216,5.043988228,1.651745796,0.016330816
5,-841,-2930,11728,-13060,2252,18973,3879,1102,-5332,8237,2906,-6260,11471,11399,11437,32406,17493,6113,-2645,1531,887,3165,-9130,-12943,0.317693055,5.043988228,1.60244,0.016338464
5,-3880,-5783,12043,-16262,2514,16281,2497,-434,-4308,8770,2409,-3684,10791,17197,10275,32406,19347,1184,-336,-438,164,-2299,-11962,-6033,0.322580636,5.05376339,1.630246162,0.016346274
5,-7145,-6285,10848,-16038,2891,10185,1979,155,-3329,9738,1886,-4334,12970,21200,4997,32406,18096,-10321,3859,-2064,-931,-2729,-11259,-3071,0.322580636,5.043988228,1.627092957,0.016354049
5,-9379,-4814,9991,-14500,5459,10672,1911,2838,-2591,9602,1708,-5135,15649,22941,-1497,27994,21591,-22289,7025,-3136,-3490,-661,-5213,-5585,0.327468216,5.05376339,1.654946923,0.016361963
5,-13097,-2311,8558,-13876,8499,12917,1652,5902,-1271,9225,2746,-4022,11879,19131,-10099,20762,25150,-21688,9526,-4886,-4855,2355,3917,-9874,0.317693055,5.05376339,1.605545521,0.016369628
5,-15200,275,5197,-18213,8393,7961,462,6609,-312,8435,2290,-3291,4343,13977,-12707,17986,25833,-21396,8044,-4949,-4225,5093,5287,-9499,0.317693055,5.05376339,1.605545521,0.016377311
5,-15942,-447,25,-23051,3960,-5498,-980,6492,470,9108,-1276,-5582,-641,13789,-14023,18158,20732,-20081,6078,-4769,-2120,6727,4040,-7530,0.337243408,5.05376339,1.704348445,0.016385462
5,-14947,-3412,-2894,-21237,1854,-12537,-1162,7686,364,9589,-4009,-9278,-5486,17025,-15570,16396,13155,-25070,5236,-5120,-1226,5600,1868,-7300,0.322580636,5.05376339,1.630246162,0.016393248
5,-12843,-6427,-5252,-13655,-438,-13827,-573,11015,-576,8200,-6431,-13128,-6790,19094,-18498,13059,7452,-30885,4700,-5614,-319,6590,1048,-8772,0.322580636,5.043988228,1.627092957,0.016401028
5,-11433,-6102,-6401,-10197,-1063,-12794,1225,15235,-2355,1077,-7794,-15409,-6788,17287,-19666,9769,4637,-32651,3538,-4925,34,8366,417,-8804,0.317693055,5.05376339,1.605545521,0.016408691
5,-10245,-4688,-7845,-9841,-2532,-11844,2476,13388,-3220,-5218,-6553,-14284,-5086,11632,-18590,3937,878,-32548,2981,-5237,-62,9053,-1290,-6453,0.322580636,5.05376339,1.630246162,0.01641646
5,-9154,-2299,-10455,-9140,-1370,-11862,1731,6410,-2660,-10625,-2427,-8439,-2996,6050,-15501,-1945,-2962,-31716,2993,-8179,-1220,9866,207,-5905,0.322580636,5.05376339,1.630246162,0.016424239
5,-6716,-1029,-11896,-6580,-2401,-14739,811,1682,-1012,-10070,-2310,-6959,726,-1254,-12469,-2999,-6394,-28572,2372,-8428,-2653,13606,717,-4544,0.322580636,5.05376339,1.630246162,0.016432015
5,-2416,134,-12235,2498,-2698,-18474,1928,-5645,1355,-4537,-2293,-9256,1794,-6243,-12652,-496,-6217,-25466,2293,-6206,-3099,16327,857,-2196,0.317693055,5.05376339,1.605545521,0.016439676
5,243,1520,-12282,4710,-2080,-17848,2512,-11179,1835,2105,-967,-10853,-185,-9019,-12129,2076,-8774,-22247,2524,-3019,-3062,13302,-1378,-863,0.322580636,5.05376339,1.630246162,0.016447449
5,3344,264,-11840,6910,-1453,-15730,2415,-14073,482,7233,-254,-10648,-3361,-10684,-10872,3029,-15682,-18299,3084,-1118,-3061,11970,-2813,-1853,0.322580636,5.05376339,1.630246162,0.016455233
5,4923,-1700,-10852,9460,-1297,-14525,2257,-13894,-1977,9937,950,-9282,-5026,-12481,-8192,2813,-21761,-15890,2696,-346,-3275,9385,-4556,-2181,0.312805474,5.05376339,1.580844879,0.016462775
5,6598,-2491,-9538,14306,-2023,-14232,2450,-10884,-3073,9358,2010,-9104,-3861,-13550,-5964,2365,-25870,-14052,2307,250,-3426,6639,-6383,-2092,0.322580636,5.05376339,1.630246162,0.016470557
5,8719,-620,-7733,18540,-2748,-12895,2108,-6990,-3464,6978,3137,-8288,-1540,-14595,-4317,1872,-28089,-12161,2887,-55,-3475,4377,-7483,-2112,0.312805474,5.05376339,1.580844879,0.016478123
5,10039,2160,-6002,19131,-2897,-10935,1235,-5555,-3510,5554,2308,-8258,2464,-15518,-3087,2465,-26525,-8962,2592,-295,-3317,3375,-8319,-2786,0.322580636,5.05376339,1.630246162,0.016485924
5,11236,5592,-3265,16312,-2000,-7447,662,-4927,-3875,3871,230,-8899,5985,-16518,-1085,5019,-21345,-5969,4035,-803,-3398,3959,-7388,-2178,0.322580636,5.05376339,1.630246162,0.016493715
5,11763,6470,-1161,13105,-1356,-4393,419,-5215,-4155,2210,13,-9064,7692,-16651,1320,7083,-16912,-2192,6707,-1171,-3558,4702,-5756,-1806,0.312805474,5.043988228,1.577787161,0.01650125
5,12095,5186,1235,10234,-1030,-371,821,-7221,-3932,3705,-3,-10424,7798,-16070,4015,9053,-12562,204,7569,-490,-3301,7018,-3737,-780,0.317693055,5.05376339,1.605545521,0.016508942
5,11975,3513,2568,9490,-549,2990,825,-5190,-4276,2901,-835,-10333,6799,-15884,6046,10853,-10840,2776,7352,602,-3055,7385,-1854,-2246,0.317693055,5.043988228,1.60244,0.016516604
5,11592,1325,3947,9325,-389,6714,1375,-5594,-4461,2681,-938,-10720,6432,-15847,8352,13037,-10557,3820,5765,1305,-2601,7089,-651,-4875,0.317693055,5.05376339,1.605545521,0.016524257
5,11268,-107,4901,8967,-566,8779,1893,-4769,-5170,3059,293,-10246,7169,-15926,9876,15356,-10166,4746,4033,1689,-2219,6706,1251,-5162,0.327468216,5.043988228,1.651745796,0.016532138
5,10673,-1455,6068,9064,-129,10020,1891,-4008,-5901,3345,1039,-9894,8097,-15446,10758,19140,-8958,5397,2119,1387,-2295,6076,2498,-4675,0.327468216,5.043988228,1.651745796,0.016540037
5,9822,-2703,7586,10103,354,10894,1383,-2819,-6253,4362,1606,-9337,8707,-13894,10981,23597,-4807,7652,820,1869,-2118,7108,2731,-3556,0.312805474,5.043988228,1.577787161,0.016547577
5,9014,-2725,8264,10317,1446,10891,1005,-1579,-6541,3920,344,-8950,7541,-9475,10294,25543,-2395,10856,10,2025,-1666,6669,2160,-3283,0.317693055,5.05376339,1.605545521,0.016555233
5,7451,-2895,9234,10100,4201,14311,1308,-443,-6950,3817,-1319,-9171,7226,-4880,8629,26132,-2250,11192,-1562,1907,-936,6608,596,-3415,0.312805474,5.043988228,1.577787161,0.016562758
5,5835,-1618,9657,8644,5881,17280,2371,436,-7032,3943,-954,-9259,8919,-1107,7822,27232,-1839,9834,-1239,2370,7,7776,-1954,-2158,0.317693055,5.043988228,1.60244,0.01657041
5,2935,648,10501,3332,5178,20343,2860,1707,-6353,4073,1279,-8142,10786,1170,7932,27560,1050,8267,-1173,2228,462,7226,-4756,-2804,0.322580636,5.043988228,1.627092957,0.016578194
5,592,1550,10940,-3062,5152,20298,2298,851,-5305,2600,1794,-6835,12203,4335,8425,28769,6015,6345,-1716,1966,335,7671,-5855,-4503,0.317693055,5.05376339,1.605545521,0.016585847
5,-2524,-523,11718,-8827,4036,17520,1432,-836,-4826,3556,1877,-6146,11862,8325,8520,28360,9661,4471,-1349,1122,-42,4462,-4923,-6630,0.322580636,5.05376339,1.630246162,0.016593635
5,-4702,-2506,12348,-10279,3768,14968,783,760,-4819,5374,1287,-7503,11081,12169,8033,27164,10962,1659,-488,-546,-106,894,-4371,-5894,0.322580636,5.05376339,1.630246162,0.01660144
5,-6464,-2970,12470,-11937,4797,11614,1308,3599,-4420,6288,986,-9037,11482,14699,6767,26977,12695,-4775,1243,-1125,-354,1595,-5435,-4915,0.317693055,5.05376339,1.605545521,0.016609102
5,-8229,-1822,11105,-14122,5295,9460,2068,5949,-3642,7305,1947,-8599,12427,18085,4662,25538,17586,-13995,2954,-1697,-1220,2287,-5963,-4359,0.317693055,5.05376339,1.605545521,0.01661678
5,-9699,-879,10165,-14412,4686,9582,1683,5859,-3431,7901,2380,-7150,12262,18874,81,20709,22151,-16004,4404,-2680,-2392,4217,-4321,-5586,0.317693055,5.05376339,1.605545521,0.016624436
5,-11901,1429,7574,-14679,5915,9768,387,5267,-3321,7886,2161,-4712,9766,16211,-5523,15535,25742,-18010,4766,-3134,-2499,5278,-2166,-6175,0.317693055,5.05376339,1.605545521,0.016632101
5,-13641,2931,5095,-18566,6625,3101,-707,4423,-3162,7942,917,-3114,7171,13192,-9438,12370,24953,-15484,4079,-3745,-1818,5250,-439,-4309,0.317693055,5.05376339,1.605545521,0.016639791
5,-13909,2448,381,-24132,2759,-6873,-1233,3606,-2494,9175,-2066,-2701,3993,13681,-11141,12039,21858,-18987,3791,-4317,-1419,4905,-583,-3949,0.317693055,5.05376339,1.605545521,0.01664746
5,-13051,112,-2458,-22657,-197,-11277,-648,4929,-2201,10583,-4338,-4331,1126,16690,-13522,10330,17490,-22541,4249,-4465,-1315,5370,-1703,-4860,0.317693055,5.05376339,1.605545521,0.016655119
5,-12404,-1721,-4217,-17608,-815,-11836,660,7978,-2174,10124,-5506,-6958,-1284,17091,-16105,7838,14053,-25644,4707,-4491,-1256,5464,-2438,-5874,0.322580636,5.05376339,1.630246162,0.016662898
5,-11973,-1628,-6048,-12262,-156,-11984,1947,10027,-1976,7646,-4820,-8606,-2987,15612,-17013,4977,8977,-27744,4388,-4664,-905,6165,-2003,-5698,0.322580636,5.05376339,1.630246162,0.01667068
5,-11173,-721,-7765,-12191,-545,-12792,2339,8922,-1479,6205,-4197,-8649,-2227,12267,-16802,3813,2974,-29163,3465,-4917,-417,7311,-938,-4746,0.317693055,5.05376339,1.605545521,0.016678365
5,-9716,1050,-9479,-8615,595,-14152,2296,4727,-588,3647,-2320,-8749,625,7831,-16522,1662,-1090,-28345,1657,-5294,-31,9277,-34,-5663,0.322580636,5.05376339,1.630246162,0.016686171
5,-8164,3335,-10875,-5095,198,-15275,832,1087,-9,1325,-864,-7246,3138,2711,-15285,136,-4166,-25446,449,-5202,-517,10532,-396,-5628,0.317693055,5.05376339,1.605545521,0.016693849
5,-5390,5229,-12350,-2346,-824,-15146,-527,-952,613,-1135,-1617,-5146,3846,-2021,-13258,-720,-5757,-21571,327,-4591,-888,12290,128,-3595,0.327468216,5.05376339,1.654946923,0.016701773
5,-3098,4670,-12613,-907,-469,-14157,391,-1398,1234,-950,-1329,-4178,2722,-4679,-11726,1440,-6119,-18111,811,-3275,-1267,12218,-1131,-1700,0.332355827,5.043988228,1.676398873,0.016709778
5,-166,2255,-11999,2461,154,-12917,940,-3937,1624,2875,-10,-4786,86,-6808,-10312,2864,-7413,-14417,1290,-1543,-1464,11580,-2494,-667,0.322580636,5.05376339,1.630246162,0.016717562
5,1541,3,-11064,5821,571,-11800,584,-5238,1359,5816,-608,-6449,-3766,-8122,-9377,3580,-10011,-11529,1145,-538,-1631,9412,-4543,-454,0.312805474,5.043988228,1.577787161,0.016725101
5,2600,-1858,-10101,7741,806,-10414,422,-5826,676,6638,-1381,-6098,-5900,-8808,-7581,3764,-14720,-10115,711,139,-1905,7563,-6257,-1907,0.317693055,5.05376339,1.605545521,0.016732762
5,3481,-3303,-8949,10374,632,-9247,418,-6110,358,5100,-1227,-5519,-6015,-9128,-6216,2769,-18957,-8548,286,510,-2310,6324,-7207,-3029,0.322580636,5.043988228,1.627092957,0.016740525
5,4232,-2752,-7777,14658,-540,-9246,465,-5755,293,3202,-376,-5858,-3579,-9360,-5431,1695,-22437,-7411,641,463,-2558,5037,-7126,-3042,0.312805474,5.05376339,1.580844879,0.016748067
5,5391,931,-6029,18970,-1922,-9225,-71,-5827,120,2002,-126,-6260,334,-9677,-5188,686,-24129,-5989,1715,766,-2429,4993,-6987,-1529,0.317693055,5.043988228,1.60244,0.016755709
5,6182,4579,-4714,18354,-2277,-8369,-579,-6519,-172,1975,-690,-6624,3801,-10430,-4280,167,-23820,-4916,2711,1322,-1836,4802,-6315,-351,0.322580636,5.05376339,1.630246162,0.016763495
5,6990,7876,-2539,15778,-2395,-5896,-905,-7201,-556,2758,-1917,-7316,7550,-11046,-3140,1168,-20085,-2901,3813,1123,-1500,5065,-4331,-342,0.317693055,5.043988228,1.60244,0.016771147
5,7440,8754,-930,13532,-1945,-3693,-765,-7681,-780,3331,-2878,-7427,9392,-11410,-1139,2875,-15329,-595,5527,144,-1782,6394,-1839,-2423,0.322580636,5.043988228,1.627092957,0.016778909
5,7679,7919,1005,9614,-1469,-513,-427,-5978,-1450,4885,-1982,-7788,9476,-11284,1359,4029,-11985,1775,5108,951,-2088,7905,116,-5607,0.312805474,5.05376339,1.580844879,0.01678646
5,7682,6247,2110,7658,-1289,1730,-291,-4706,-1706,4709,-1791,-8117,8623,-10913,3973,5724,-8802,3297,2838,2059,-1771,7625,836,-6470,0.317693055,5.043988228,1.60244,0.016794126
5,7565,4224,3069,7029,-1411,3720,-182,-3043,-2071,4496,-1646,-8916,6971,-10510,5643,6672,-7333,5010,837,2779,-1512,7278,826,-4476,0.312805474,5.05376339,1.580844879,0.016801693
5,7350,1506,4175,7172,-2170,5851,-268,-1046,-2790,3281,-933,-9223,5731,-10310,7271,7236,-7098,6373,-266,3118,-1240,7083,571,-2187,0.317693055,5.043988228,1.60244,0.016809339
5,7017,-119,4908,7192,-2874,6922,-306,-358,-3353,2347,-544,-9690,5837,-10244,8301,8072,-6985,7227,-660,1999,-597,6855,216,-2195,0.312805474,5.043988228,1.577787161,0.016816864
5,6374,-1474,6062,7562,-3439,7502,-389,40,-4055,1574,-75,-10315,6422,-9808,8662,9593,-6011,7985,-1445,1993,105,10801,-1874,-4837,0.322580636,5.05376339,1.630246162,0.016824655
5,6112,-1631,6238,9437,-3960,7956,-591,-125,-4365,1467,-140,-10731,7098,-8854,8590,11073,-4197,9620,-2778,2530,1125,10695,-3243,-8334,0.322580636,5.05376339,1.630246162,0.016832449
5,5775,-987,6763,8777,-3571,8247,-557,-399,-5041,1716,20,-11209,7261,-6808,7937,11773,-2430,11486,-4000,1927,510,5121,-5355,-5754,0.322580636,5.05376339,1.630246162,0.016840255
5,5595,-896,6985,8787,-4674,8488,-232,-349,-5425,1901,-128,-11420,7030,-4189,6837,11701,-719,12962,-1654,989,-318,2233,-6425,-3158,0.317693055,5.05376339,1.605545521,0.016847925
5,5468,-394,7276,7738,-4489,10179,769,-483,-6181,1115,698,-11564,6670,-2035,6056,11723,-674,12851,505,601,-735,2540,-7574,-4303,0.322580636,5.043988228,1.627092957,0.016855685
5,4772,25,8017,5078,-3788,12969,1437,-894,-6526,1563,1187,-12081,7249,-1020,6234,12937,-1125,11383,916,714,-389,3568,-7036,-3854,0.337243408,5.05376339,1.704348445,0.016863836
5,3766,255,8587,2259,-2723,14666,2086,-861,-6815,2926,972,-12347,8998,69,7178,15495,565,10171,2167,563,-744,4573,-1850,-3131,0.327468216,5.05376339,1.654946923,0.016871735
5,1972,203,9120,-2225,-1863,15082,3369,376,-6245,4614,2351,-10918,10825,2072,8681,17819,5088,9633,3154,180,-874,5919,974,-4661,0.317693055,5.05376339,1.605545521,0.016879393
5,476,-229,9470,-6215,-1564,14373,3614,518,-5320,4779,3311,-9099,11870,6158,9490,21768,8624,8727,2727,228,-745,7316,1419,-5099,0.322580636,5.05376339,1.630246162,0.016887181
5,-1771,-1545,10003,-9650,-972,13806,2766,112,-4046,4871,3408,-7462,11920,9737,9209,23073,13740,7276,2331,-92,-746,6928,413,-4062,0.327468216,5.05376339,1.654946923,0.016895095
5,-3748,-2095,9640,-13140,-195,11542,2127,1170,-3236,5574,2454,-7048,12668,14081,8091,25302,16633,1463,2626,-656,-687,6223,-1422,-4350,0.317693055,5.05376339,1.605545521,0.016902756
5,-6244,-2813,8392,-15166,64,9465,1666,3052,-2282,6242,1283,-6016,13563,18454,3978,25596,22933,-7469,2864,-1274,-917,5717,-1581,-4874,0.322580636,5.05376339,1.630246162,0.016910527
5,-8283,-3188,7730,-13925,1278,10306,1393,3378,-1648,7094,970,-5227,10144,19594,-2667,21011,25886,-11283,3203,-1301,-1118,5655,-1115,-5258,0.317693055,5.05376339,1.605545521,0.016918186
5,-10299,-2238,5970,-13171,2974,11067,601,3850,-984,7496,616,-4330,7611,17444,-8147,16346,24344,-15299,3810,-1568,-1381,5618,-638,-5084,0.322580636,5.05376339,1.630246162,0.016925981
5,-12935,-19,2820,-13754,3187,9614,-55,4079,-512,8064,49,-4296,4793,13534,-10369,10978,20636,-13004,4152,-2067,-1588,5568,-71,-4912,0.322580636,5.05376339,1.630246162,0.016933773
5,-14223,434,375,-15698,1196,3330,-74,4549,26,9258,-948,-5200,2351,10265,-11606,11210,16201,-10215,4193,-2403,-1793,5478,99,-4784,0.317693055,5.043988228,1.60244,0.016941424
5,-14110,-1330,-1694,-15191,-343,-5604,751,6091,651,11277,-1998,-8595,-1005,11594,-12661,11459,11934,-11942,4060,-3059,-1885,5057,346,-4528,0.312805474,5.043988228,1.577787161,0.016948961
5,-13398,-3126,-2712,-12739,-2140,-9418,1312,7773,741,11775,-1933,-10307,-2772,14623,-14096,11178,7681,-15396,4362,-3579,-1499,5212,0,-4133,0.322580636,5.043988228,1.627092957,0.016956722
5,-11768,-4257,-3756,-10201,-1727,-10920,1967,10294,-140,8432,-2212,-12642,-3893,16069,-15164,9358,4200,-21622,4674,-4135,-1054,4932,9,-4022,0.317693055,5.05376339,1.605545521,0.016964385
5,-10848,-3978,-4498,-7686,-1526,-10241,2560,11113,-1113,3539,-2783,-13739,-3890,16030,-15906,4922,1752,-25152,4481,-4927,-803,4696,-726,-5074,0.317693055,5.043988228,1.60244,0.016972046
5,-9520,-2327,-6054,-5149,-3653,-9864,2576,9824,-2232,-3474,-2651,-11765,-2434,12563,-16123,1992,-587,-25671,4423,-5468,-954,4995,-1517,-5917,0.317693055,5.05376339,1.605545521,0.016979709
5,-8627,256,-7709,-5219,-2555,-9501,2143,7619,-2357,-7702,-2581,-8834,-786,6693,-13903,-2561,-3546,-25098,4298,-5805,-1048,6532,-1583,-6281,0.317693055,5.043988228,1.60244,0.016987346
5,-7070,2206,-9518,-6228,-2970,-9754,1170,3610,-1256,-9238,-2327,-4596,2257,1661,-11279,-5602,-5221,-23052,3871,-7145,-1169,8140,435,-6687,0.312805474,5.05376339,1.580844879,0.016994892
5,-3417,2471,-10356,-955,-3901,-12378,1350,-319,7,-7103,-3889,-5018,4354,-3988,-9525,-3788,-5152,-20514,2293,-7770,-1233,11554,1218,-6534,0.317693055,5.043988228,1.60244,0.017002547
5,-650,2875,-10366,1857,-3022,-12966,2877,-3995,650,-3451,-3762,-7649,2866,-7879,-9425,-1172,-3949,-17700,877,-6666,-1619,13590,1162,-5198,0.322580636,5.043988228,1.627092957,0.017010318
5,2248,1971,-10301,2087,-2316,-12379,4213,-8616,221,2473,-1711,-9896,428,-9986,-8964,1188,-5332,-15336,-9,-4700,-1701,13104,-1976,-3189,0.317693055,5.043988228,1.60244,0.017017953
5,4148,-373,-10008,2119,-1915,-11048,4093,-10679,-1119,6327,36,-8973,-3606,-10795,-7837,2324,-7935,-12621,534,-2754,-2460,11445,-4700,-1779,0.317693055,5.05376339,1.605545521,0.017025612
5,6113,-4350,-9291,3408,-1266,-9168,3284,-10746,-3401,7447,1286,-7611,-7351,-11482,-5680,2422,-11212,-10586,1726,-1760,-3273,8483,-6698,-426,0.317693055,5.05376339,1.605545521,0.017033277
5,7090,-6635,-8643,6091,-1260,-8510,3216,-9163,-4664,6286,1413,-8382,-8809,-11895,-3970,1831,-13926,-9272,3567,-1746,-3850,6352,-6731,-748,0.322580636,5.043988228,1.627092957,0.017041039
5,7802,-7314,-8001,8974,-1626,-8105,3501,-5921,-5293,4654,2442,-8457,-8307,-12324,-3192,941,-16314,-8147,4694,-1905,-4191,6073,-6009,-2713,0.322580636,5.05376339,1.630246162,0.017048832
5,8492,-5691,-7185,12734,-2890,-7378,2875,-4812,-5360,3754,2392,-8744,-6136,-12557,-3093,453,-18048,-6250,4976,-1581,-4042,6363,-5071,-3849,0.332355827,5.05376339,1.679647684,0.017056849
5,8917,-3080,-6372,14172,-3304,-6325,2165,-4655,-5381,3015,755,-9543,-2833,-13069,-3033,238,-19005,-4523,5103,-636,-3653,5501,-4454,-3685,0.322580636,5.05376339,1.630246162,0.01706465
5,9446,586,-4850,14758,-3814,-4843,1898,-5113,-5389,2820,924,-9663,318,-14044,-2628,470,-18654,-2675,4250,-229,-2845,5143,-4275,-3302,0.322580636,5.05376339,1.630246162,0.01707245
5,9755,2528,-3659,14176,-4280,-3222,1662,-6879,-5171,1787,341,-9255,2294,-14936,-1532,1265,-17348,-1205,3682,-279,-2303,4826,-3584,-3291,0.322580636,5.05376339,1.630246162,0.017080255
5,10099,3635,-1938,12049,-4493,-861,1227,-6070,-5601,3970,1750,-10286,4068,-15531,-225,2805,-15281,821,4131,-462,-2349,5981,-2122,-3495,0.317693055,5.05376339,1.605545521,0.017087936
5,10281,3256,-541,10179,-4233,1060,996,-5823,-5939,3877,1236,-9988,5084,-16002,1994,4984,-13139,2624,4309,-261,-2567,6834,-1473,-3734,0.317693055,5.05376339,1.605545521,0.017095599
5,10223,1848,1218,8498,-3877,3868,1109,-5085,-6432,5082,745,-10493,5799,-16246,4552,6612,-11377,4163,4067,616,-2635,8197,-880,-3621,0.327468216,5.05376339,1.654946923,0.017103495
5,10044,464,2519,8090,-4064,5741,1261,-3858,-6719,4922,835,-10078,6439,-16348,7021,9178,-10784,5255,3125,1709,-2302,7547,-636,-4463,0.312805474,5.05376339,1.580844879,0.017111054
5,9562,-983,3813,8095,-4460,7540,1463,-2723,-6947,4850,1443,-10095,6909,-16251,9186,12594,-9870,6671,1615,2066,-1646,6596,-763,-5749,0.322580636,5.05376339,1.630246162,0.01711884
5,8635,-2449,5653,7856,-4412,9320,1713,-1948,-7078,4082,1840,-10064,7328,-15264,10600,17212,-8247,8842,1084,2094,-1468,5290,-1278,-5244,0.327468216,5.05376339,1.654946923,0.017126761
5,8243,-3526,6392,8746,-3892,9310,2151,-1039,-7124,3035,2661,-10067,7819,-12050,11704,20670,-6244,12438,1060,1816,-1611,4038,-2052,-3746,0.322580636,5.05376339,1.630246162,0.017134547
5,7352,-4301,7736,8391,-1998,10681,2494,-774,-7428,2756,3839,-9411,8075,-6549,11430,24614,-3323,14969,517,1377,-1633,4556,-2300,-2759,0.322580636,5.05376339,1.630246162,0.017142329
5,6356,-4742,8796,8719,-1848,13003,2757,-932,-7694,3570,4219,-9440,7986,-1907,10028,26390,-1602,16595,-27,1107,-1154,6990,-1867,-2927,0.322580636,5.043988228,1.627092957,0.017150102
5,4096,-3899,10271,7672,-444,16870,2996,-858,-7918,5057,4536,-9489,9459,3481,9360,26403,44,14838,915,948,-584,10938,-558,-4438,0.322580636,5.05376339,1.630246162,0.017157897
5,1998,-2530,10982,4534,-210,18158,2860,-132,-7438,7182,3610,-10090,11635,7259,8543,26485,3212,11742,484,2612,-44,10435,-2577,-7115,0.317693055,5.05376339,1.605545521,0.017165568
5,-412,-917,11287,-1617,507,17703,3082,1882,-5701,10063,4212,-9422,13673,11225,8880,27254,7262,8574,-1526,1573,331,3658,-5170,-7488,0.312805474,5.05376339,1.580844879,0.017173121
5,-3685,-423,10867,-14372,982,16130,2417,3150,-4332,9074,3547,-8653,13942,14917,10222,29460,13780,3204,-1003,-146,-56,779,-5857,-4226,0.322580636,5.043988228,1.627092957,0.017180894
5,-6386,-2804,11278,-17153,241,10889,1542,1138,-3227,9367,1785,-6960,14025,19885,9656,31023,17027,-3969,1440,-1288,-686,1444,-6056,-2917,0.312805474,5.05376339,1.580844879,0.017188439
5,-9620,-4510,11305,-16497,2157,7118,1433,1119,-2696,10528,1487,-6080,13808,23611,4658,32406,21561,-15118,3172,-1449,-1308,2987,-4717,-4009,0.312805474,5.043988228,1.577787161,0.017195988
5,-11839,-4174,10658,-14429,5317,9304,1237,2888,-1681,10418,1207,-4864,11316,25059,-3741,29969,23671,-23223,4327,-1711,-1770,5032,-204,-5663,0.317693055,5.05376339,1.605545521,0.017203664
5,-14960,-1015,8150,-14395,9898,9085,622,4480,-489,10127,1165,-3380,9793,19695,-11433,20264,22744,-24209,4158,-1934,-1935,7052,1458,-5764,0.322580636,5.043988228,1.627092957,0.017211445
5,-16856,1454,4502,-18727,10406,2347,-451,6111,594,9732,-120,-3341,7613,15656,-14795,17357,17975,-23810,3208,-1861,-1793,7130,1663,-5028,0.317693055,5.043988228,1.60244,0.017219102
5,-16683,2375,-1247,-21706,3333,-10058,-501,8914,1660,10601,-2276,-7223,5539,15849,-16158,16065,12737,-25025,2619,-2253,-1719,5311,656,-4185,0.337243408,5.043988228,1.701051831,0.017227223
5,-14733,892,-4127,-18718,-2467,-13268,166,12515,1539,9500,-3188,-12314,229,18101,-17129,11944,11661,-24989,2832,-3430,-1724,3146,-1904,-5349,0.337243408,5.05376339,1.704348445,0.017235367
5,-12889,-1262,-5651,-14453,-3550,-12038,951,18033,-256,4613,-3630,-16376,-4482,16163,-16402,8948,6873,-27709,3667,-4590,-1680,2622,-3373,-6563,0.322580636,5.05376339,1.630246162,0.017243173
5,-11413,-3786,-6993,-10335,-1885,-11021,1538,17498,-1437,-1531,-3954,-16109,-5582,13539,-15662,4795,774,-27528,4190,-5130,-1771,2433,-3927,-6535,0.322580636,5.043988228,1.627092957,0.017250963
5,-9987,-4333,-7962,-9959,-1744,-12026,2260,9795,-883,-8987,-3527,-11470,-3616,8624,-13446,1767,-2586,-27491,4981,-6227,-1916,3539,-3951,-6485,0.317693055,5.05376339,1.605545521,0.017258622
5,-7667,-3728,-9162,-5553,-2165,-13151,1874,4390,-15,-10581,-2282,-7187,-314,3641,-10978,-1373,-4287,-25289,5747,-7888,-1965,5652,-2248,-7916,0.312805474,5.043988228,1.577787161,0.017266175
5,-5576,-1685,-10077,-1898,-2472,-14096,1600,-1938,664,-6670,-2998,-5694,2381,-1497,-10747,-2006,-4176,-23948,6054,-8180,-2420,9582,431,-7878,0.317693055,5.043988228,1.60244,0.017273838
5,-2645,1429,-10899,2022,-2700,-14791,2988,-6674,759,-1864,-3256,-7932,3474,-4586,-11420,-162,-3475,-21399,6360,-7267,-2707,12740,3041,-8041,0.317693055,5.043988228,1.60244,0.017281504
5,-368,2376,-11353,2645,-2655,-14348,4301,-10730,-287,5041,-2654,-10563,1510,-7616,-11661,776,-5545,-18179,4543,-5648,-2451,13090,5703,-6822,0.322580636,5.05376339,1.630246162,0.017289307
5,2401,540,-11192,3299,-2333,-12852,4633,-11333,-1588,7976,-1428,-9519,-2106,-10079,-10470,1583,-8340,-15485,1893,-3900,-2070,13917,5776,-5582,0.317693055,5.05376339,1.605545521,0.017296979
5,4110,-2005,-10702,4312,-1719,-12053,4592,-10304,-2908,8110,-261,-8284,-5141,-11365,-8362,2893,-11623,-14096,-1422,-1379,-1946,11663,3022,-3849,0.322580636,5.05376339,1.630246162,0.017304754
5,5491,-4111,-10218,6272,-1170,-11242,4517,-7421,-4258,6523,1120,-7339,-6556,-11754,-6227,3118,-14745,-12574,-3163,-244,-2011,10687,-65,-3881,0.317693055,5.05376339,1.605545521,0.017312421
5,6992,-4960,-9420,9641,-952,-9851,4244,-5365,-4890,5080,1859,-7950,-6388,-12282,-5358,2459,-17145,-10806,-3252,718,-2540,9559,-4921,-3829,0.317693055,5.05376339,1.605545521,0.017320102
5,7922,-3959,-8578,11895,-1148,-8844,3356,-3758,-5194,2868,2093,-7995,-4672,-13099,-4637,2197,-18806,-8974,-1482,1756,-2867,6386,-8497,-2225,0.317693055,5.05376339,1.605545521,0.01732778
5,8974,-1264,-7022,13237,-1648,-7404,2783,-4215,-5315,1923,1806,-7740,-1906,-14129,-3881,2212,-19447,-7502,1530,2454,-2863,3848,-11273,-746,0.322580636,5.043988228,1.627092957,0.017335551
5,9675,857,-5666,12843,-1684,-6132,1713,-5959,-5409,719,305,-7390,298,-14781,-2646,3111,-18438,-5460,3736,1105,-3008,1554,-11289,-562,0.322580636,5.05376339,1.630246162,0.01734335
5,10392,2841,-3813,11447,-1532,-4619,2082,-8056,-5329,1659,1525,-8036,2787,-15139,-1399,4367,-16165,-2950,5607,235,-3245,3670,-9623,-3040,0.317693055,5.05376339,1.605545521,0.017351007
5,10731,3352,-2477,10348,-1410,-3126,1341,-6558,-5787,2665,1171,-8439,4214,-14726,493,5514,-13488,-694,7638,338,-3677,5528,-7088,-3174,0.322580636,5.05376339,1.630246162,0.017358789
5,10956,3140,-737,8935,-1156,-957,1376,-6649,-5917,3193,1656,-8943,4419,-13900,2491,6422,-11629,1015,9049,406,-4365,6766,-5334,-2891,0.317693055,5.05376339,1.605545521,0.017366448
5,11035,2490,560,8067,-1140,814,1103,-5994,-5918,3636,1566,-9347,4300,-13324,4364,6800,-10312,2813,10823,254,-4915,5859,-1470,-5138,0.322580636,5.05376339,1.630246162,0.017374227
5,10996,1643,1831,7657,-1238,3061,657,-5306,-5988,3216,2101,-9484,4451,-12951,5691,7123,-9660,4011,9379,501,-4539,5809,1492,-7477,0.317693055,5.05376339,1.605545521,0.017381886
5,10732,491,3326,7215,-1578,6284,510,-4963,-6226,3770,2322,-9749,5359,-13378,7400,7858,-8943,4915,6331,1490,-3002,5941,2095,-7422,0.322580636,5.043988228,1.627092957,0.017389657
5,10307,-266,4362,6996,-1372,8624,387,-4228,-6675,3845,2769,-9621,7005,-14217,9155,10434,-8245,5366,3167,1563,-2492,6257,2959,-5006,0.317693055,5.05376339,1.605545521,0.017397333
5,9269,-1015,5886,8120,-1966,11290,242,-3558,-6775,4699,3265,-9403,8453,-14925,10685,14333,-7017,5897,1831,1147,-2146,7308,1438,-3191,0.327468216,5.05376339,1.654946923,0.017405255
5,8179,-787,6985,8071,-2595,12071,-48,-2659,-6856,4823,3656,-8894,10010,-15146,11396,19578,-4285,7213,260,1474,-952,8504,461,-1729,0.322580636,5.043988228,1.627092957,0.017413022
5,6822,-733,8552,7531,-1030,12275,-134,-1723,-6867,4540,3571,-9096,10778,-12324,11226,24928,116,10507,-1316,1855,-218,8418,253,-1564,0.317693055,5.05376339,1.605545521,0.017420702
5,5758,-789,9530,6471,1467,12567,89,-537,-6957,3340,4080,-9203,9705,-5630,9559,28065,5027,16299,-1862,1204,-44,6851,595,-6379,0.312805474,5.05376339,1.580844879,0.017428245
5,4163,-924,10114,4671,3083,14101,46,227,-7038,3449,4187,-9739,8364,1731,6816,28164,4927,14690,-3051,723,259,6097,-783,-6199,0.322580636,5.043988228,1.627092957,0.017436005
5,1284,-223,10886,328,3329,18266,192,1444,-6879,4144,3810,-9776,10081,6398,5481,27455,4517,11139,-3344,768,581,4755,-4174,-4081,0.322580636,5.05376339,1.630246162,0.017443789
5,-1180,383,11195,-4594,1826,19297,652,2586,-5774,5361,3855,-8809,12722,10533,5294,26998,8103,7275,-2572,521,783,4066,-7007,-2297,0.322580636,5.043988228,1.627092957,0.017451545
5,-4340,-285,11391,-12056,138,17732,531,1913,-4762,5939,3237,-8268,13091,14331,6228,26458,12010,4027,623,31,-46,5008,-8415,-3285,0.312805474,5.05376339,1.580844879,0.017459087
5,-6851,-1621,11382,-16257,-55,13454,381,1682,-3381,7933,1802,-9355,12383,18568,7159,28128,14945,-621,3174,-405,-1140,4948,-6069,-3702,0.317693055,5.043988228,1.60244,0.017466748
5,-9267,-2810,10840,-16884,-562,6356,551,3796,-2450,8893,1237,-9962,14066,22541,5816,29559,15739,-8726,4766,-914,-2435,4621,-3581,-4105,0.317693055,5.05376339,1.605545521,0.017474437
5,-10666,-2832,10099,-15662,219,7402,967,5620,-1377,10086,1737,-9154,13704,25370,-3,29716,20614,-22149,6044,-1438,-2846,5363,-2343,-4777,0.317693055,5.043988228,1.60244,0.017482096
5,-13493,244,8609,-14123,5428,11915,870,6409,-625,10097,2571,-8018,13333,23401,-7110,22100,19128,-24007,6445,-1751,-2931,5923,-168,-5526,0.317693055,5.043988228,1.60244,0.017489746
5,-15727,2518,6058,-16635,9141,9506,-237,6889,212,9496,2394,-6264,13529,16309,-12765,14895,19639,-22841,6369,-1690,-2934,6510,320,-6143,0.317693055,5.05376339,1.605545521,0.017497409
5,-17825,3917,2769,-20238,8174,2147,-1025,6927,882,10084,1473,-6136,10510,12056,-15294,15480,20075,-19265,6232,-1348,-2558,6774,958,-5757,0.317693055,5.05376339,1.605545521,0.017505076
5,-18201,2840,-1274,-20746,6072,-8738,-973,7414,1767,11632,450,-7840,4218,11152,-16520,19294,12953,-18216,5796,-1398,-2163,5794,1631,-4493,0.312805474,5.05376339,1.580844879,0.017512621
5,-17350,402,-3499,-19007,4894,-12361,-95,10940,2439,13720,422,-11439,-1692,14142,-16251,20561,7185,-21078,5243,-2291,-1664,4572,1650,-4298,0.327468216,5.043988228,1.651745796,0.01752051
5,-15526,-2842,-5460,-16619,2815,-15203,522,15453,1799,10504,766,-13911,-4910,16684,-14728,19034,2643,-26417,4597,-3572,-1361,4679,1211,-5337,0.322580636,5.05376339,1.630246162,0.017528279
5,-13424,-4364,-6290,-12175,1911,-15549,1034,17006,207,3636,325,-15193,-3660,18027,-14774,13204,-2217,-32651,4316,-4237,-912,5270,343,-6875,0.317693055,5.05376339,1.605545521,0.017535942
5,-10876,-2419,-7734,-6653,535,-14555,1037,14958,-617,-2543,-368,-14607,1261,14754,-16374,4705,-3345,-31774,3486,-4287,-404,6106,-949,-6380,0.317693055,5.05376339,1.605545521,0.017543621
5,-9617,451,-9764,-6297,-947,-12169,27,10528,-1034,-12865,-2383,-11463,2169,6554,-15010,527,-1782,-27699,2769,-4072,-214,5441,-1986,-5702,0.317693055,5.05376339,1.605545521,0.017551297
5,-6685,796,-11650,-5760,-2058,-12543,97,7048,-857,-17299,-2467,-6914,1824,-453,-11867,-1925,-4797,-24289,2690,-4704,-664,4654,-1631,-5597,0.312805474,5.05376339,1.580844879,0.017558828
5,-3499,22,-11955,-702,-2306,-13399,530,1666,-34,-14740,-2599,-5395,2048,-4429,-10760,-43,-5619,-21002,2431,-5936,-1028,6161,-609,-5813,0.322580636,5.05376339,1.630246162,0.017566603
5,-880,0,-11561,2598,-1741,-13345,3612,-9474,2090,-4987,-1809,-9700,301,-8067,-10692,1557,-5389,-17842,1796,-6410,-1126,7692,-298,-6178,0.332355827,5.05376339,1.679647684,0.017574655
5,1800,-227,-11144,3874,-843,-11855,4504,-15574,2603,3562,591,-12325,-2217,-10742,-10518,2903,-7040,-15202,1598,-6458,-1078,9164,-458,-6520,0.342130989,5.05376339,1.729049087,0.017582916
5,3416,-946,-11068,4309,-753,-10709,3248,-16669,171,10754,2764,-10899,-3340,-11855,-9429,4523,-9177,-13760,1837,-5906,-1411,11372,-1178,-4581,0.317693055,5.05376339,1.605545521,0.017590573
5,5043,-1673,-10712,5902,-936,-10280,2912,-14843,-2465,12607,3128,-8974,-3885,-11976,-8162,4136,-11544,-11732,3036,-4331,-2094,12801,-2961,-2743,0.317693055,5.05376339,1.605545521,0.017598253
5,5956,-1686,-10294,7813,-1372,-9658,3187,-10367,-5145,11659,3258,-7176,-3837,-12049,-7387,2683,-13460,-9626,3325,-2328,-2603,11629,-4901,-1010,0.322580636,5.05376339,1.630246162,0.017606059
5,7072,-951,-9310,9627,-2248,-8276,3204,-6559,-5700,10007,2703,-7507,-3188,-12400,-6419,1693,-15084,-7606,3253,-1006,-2882,9368,-5255,365,0.317693055,5.05376339,1.605545521,0.017613724
5,7633,119,-8299,10414,-2615,-7144,2210,-2677,-5676,7928,1522,-7542,-1670,-12998,-5260,715,-15932,-6287,3249,-129,-3185,8419,-5975,155,0.317693055,5.05376339,1.605545521,0.017621389
5,8087,1577,-6959,11512,-3450,-5748,2217,-2087,-5720,6363,970,-7175,-37,-13621,-4195,-7,-16035,-4260,3305,484,-3203,7382,-6285,-481,0.317693055,5.05376339,1.605545521,0.017629055
5,8536,3572,-4988,12082,-4163,-3940,1674,-3432,-5730,2670,1418,-6892,2045,-14662,-3455,173,-15285,-2447,3119,437,-3206,5836,-7024,-2496,0.317693055,5.043988228,1.60244,0.017636737
5,8805,4565,-3301,11560,-4622,-2653,1537,-5546,-5347,5607,3921,-8482,3810,-15583,-2299,820,-14174,-396,3439,415,-3233,5044,-6382,-5418,0.322580636,5.05376339,1.630246162,0.017644532
5,8715,4813,-925,10213,-4974,-683,999,-1932,-6042,4812,2846,-7358,5156,-16154,-606,1929,-13206,1321,3759,82,-3400,3894,-4854,-5819,0.317693055,5.05376339,1.605545521,0.017652197
5,8350,4193,682,8789,-4863,599,1291,-3227,-5940,5471,1278,-7830,5969,-16387,1562,3603,-11747,3406,4811,-21,-3645,4437,-2272,-5296,0.312805474,5.043988228,1.577787161,0.017659733
5,7568,2622,2562,7898,-5237,1810,1218,-2078,-5750,6171,1953,-7780,6758,-15958,3312,5783,-10434,5256,5273,1031,-3593,5665,-599,-4944,0.317693055,5.05376339,1.605545521,0.01766742
5,6956,1591,3579,7182,-5115,2169,709,-920,-5308,6404,1202,-8418,7254,-14280,5620,7847,-9106,7212,4126,1927,-2968,6863,-52,-3671,0.312805474,5.043988228,1.577787161,0.017674953
5,6388,186,4792,6161,-5467,2223,859,360,-5286,6026,718,-8701,7041,-10978,7354,8761,-7910,10460,2966,2682,-2202,7711,370,-2930,0.312805474,5.05376339,1.580844879,0.017682517
5,6260,-1158,5570,5728,-5766,2559,1432,920,-5445,3778,360,-9509,6682,-6693,8582,9424,-6504,12150,780,2388,-1426,6782,1760,-3239,0.317693055,5.043988228,1.60244,0.017690182
5,6191,-2658,6349,5325,-6341,3473,2141,417,-5760,2572,432,-10024,6276,-3636,9197,9067,-4776,13124,-504,2218,-1121,6960,2309,-4147,0.312805474,5.043988228,1.577787161,0.017697733
5,6387,-4151,6683,5830,-6890,5941,3012,-669,-6095,1527,835,-10805,5846,-826,10111,8559,-3842,11947,-1739,2383,-689,7207,2092,-3824,0.317693055,5.05376339,1.605545521,0.017705405
5,6389,-4556,7036,5771,-6561,8592,3642,-1854,-6657,1603,1723,-11407,6542,254,11133,9505,-3844,10067,-2776,2869,390,9022,-914,-3182,0.307917893,5.043988228,1.553134203,0.017712805
5,6269,-5130,7714,5115,-6699,11787,4483,-2597,-7408,2160,3019,-11863,6701,-173,12287,11360,-2574,10111,-2839,2504,922,7640,-2952,-6642,0.317693055,5.043988228,1.60244,0.017720463
5,5642,-5756,8754,4128,-4969,13258,5492,-2732,-8406,3105,5111,-11867,6264,-667,13623,16144,-733,10291,-2887,1097,625,2345,-5730,-8653,0.317693055,5.05376339,1.605545521,0.017728122
5,4266,-6214,10399,113,-2581,13802,5887,-2567,-8402,3788,6818,-10494,6091,269,16069,22163,953,11153,-2078,-404,-6,145,-9490,-4723,0.317693055,5.043988228,1.60244,0.017735768
5,2783,-7128,11273,-5422,-1026,13714,5369,-1805,-6978,6169,8614,-9475,6759,3871,18560,26675,3588,11090,1709,-1115,-895,-728,-9320,-3769,0.307917893,5.05376339,1.556144118,0.017743202
5,623,-11281,12930,-11208,-522,13777,4249,-1572,-5397,6672,8116,-7242,6395,8128,20892,32389,8655,9574,4369,-1493,-1709,2201,-4485,-5364,0.327468216,5.05376339,1.654946923,0.01775109
5,-1083,-13184,14085,-7700,992,11061,3166,-715,-3450,6465,5653,-5007,8548,12320,20331,32406,10642,3981,4876,-1499,-2558,5918,1506,-6340,0.337243408,5.043988228,1.701051831,0.017759206
5,-2630,-11200,13919,-6064,3866,12162,2548,856,-2659,7206,4023,-3799,13863,16847,15447,32406,12723,-4242,4153,-1957,-1470,8426,3531,-6731,0.327468216,5.043988228,1.651745796,0.017767128
5,-5742,-5335,13138,-4591,8211,18360,1433,2424,-1774,8668,2133,-2219,17019,18505,7095,32406,16216,-15245,3717,-1924,-666,8585,3644,-6161,0.317693055,5.05376339,1.605545521,0.017774798
5,-9181,-341,11744,-5688,13534,21655,69,2870,-722,9602,1181,-434,17414,15804,-2902,27460,19597,-15669,3002,-1926,-664,6824,866,-5586,0.327468216,5.05376339,1.654946923,0.017782705
5,-13228,5006,7689,-13889,13563,13342,-1482,3331,235,10573,-149,-1011,16295,11300,-8814,18462,18982,-12522,3404,-2746,-1153,5707,-1444,-5088,0.317693055,5.05376339,1.605545521,0.01779037
5,-14563,6868,3725,-18038,6780,2359,-2117,6368,985,12015,-2734,-6850,13444,9435,-12766,15294,16523,-13079,4378,-4110,-1990,3971,-4023,-4992,0.317693055,5.05376339,1.605545521,0.017798055
5,-13980,5287,-562,-19597,-743,-7618,-858,10442,1036,11621,-3893,-13221,8806,12314,-14393,12648,13695,-13299,5495,-6082,-2574,3123,-4891,-6079,0.312805474,5.05376339,1.580844879,0.017805617
5,-12945,2103,-2752,-18311,-3346,-9028,1460,16233,-616,8630,-2956,-18135,2946,14599,-14986,10724,11274,-16469,6620,-7092,-2698,2955,-4755,-6301,0.322580636,5.05376339,1.630246162,0.017813403
5,-11981,-1104,-3874,-14063,-3670,-8336,2296,17242,-2438,3121,-2220,-17394,-252,15028,-15175,7748,7090,-19803,6243,-7645,-1749,4257,-2718,-5965,0.317693055,5.05376339,1.605545521,0.017821066
5,-11138,-3188,-4436,-10599,-3594,-8105,2493,11943,-3204,-4287,-2551,-13791,-1319,13815,-15028,3270,3333,-20631,5000,-8024,-443,7258,-486,-6003,0.317693055,5.05376339,1.605545521,0.017828723
5,-10590,-3746,-4780,-9605,-4159,-8020,2213,6971,-2343,-6766,-2103,-10388,-891,10715,-14425,1154,2251,-18514,3525,-6999,728,9627,1090,-7175,0.322580636,5.05376339,1.630246162,0.01783652
5,-9381,-2405,-5849,-5667,-3285,-8384,1534,2260,-282,-5505,-1091,-6685,-91,7541,-13669,362,859,-18490,2224,-6321,771,10673,3237,-8126,0.317693055,5.05376339,1.605545521,0.017844183
5,-8554,-507,-6565,-4242,-3410,-8456,1691,-744,1276,-1745,-993,-6354,1125,5241,-12800,-1073,-354,-16941,-79,-5933,48,13981,3628,-7185,0.317693055,5.05376339,1.605545521,0.017851854
5,-7236,1823,-8038,-3039,-3674,-8841,2320,-3777,1805,1504,-553,-6922,1846,1990,-11992,-1288,-1541,-15416,-1381,-3212,-1768,16323,561,-5712,0.317693055,5.05376339,1.605545521,0.017859519
5,-5667,2288,-8705,-2622,-3707,-9288,3469,-6454,798,5378,-478,-7964,1934,-269,-10890,-1595,-2655,-13626,-1238,-230,-3081,12603,-918,-3458,0.312805474,5.05376339,1.580844879,0.017867075
5,-3698,1535,-8955,-1898,-3389,-9039,3852,-7061,-136,7585,433,-7437,955,-2181,-9528,-1752,-2848,-12043,430,1324,-3398,8939,-3800,-933,0.317693055,5.05376339,1.605545521,0.017874723
5,-2407,331,-8851,-1304,-3103,-8523,3623,-6623,-1700,9044,1321,-6254,-93,-3254,-8298,-1444,-3033,-10463,1821,2659,-2727,6520,-6536,-39,0.322580636,5.043988228,1.627092957,0.017882518
5,-1350,-885,-8652,-369,-2654,-8092,3251,-5151,-2953,9071,1739,-5842,-1397,-4214,-7683,-1036,-2962,-9470,2460,624,-2198,2045,-8410,435,0.312805474,5.05376339,1.580844879,0.017890068
5,-218,-2111,-8373,1155,-2515,-8007,2214,-1880,-3794,7099,1691,-6159,-2610,-4702,-7353,-961,-3577,-8877,2667,-890,-2219,2409,-9741,-621,0.312805474,5.05376339,1.580844879,0.0178976
5,503,-2625,-8128,1829,-2536,-8167,1387,376,-3928,5578,843,-6476,-3681,-4926,-7207,-970,-4378,-8719,2188,-872,-2662,4941,-9125,-3189,0.317693055,5.043988228,1.60244,0.017905237
5,1491,-3140,-7766,3534,-3035,-8656,1127,1497,-4068,3218,218,-6765,-4262,-4855,-7209,-1740,-6463,-8999,2816,42,-2979,5623,-8077,-3794,0.317693055,5.05376339,1.605545521,0.017912919
5,2121,-3115,-7384,4560,-3348,-8340,1400,889,-4043,114,238,-7294,-4676,-5495,-7060,-3375,-8027,-9080,4729,-92,-3284,5046,-5572,-3910,0.317693055,5.05376339,1.605545521,0.017920593
5,2915,-2811,-6952,5641,-4238,-7660,1738,-1185,-3482,-1077,-966,-7033,-4619,-6820,-6399,-4560,-10154,-9084,6223,269,-3737,5080,-2374,-4662,0.322580636,5.05376339,1.630246162,0.017928382
5,3638,-2397,-6537,6768,-4882,-8154,1973,-1707,-3551,75,762,-7195,-3873,-8415,-5400,-4719,-12037,-9550,6491,863,-3629,5390,-368,-5615,0.322580636,5.05376339,1.630246162,0.017936172
5,5015,-1120,-5846,8560,-5167,-9352,1765,-3947,-3381,522,656,-6742,-2931,-9697,-4167,-4690,-14780,-9571,5535,1380,-3240,6406,433,-6256,0.317693055,5.043988228,1.60244,0.017943833
5,6195,-491,-5181,8622,-5770,-8909,1574,-5942,-3695,1808,790,-8509,-1997,-10706,-2820,-4821,-16600,-8884,3713,2397,-2924,7947,911,-5421,0.307917893,5.043988228,1.553134203,0.017951252
5,7627,-880,-4215,9348,-6585,-7833,1839,-6013,-4430,1965,738,-9273,-1732,-12093,-961,-4787,-16825,-7442,1448,2995,-2667,8177,636,-4191,0.312805474,5.043988228,1.577787161,0.017958781
5,9467,-1122,-2925,10259,-6658,-6017,2331,-6012,-5609,2392,1993,-9977,-938,-13573,967,-4268,-16787,-6045,301,2956,-2808,7598,-108,-3460,0.312805474,5.05376339,1.580844879,0.017966371
5,10556,-934,-2076,10317,-6432,-4276,2625,-5934,-6430,3015,3352,-10597,60,-15482,2812,-2723,-16178,-4822,-131,3360,-2893,6861,-529,-3429,0.312805474,5.043988228,1.577787161,0.017973918
5,11674,-799,-845,10734,-6451,-1699,2811,-4900,-7421,3551,4735,-11614,1368,-17003,3939,-191,-14755,-3327,910,1978,-1001,9384,-2253,-4862,0.312805474,5.05376339,1.580844879,0.017981494
5,12322,-573,22,11064,-6388,220,2699,-4036,-7888,3931,5677,-12451,2404,-18884,5305,3478,-13878,-2058,1420,508,-755,7510,-3435,-11114,0.317693055,5.05376339,1.605545521,0.017989168
5,12766,70,1452,10635,-5778,2743,2502,-3337,-8304,3984,6397,-12403,4040,-20509,6925,6277,-14160,-111,-189,1071,-1323,1845,-10551,-4554,0.322580636,5.05376339,1.630246162,0.017996958
5,12595,408,2879,9906,-6440,4680,2727,-2154,-8699,3658,7805,-11095,5814,-21749,8814,10829,-13508,1010,131,613,-1068,1326,-10223,153,0.322580636,5.05376339,1.630246162,0.018004734
5,11861,1026,5006,7700,-5604,5957,2436,-1775,-8680,4137,7684,-10551,9031,-21284,10652,17618,-12071,3028,962,870,-977,2118,-7416,-2007,0.322580636,5.05376339,1.630246162,0.018012539
5,11200,974,6876,6544,-3653,6440,2314,-610,-8062,4927,4384,-10562,12123,-17996,11618,25270,-7784,7205,2787,314,-1113,4222,-736,-2086,0.327468216,5.05376339,1.654946923,0.018020449
5,9982,618,8390,4632,69,8045,3019,-344,-7234,5139,3342,-10390,13629,-10146,12256,31553,1013,13934,3125,-109,-633,9117,3741,-4846,0.317693055,5.05376339,1.605545521,0.018028108
5,7445,-484,9518,878,3889,13939,4415,953,-5682,6240,3916,-9695,11438,-195,12040,32402,6796,16121,2919,637,-36,11121,7250,-6726,0.317693055,5.05376339,1.605545521,0.018035809
5,4118,-1666,10401,-3092,2565,18956,4588,1304,-4212,6659,5915,-6586,11110,4450,11299,31870,7244,12468,763,330,-501,8345,2417,-5856,0.322580636,5.043988228,1.627092957,0.018043587
5,-266,-2975,11315,-6282,303,20056,2497,-3174,-2667,8670,4318,-4256,12952,8269,10040,31194,10557,7498,640,-482,-1869,7417,-326,-3980,0.317693055,5.05376339,1.605545521,0.018051257
5,-3469,-2910,11776,-10637,2256,17119,1134,-3019,-1534,10606,2202,-4881,13837,12343,8470,32402,14217,1531,2071,-756,-2502,6004,-3127,-3456,0.317693055,5.05376339,1.605545521,0.018058931
5,-6787,-2445,10715,-14803,4342,11568,207,364,-420,12029,1349,-4303,15386,18339,5326,32402,15714,-4740,3363,-687,-2046,4290,-4380,-2948,0.317693055,5.05376339,1.605545521,0.018066604
5,-8822,-1659,9309,-14304,4879,10817,-208,3126,401,11991,489,-3764,16368,20979,-348,29932,14994,-14707,4821,-490,-928,4229,-4172,-2156,0.327468216,5.05376339,1.654946923,0.018074522
5,-11984,-79,7837,-9259,6651,14107,-183,5303,726,11542,796,-4596,14752,20820,-5833,22154,18366,-20277,4969,-1174,-549,5327,-2697,-1809,0.317693055,5.05376339,1.605545521,0.0180822
5,-14115,2516,5423,-11213,6979,9551,-557,8974,1251,9548,1191,-6114,11296,15594,-12062,13089,18987,-15357,4498,-1405,-582,6513,-978,-1439,0.317693055,5.05376339,1.605545521,0.01808985
5,-14784,3848,2172,-13648,3446,434,-914,10904,1742,8231,617,-8750,6840,11581,-14496,10766,14465,-16361,4012,-1869,-953,6904,-689,-2696,0.317693055,5.05376339,1.605545521,0.018097524
5,-13567,2745,-1582,-17300,-398,-8308,-867,13077,1726,7303,-548,-12794,3838,12234,-15978,10024,10116,-18477,4757,-3201,-1383,6068,-650,-4306,0.332355827,5.043988228,1.676398873,0.01810554
5,-11835,991,-3535,-15437,-1750,-10721,-472,15169,824,5522,-807,-14823,838,13371,-16628,8202,6882,-22469,6066,-3979,-1462,5757,412,-6259,0.332355827,5.05376339,1.679647684,0.018113561
5,-9980,-623,-5064,-10565,-1855,-10785,156,15138,-1107,-978,-1001,-15283,-1033,12663,-17492,3264,5608,-22733,5800,-4112,-1145,5247,1152,-6404,0.322580636,5.05376339,1.630246162,0.018121362
5,-8630,-390,-6347,-8870,-3883,-10661,496,11860,-2314,-7487,-1624,-13116,-1866,10007,-17063,2521,2073,-23751,4807,-3946,-188,4562,561,-5827,0.312805474,5.05376339,1.580844879,0.018128918
5,-6943,1104,-8122,-5983,-4309,-9303,673,7420,-2485,-12472,-656,-8564,-861,6232,-15617,-1291,-1617,-21721,3350,-4043,617,3665,-1303,-5795,0.312805474,5.05376339,1.580844879,0.018136481
5,-5851,2204,-9156,-5907,-4353,-8042,-46,-132,-685,-10822,489,-3131,536,2262,-13498,-4744,-2913,-18177,2192,-4851,1266,3703,-3010,-5701,0.317693055,5.05376339,1.605545521,0.018144161
5,-4353,2074,-9966,-4484,-4229,-7955,38,-6305,768,-5731,-372,-4182,1173,-2558,-10090,-4622,-5235,-15770,1202,-5701,1521,5697,-3580,-5522,0.322580636,5.043988228,1.627092957,0.018151937
5,-1490,1120,-9809,942,-3761,-9430,1702,-11509,2278,2985,-935,-10956,1669,-5930,-8653,-3208,-5778,-14436,341,-6173,1699,8992,-2942,-5057,0.317693055,5.05376339,1.605545521,0.018159593
5,610,1071,-9164,4392,-3376,-10717,1534,-12834,2354,9961,416,-11677,355,-8083,-8669,-1584,-6485,-12773,-835,-5442,1393,11731,-1951,-4788,0.317693055,5.05376339,1.605545521,0.018167274
5,2810,387,-8416,5738,-3786,-10758,143,-12843,312,13018,320,-7151,-2623,-8784,-8241,-497,-9754,-10427,-1501,-3540,350,12314,-1585,-4421,0.312805474,5.05376339,1.580844879,0.018174844
5,4031,-1155,-7848,5955,-3916,-9874,680,-9935,-1818,12331,180,-6336,-4755,-8981,-6569,-1558,-13707,-8563,-1428,-2628,-647,11661,-2675,-2996,0.317693055,5.05376339,1.605545521,0.018182511
5,5171,-3437,-6784,7787,-4568,-8527,1953,-4677,-3546,8184,1421,-7102,-5537,-9577,-4139,-2807,-16148,-7292,-334,-1980,-2219,10633,-3957,-1733,0.312805474,5.05376339,1.580844879,0.018190054
5,5943,-4005,-5886,10384,-5020,-7887,1923,-1882,-3946,5760,2031,-7763,-4361,-10354,-2383,-3599,-17748,-6128,1125,-1131,-3412,9599,-4328,-759,0.312805474,5.043988228,1.577787161,0.018197618
5,6775,-2591,-4562,13580,-5285,-6799,1105,-731,-3981,4478,1936,-8495,-3072,-11062,-1573,-3462,-18310,-4790,1984,-297,-3792,8618,-4623,-118,0.322580636,5.05376339,1.630246162,0.018205399
5,7218,-298,-3458,14749,-5455,-5496,-366,-2450,-3627,1511,-200,-8295,-401,-12076,-1479,-2938,-18210,-3224,3297,989,-3572,7146,-5740,1019,0.322580636,5.05376339,1.630246162,0.018213196
5,7491,2190,-2411,14507,-5385,-3885,-61,-3994,-3596,3536,611,-9300,2606,-13160,-884,-1988,-16836,-1258,4497,1165,-2806,5583,-6992,1350,0.322580636,5.05376339,1.630246162,0.018220972
5,7801,4660,-937,12356,-5390,-1542,-5,-3133,-4044,2672,364,-8403,5337,-13926,175,-302,-14861,475,4980,329,-2134,4139,-8615,-181,0.312805474,5.05376339,1.580844879,0.018228514
5,7961,5293,362,10335,-5643,397,374,-3796,-4109,3674,1095,-8965,6804,-14321,1720,1472,-11888,2835,4090,-25,-2000,5174,-9649,-3182,0.312805474,5.05376339,1.580844879,0.018236067
5,7823,4753,1917,8534,-5387,2883,31,-2678,-4291,4287,369,-9806,7736,-14525,3178,3837,-9358,4936,2781,530,-1978,4876,-9480,-3988,0.317693055,5.05376339,1.605545521,0.018243767
5,7596,3818,2848,7380,-5056,4332,156,-2296,-4445,4348,-859,-9996,8002,-14006,5270,5950,-7470,6327,3741,-50,-2638,3624,-6510,-3511,0.317693055,5.05376339,1.605545521,0.018251427
5,7195,1776,3693,5388,-4668,5544,722,-1637,-4831,3719,-1277,-9829,7340,-12656,7189,8835,-5642,7506,6090,-791,-3287,3903,33,-5348,0.322580636,5.05376339,1.630246162,0.018259218
5,6776,-517,4803,4277,-4698,6293,1280,-1200,-5216,3081,-751,-9294,6051,-10983,8517,11411,-3122,10265,5369,61,-3399,6944,3587,-8061,0.317693055,5.05376339,1.605545521,0.018266877
5,6339,-3066,5425,6379,-3948,6854,1350,-665,-5307,2631,275,-8961,4346,-7898,8869,13058,-1636,12725,3751,2082,-2982,8572,4357,-6365,0.317693055,5.05376339,1.605545521,0.018274551
5,5754,-3436,5785,7226,-2839,8854,1335,-79,-5481,2230,223,-9206,3950,-4588,8286,13554,-2118,13664,1442,3500,-2567,9207,3472,-2267,0.322580636,5.05376339,1.630246162,0.018282348
5,5002,-3136,6136,8086,-2337,10634,1740,209,-5757,1924,36,-9467,5763,-2089,6949,14296,-2217,13051,-1078,2443,-1901,7131,3424,-2724,0.322580636,5.05376339,1.630246162,0.018290114
5,3845,-1149,6811,7398,-1417,14199,2467,458,-6071,2234,928,-9760,7529,-866,5914,16098,-918,12097,-2105,1424,-574,9103,-929,-4188,0.322580636,5.043988228,1.627092957,0.018297881
5,2563,468,7300,4328,-665,16022,2600,987,-6272,3079,2544,-9817,9008,749,5677,18279,3168,11973,-1878,1255,413,10156,-6249,-6702,0.317693055,5.05376339,1.605545521,0.018305566
5,455,830,7991,-468,-86,16696,2655,2721,-5605,3641,4285,-9362,8899,3169,5756,19572,7023,11797,-3789,2098,691,5083,-13134,-5245,0.322580636,5.05376339,1.630246162,0.018313359
5,-1164,-201,8607,-4831,-361,16038,2355,2111,-4869,3220,5642,-8696,7409,6121,6156,19673,9656,10612,-1820,245,-246,567,-11976,-4204,0.317693055,5.05376339,1.605545521,0.018321015
5,-3292,-2385,9238,-9928,-215,15225,1601,1119,-4504,3711,4884,-8214,6129,9005,7329,19827,11444,7115,2007,-405,-853,1817,-7438,-4753,0.317693055,5.043988228,1.60244,0.01832868
5,-4877,-4022,9560,-12633,65,13264,1547,1817,-4410,3828,4053,-8451,5702,11051,8490,20658,12911,3603,3310,-102,-1029,3946,-3761,-4582,0.322580636,5.043988228,1.627092957,0.018336434
5,-6024,-5014,9424,-13512,40,10305,1743,2701,-4295,3586,3097,-8736,7351,14807,8866,20747,14784,-194,3666,-426,-1360,5178,120,-4782,0.317693055,5.05376339,1.605545521,0.018344102
5,-6948,-4812,8650,-12923,-855,8286,2100,4083,-4292,4218,2130,-8777,9675,18100,7088,21229,15389,-4581,3137,-583,-1482,7810,3648,-5199,0.317693055,5.043988228,1.60244,0.018351762
5,-7552,-3909,7727,-12500,-1018,8209,2270,4883,-4259,4529,1383,-8779,10836,19708,3700,21322,16730,-8713,1868,140,-1475,9265,4665,-4396,0.317693055,5.05376339,1.605545521,0.018359443
5,-9263,-2666,6979,-12162,1089,9731,2531,5724,-3860,4618,1225,-8098,10464,20014,95,19261,19636,-12863,1260,-97,-1265,8474,3515,-3894,0.322580636,5.05376339,1.630246162,0.01836724
5,-11012,-1672,6197,-12917,4022,9543,2579,6175,-3157,4535,1758,-7036,8427,18031,-4578,15289,21073,-13063,996,-734,-1008,6536,-1667,-3810,0.317693055,5.05376339,1.605545521,0.018374894
5,-12752,-823,4121,-15705,6122,5052,2420,6218,-2033,4822,2070,-6065,6299,14658,-8892,13347,19853,-11957,2230,-947,-925,5802,-4794,-4353,0.317693055,5.043988228,1.60244,0.018382553
5,-13873,-619,1748,-18043,3506,5,2153,5857,-1430,5472,2102,-5966,4754,13187,-10869,14987,15762,-13132,3529,-808,-976,4335,-5712,-4159,0.322580636,5.043988228,1.627092957,0.018390317
5,-13859,-1912,-925,-18884,1180,-5942,2017,5476,-726,7162,1072,-7226,2624,14215,-11417,14885,12430,-16331,4998,-1091,-1427,3691,-3895,-3751,0.322580636,5.05376339,1.630246162,0.018398084
5,-13024,-3436,-2227,-16653,-172,-8110,2432,5785,-420,8247,54,-8768,144,16521,-12261,12808,10240,-20963,6278,-1676,-2063,4904,-34,-3955,0.317693055,5.05376339,1.605545521,0.018405749
5,-12155,-4032,-3249,-14064,-906,-8204,2704,6577,-629,7478,-83,-9025,-3629,16233,-13122,10121,11570,-25515,6293,-1810,-2209,6720,2511,-4396,0.312805474,5.05376339,1.580844879,0.018413315
5,-11022,-4576,-4661,-12739,65,-8677,2756,7046,-1194,4520,-239,-8359,-3677,13373,-13657,6891,6788,-26372,6099,-2080,-2083,7351,3379,-5598,0.312805474,5.05376339,1.580844879,0.018420884
5,-10305,-4082,-5989,-12421,-58,-9438,2793,6287,-1435,2486,-31,-7277,-2660,9964,-13231,5323,4446,-24893,5646,-2535,-1624,7488,2503,-5513,0.322580636,5.043988228,1.627092957,0.018428655
5,-8726,-2587,-7599,-11220,140,-11068,2387,5002,-1409,614,551,-5852,-1051,6114,-11615,4818,946,-24247,4869,-2495,-986,7449,2169,-5637,0.322580636,5.043988228,1.627092957,0.018436436
5,-7210,-1166,-8551,-8587,345,-12632,1773,4121,-1032,-128,1047,-4966,1806,3022,-10200,3734,-1327,-22551,4260,-2427,-465,5869,1775,-5401,0.317693055,5.05376339,1.605545521,0.018444104
5,-5006,1092,-9596,-4911,80,-13701,1186,2099,159,27,1024,-4763,3452,-70,-9655,2759,-1403,-20805,3284,-2747,190,4187,1023,-5258,0.317693055,5.05376339,1.605545521,0.018451784
5,-3346,2411,-10104,-3018,-798,-13492,1154,-395,1451,694,948,-4406,3429,-2122,-9546,1906,-1931,-17832,2044,-3364,863,3720,-517,-5753,0.332355827,5.043988228,1.676398873,0.018459795
5,-1306,2798,-10307,-837,-1368,-11471,1289,-3914,2419,1316,282,-4927,2488,-4505,-9299,742,-2725,-14321,1524,-4323,1030,3656,-1761,-5716,0.332355827,5.05376339,1.679647684,0.018467819
5,121,1996,-10143,882,-2011,-9947,1397,-6546,2052,2833,282,-5447,527,-6503,-8852,385,-4176,-11476,1335,-6041,680,5513,-2750,-5691,0.317693055,5.05376339,1.605545521,0.018475501
5,1438,756,-9627,2337,-2079,-8738,2002,-8119,650,5580,811,-6577,-1926,-8009,-8185,320,-5696,-9753,1939,-7796,-453,7891,-2598,-5788,0.317693055,5.05376339,1.605545521,0.018483177
5,3000,-785,-8709,4541,-2487,-8531,2305,-7847,-372,7492,1743,-7036,-3116,-8526,-7382,453,-9055,-8723,2496,-8225,-2088,11161,-1955,-5255,0.322580636,5.05376339,1.630246162,0.018490963
5,3978,-1269,-7970,6450,-2588,-8123,1966,-6604,-1241,8589,2053,-7067,-3130,-8681,-6729,-490,-12103,-7842,3189,-7153,-3252,13799,-1925,-3898,0.317693055,5.05376339,1.605545521,0.018498663
5,5008,-639,-6860,9781,-3313,-7492,989,-3772,-2185,7752,972,-7245,-2046,-9008,-5865,-1770,-14433,-6327,3893,-4867,-4399,14071,-2477,-2338,0.327468216,5.05376339,1.654946923,0.018506577
5,5608,581,-6107,10808,-3729,-7062,514,-2342,-2657,5744,-564,-7041,-395,-9730,-4660,-2847,-15659,-5322,4610,-2874,-5007,11869,-3467,-1911,0.317693055,5.05376339,1.605545521,0.018514259
5,6356,2331,-4925,12132,-4554,-6022,753,-1927,-2949,3350,-1180,-7521,971,-10209,-3332,-3200,-16009,-3852,5237,-2102,-5013,8888,-3808,-1630,0.312805474,5.05376339,1.580844879,0.018521808
5,6980,3548,-3833,12104,-4846,-4806,1159,-2739,-3137,2177,-329,-8076,1957,-10897,-2263,-3105,-15450,-1947,5213,-1500,-4438,7367,-4009,-1743,0.317693055,5.05376339,1.605545521,0.018529486
5,7784,4137,-2073,11361,-5339,-2645,1630,-5166,-3591,1787,953,-8670,2301,-11554,-567,-2661,-14561,-153,4782,-1300,-3451,6241,-4062,-2233,0.312805474,5.05376339,1.580844879,0.018537046
5,8374,3868,-736,10117,-5605,-930,1605,-5234,-4325,2267,1679,-9464,2460,-12209,1249,-2157,-13366,1752,4326,-1572,-2809,5214,-4285,-3314,0.322580636,5.05376339,1.630246162,0.01854483
5,8882,2895,575,8817,-5948,731,1976,-5670,-5181,2708,2014,-10454,2456,-12689,3100,-1123,-11598,3052,3753,-2299,-2624,5350,-3869,-4898,0.317693055,5.05376339,1.605545521,0.018552499
5,9385,1016,2294,7344,-6201,3234,1992,-5833,-5843,3511,1810,-10879,2444,-13074,4376,191,-9794,4706,3262,-1705,-2955,6079,-3072,-5584,0.317693055,5.043988228,1.60244,0.018560154
5,9784,-387,3173,7126,-5960,4120,2139,-5559,-6406,4037,1917,-11130,2066,-13415,5664,2796,-7569,6447,3236,-928,-3057,5160,-2152,-4634,0.312805474,5.05376339,1.580844879,0.018567692
5,9871,-2187,4141,6729,-5271,5226,2265,-4508,-7415,4391,2384,-11383,1507,-13104,6720,4668,-6565,7686,4047,-1580,-3136,4422,-1685,-2241,0.317693055,5.043988228,1.60244,0.018575368
5,9923,-2941,4824,7111,-4935,6611,2487,-3769,-8093,4067,2306,-11386,1574,-12715,7725,6161,-6702,8323,4099,-1807,-2961,7090,-964,-1582,0.312805474,5.043988228,1.577787161,0.01858289
5,9687,-2916,5583,6460,-4304,8686,2692,-2406,-8950,3480,2462,-10949,2810,-12577,8495,9009,-6702,9193,3780,15,-2798,10278,-357,-1510,0.312805474,5.05376339,1.580844879,0.018590437
5,9154,-2914,6608,5689,-3534,10496,2795,-1891,-9256,3465,2635,-10141,4965,-11936,9634,13129,-5242,10832,3190,2080,-2318,9697,-537,-2224,0.312805474,5.05376339,1.580844879,0.018597994
5,8165,-2783,7573,5092,-2476,12516,3017,-1614,-9086,4093,2606,-9461,6438,-10411,11096,16571,-2378,13156,1766,2315,-1785,6712,-1340,-2977,0.322580636,5.05376339,1.630246162,0.018605769
5,6529,-3018,8709,3761,-879,14164,3143,-1193,-8491,4674,2756,-8901,6749,-7490,11875,20840,1417,14762,-90,1788,-1287,4302,-798,-4493,0.317693055,5.043988228,1.60244,0.018613447
5,4921,-3332,9470,2040,272,16051,3194,-170,-7351,5392,2716,-8297,6644,-4541,12113,23979,4947,16862,-988,1252,-874,4907,-1198,-3321,0.312805474,5.05376339,1.580844879,0.018621011
5,2141,-3962,10308,-1847,1348,17208,3480,637,-6420,5119,2453,-7421,7183,672,12007,26429,8484,17117,-667,1688,-637,5787,-968,-3377,0.317693055,5.05376339,1.605545521,0.018628674
5,-312,-4285,10640,-4734,1492,17383,3488,627,-5630,5033,3304,-5857,7461,6840,11488,27441,12427,15505,-897,2256,-319,7893,-1376,-3066,0.317693055,5.043988228,1.60244,0.018636314
5,-3674,-4980,11081,-6770,1334,16835,2575,-904,-5173,6468,2229,-5703,6846,12257,10086,26613,15607,12612,-1260,2728,28,10131,-2148,-3709,0.317693055,5.043988228,1.60244,0.018643972
5,-6189,-4714,11129,-8795,1898,14079,2338,-257,-4764,8242,1010,-7661,7225,15533,8301,25905,15742,6246,-259,1995,220,12299,-2955,-5852,0.312805474,5.043988228,1.577787161,0.018651536
5,-8953,-2444,10043,-12460,3507,10281,2456,3456,-3578,10238,991,-9323,9633,20244,6320,27041,18385,-2770,-1102,3107,-95,7978,-5670,-6196,0.312805474,5.05376339,1.580844879,0.018659098
5,-11009,-519,9159,-15273,4572,8947,2038,5451,-2672,11187,1301,-8793,10058,23026,2211,27548,23459,-13049,-2423,1374,-53,2445,-8809,-5017,0.317693055,5.043988228,1.60244,0.018666746
5,-13326,920,7858,-16193,6400,10977,1065,6232,-1774,10129,1807,-6586,9022,21932,-4030,23165,26370,-17257,637,-344,-725,936,-8624,-3737,0.327468216,5.05376339,1.654946923,0.01867466
5,-16553,3460,4884,-17433,10336,9230,227,6623,-1190,9221,2001,-5122,9326,18015,-9743,18819,24682,-16763,2918,-549,-1516,1095,-6809,-4373,0.307917893,5.05376339,1.556144118,0.018682085
5,-17884,5166,1716,-20595,11361,1910,-623,7476,-209,9750,1221,-5297,7732,15690,-12592,20398,20809,-14115,5326,-578,-1844,3435,-2624,-5416,0.322580636,5.043988228,1.627092957,0.01868985
5,-18624,4096,-3170,-21642,8464,-10838,-792,8922,615,11099,-215,-7470,3867,17978,-14989,21887,14002,-18396,5587,-923,-2054,4975,689,-5839,0.317693055,5.05376339,1.605545521,0.0186975
5,-17458,1509,-5895,-18358,5175,-15415,-356,11679,1008,11314,-1582,-10853,81,21501,-16788,21294,9087,-24775,5288,-1210,-2185,7111,2746,-5402,0.312805474,5.05376339,1.580844879,0.018705046
5,-14683,-503,-8136,-12829,1517,-15023,1438,16493,402,8336,-2337,-14692,-2233,21274,-17210,16053,5282,-32651,4368,-1046,-2022,7532,3210,-4580,0.317693055,5.05376339,1.605545521,0.018712753
5,-12898,-1027,-9498,-9529,1974,-14468,2590,17519,-765,2852,-2430,-15719,262,16479,-17342,9228,-343,-32651,3376,-1436,-1613,6534,2152,-3925,0.317693055,5.05376339,1.605545521,0.018720424
5,-10773,1273,-12180,-8709,1447,-14459,2535,13116,-1404,-5812,-2779,-13099,2807,7398,-14560,3364,-3228,-32651,2944,-2091,-1292,5662,-533,-3978,0.322580636,5.05376339,1.630246162,0.01872821
5,-7438,1835,-13449,-5742,1015,-18296,1632,8046,-957,-12301,-3781,-10018,4924,-612,-13121,3814,-4085,-30286,3257,-2526,-1402,5260,-2080,-3869,0.317693055,5.05376339,1.605545521,0.018735869
5,-3836,2443,-13793,-1349,906,-19564,929,2304,-270,-13631,-3273,-5016,4486,-3381,-13280,7411,-1875,-25301,4385,-2986,-1720,5107,-2316,-4251,0.307917893,5.05376339,1.556144118,0.01874328
5,-46,1933,-14474,-1378,701,-17827,2419,-2255,1006,-9460,-3706,-6640,279,-5470,-12676,7635,-4919,-20933,5317,-3295,-2135,4576,-2106,-4775,0.327468216,5.05376339,1.654946923,0.018751191
5,2518,-1172,-14170,-3,1510,-15140,5380,-10053,2159,-1928,-568,-12258,-3917,-7515,-11243,6783,-9760,-18504,6337,-4157,-2354,3364,-1781,-5658,0.312805474,5.05376339,1.580844879,0.01875874
5,5323,-5223,-12752,5320,2167,-12997,5441,-15098,1933,3755,1293,-12621,-6377,-10026,-9694,5831,-13523,-17581,7217,-5665,-2548,3202,-1595,-6096,0.317693055,5.05376339,1.605545521,0.018766394
5,6736,-5671,-11706,9513,2088,-11590,4591,-17692,76,8114,2570,-11593,-5555,-12927,-8888,4628,-17127,-16160,7701,-6676,-2709,3928,-1964,-6215,0.322580636,5.05376339,1.630246162,0.018774198
5,8193,-2837,-10671,14264,991,-10503,4383,-15520,-2620,9796,4068,-10079,-2418,-14637,-8553,4816,-19264,-14583,7651,-7335,-2401,5545,-1289,-6048,0.312805474,5.05376339,1.580844879,0.018781757
5,9246,538,-9875,15487,-521,-9215,4283,-11752,-4021,8728,3661,-9011,995,-16725,-7708,4793,-19020,-11730,6882,-8227,-1561,7299,629,-6568,0.312805474,5.043988228,1.577787161,0.018789312
5,10316,3474,-8769,15290,-1241,-7962,4097,-7756,-4860,7427,3210,-9452,3256,-18398,-6330,5786,-18310,-9167,5462,-6956,-702,10831,1951,-7659,0.317693055,5.043988228,1.60244,0.018796969
5,11589,5650,-6601,14270,-1284,-6612,3202,-6117,-5233,6434,2328,-9244,4186,-19367,-4559,7537,-17431,-7309,2414,-5670,44,12300,3702,-7082,0.317693055,5.05376339,1.605545521,0.018804647
5,12194,5999,-4612,12874,-1338,-5119,2320,-4986,-5871,5858,1866,-9483,5053,-19727,-2971,8776,-16574,-4658,-505,-3762,284,12832,2580,-5687,0.317693055,5.043988228,1.60244,0.018812295
5,12540,5215,-1796,11973,-947,-2851,1838,-5746,-5989,3424,1352,-9017,5837,-19635,-623,10362,-15580,-2225,-1653,-2201,-54,12988,548,-4088,0.312805474,5.043988228,1.577787161,0.018819822
5,12570,4443,143,11159,-809,-1508,914,-6254,-5933,6519,1911,-11883,6727,-18443,1788,11729,-14720,412,-1764,-1303,-820,12362,-2483,-2351,0.312805474,5.05376339,1.580844879,0.018827371
5,12456,3028,2798,10538,-384,230,805,-4371,-6438,3941,1887,-10069,7161,-16507,3954,13110,-13900,2307,-363,470,-2105,11009,-5743,-1055,0.312805474,5.043988228,1.577787161,0.018834909
5,12128,1565,4560,9824,-1160,2238,983,-5620,-6505,4478,1868,-10863,7249,-14493,5674,14206,-11826,6162,1163,1603,-2923,8003,-7603,-289,0.317693055,5.05376339,1.605545521,0.018842589
5,11493,-823,6379,8940,-1069,5473,1331,-4578,-6980,4757,3151,-10644,6843,-11778,8111,15433,-10694,8875,2807,938,-3194,4621,-9558,-1,0.312805474,5.043988228,1.577787161,0.018850109
5,10768,-2468,7499,9595,-696,7601,835,-4484,-6896,5645,3180,-10367,6951,-9276,10061,16858,-9493,10407,3085,-392,-3273,3506,-9016,-865,0.312805474,5.05376339,1.580844879,0.018857671
5,9779,-3460,8551,10277,-554,10067,993,-3752,-6643,7103,2228,-9453,7471,-7047,11217,18366,-7870,11395,2727,-162,-2938,4985,-8668,-1684,0.312805474,5.043988228,1.577787161,0.0188652
5,8115,-3270,9701,11205,-819,13094,770,-3116,-6178,7952,2284,-8471,9015,-5789,11570,19205,-6119,11884,3110,529,-2575,5334,-7713,-2206,0.317693055,5.043988228,1.60244,0.018872868
5,6606,-2276,10619,10196,-184,14581,325,-2409,-5482,8851,609,-7788,11112,-4414,11406,20627,-3082,11423,4206,713,-2466,4433,-5798,-2240,0.312805474,5.05376339,1.580844879,0.018880425
5,4627,-1392,11645,8238,-105,13899,598,-1685,-4740,8483,-990,-8185,11568,-1473,10336,22789,2402,12265,4864,370,-2285,4028,-3010,-3220,0.317693055,5.043988228,1.60244,0.018888073
5,3030,-669,12410,6943,1616,13984,1136,-139,-4317,7597,-2101,-8810,10673,3536,8583,23306,4555,12446,4349,661,-2209,6204,1115,-6010,0.312805474,5.05376339,1.580844879,0.018895639
5,289,1332,12395,200,4939,15409,1686,1536,-4164,6474,-3449,-9870,10590,6697,8577,23990,6360,8842,2997,1763,-2023,7636,3078,-7420,0.317693055,5.05376339,1.605545521,0.018903332
5,-2071,1981,11716,-7337,5134,16157,2233,2758,-3840,6523,-1513,-8052,11233,10560,9745,25259,10328,4938,1075,2721,-1506,9662,3937,-6760,0.317693055,5.05376339,1.605545521,0.018911017
5,-5243,40,11591,-14549,4050,13175,1925,2352,-3306,5398,284,-7497,10239,14242,10841,27052,15027,1183,-225,3788,-1421,9759,2920,-4279,0.317693055,5.05376339,1.605545521,0.018918702
5,-7166,-1733,11806,-14716,4048,9055,1625,1422,-2718,5536,154,-7870,11089,19778,9276,28587,17147,-2756,-1417,3292,-1174,7526,499,-4071,0.317693055,5.05376339,1.605545521,0.018926362
5,-8531,-1445,10644,-14744,5411,7940,1032,4619,-1987,5677,1049,-6849,12842,23032,4774,31253,19801,-11122,-3049,1754,-176,8025,-2712,-6625,0.317693055,5.05376339,1.605545521,0.018934021
5,-11155,710,8264,-13508,7584,11878,477,7849,-1880,4933,1096,-5996,14439,24680,-937,24900,22577,-18379,-2677,2774,383,7854,-7012,-6983,0.317693055,5.05376339,1.605545521,0.018941682
5,-13221,3311,6385,-11688,10475,12097,-535,9112,-1476,4592,1248,-4566,15649,19719,-9219,15430,22597,-15489,-2828,3312,533,2050,-8583,-6015,0.317693055,5.05376339,1.605545521,0.018949339
5,-16688,7774,1050,-17592,7506,1809,-1514,8589,-972,5325,478,-4087,14536,12479,-14944,13129,20226,-14745,-1186,1456,337,37,-9761,-5288,0.317693055,5.05376339,1.605545521,0.018957004
5,-17121,7147,-2890,-21741,3647,-8152,-1209,7277,249,8452,-1519,-6519,9763,12047,-16790,17507,17495,-16384,989,202,-418,557,-7943,-4043,0.317693055,5.05376339,1.605545521,0.018964671
5,-15298,2598,-6337,-22893,-213,-12734,61,7382,955,11125,-2073,-9255,96,15239,-15895,19335,13381,-20727,3595,-713,-948,1549,-5358,-4498,0.317693055,5.05376339,1.605545521,0.018972348
5,-13361,-2818,-7749,-18383,205,-12279,436,8378,678,9903,-1584,-10529,-5962,16374,-14412,16081,7568,-27146,5087,-1725,-1580,2345,-2497,-5816,0.317693055,5.05376339,1.605545521,0.018980036
5,-11555,-7587,-8547,-12334,1503,-11228,999,8901,-795,4146,-2674,-11629,-5825,14687,-13737,11400,3960,-28119,5526,-1901,-2180,5483,1313,-6228,0.332355827,5.05376339,1.679647684,0.018988047
5,-10430,-8469,-8997,-9565,1406,-12132,1796,8551,-1535,-239,-2785,-11783,-4215,9200,-13714,6752,1212,-25217,5096,-1722,-2315,8306,2863,-5430,0.327468216,5.05376339,1.654946923,0.018995946
5,-9408,-7647,-9709,-8131,1405,-13136,1848,7476,-1607,-4113,-1124,-8634,-2225,5594,-12925,7586,-579,-23530,3731,-1603,-1888,9365,3507,-4255,0.312805474,5.05376339,1.580844879,0.019003494
5,-7536,-5051,-10824,-6060,865,-15069,954,4836,-1044,-5305,-301,-6755,2,3006,-12055,8502,-701,-21075,2869,-1666,-1293,8554,2219,-4416,0.317693055,5.05376339,1.605545521,0.019011172
5,-6140,-3384,-11629,-5112,1077,-15268,1298,-94,111,-4052,-894,-6945,548,1470,-12127,8770,124,-19130,2681,-1668,-1218,5980,50,-4619,0.317693055,5.043988228,1.60244,0.019018827
5,-4137,-2851,-12356,-2897,809,-14986,2158,-3198,851,-1808,-897,-8393,-460,520,-12902,8283,-1130,-18054,3063,-2209,-1350,4996,-715,-4239,0.312805474,5.043988228,1.577787161,0.019026348
5,-2601,-3935,-12702,-1082,729,-13748,2697,-8024,981,2427,-482,-9429,-2614,-648,-13052,6412,-4615,-17605,3412,-2567,-1357,4890,-1803,-4120,0.317693055,5.043988228,1.60244,0.019033993
5,-468,-5655,-12513,2711,536,-13341,2754,-10568,421,5029,-100,-8726,-4012,-2784,-12750,3913,-8706,-17227,3894,-3097,-1436,3912,-2163,-4488,0.317693055,5.05376339,1.605545521,0.01904167
5,890,-5978,-11964,5885,18,-13055,2866,-11641,-518,6098,820,-8117,-4437,-5441,-12133,2890,-11399,-16975,4738,-4511,-1866,3200,-3005,-5234,0.317693055,5.043988228,1.60244,0.019049307
5,2059,-5249,-11420,8590,-196,-12479,3073,-9871,-1660,6274,2002,-8621,-3715,-8067,-11352,2062,-14147,-16745,5717,-6142,-2483,3199,-2967,-5710,0.312805474,5.05376339,1.580844879,0.019056858
5,3489,-2879,-10784,11896,-1792,-12652,3105,-8061,-2335,5763,2305,-8183,-2054,-9826,-10716,1197,-16884,-16272,7350,-7070,-3150,3452,-3055,-6338,0.312805474,5.05376339,1.580844879,0.019064425
5,4635,-181,-10216,12907,-3050,-11928,2743,-7108,-2778,4836,1896,-8525,143,-12085,-9236,502,-18535,-14898,8224,-8625,-3396,4040,-1217,-6271,0.317693055,5.043988228,1.60244,0.019072069
5,6315,3843,-9145,13402,-3321,-11195,2229,-6691,-3347,4390,1455,-8396,2928,-14242,-7603,577,-18746,-12880,7668,-9397,-2247,8688,1531,-6855,0.317693055,5.05376339,1.605545521,0.019079736
5,7658,6278,-7728,12713,-3429,-9784,1807,-6302,-4646,4667,686,-8282,4752,-15834,-5980,1695,-16737,-10546,5527,-7655,-1053,13591,4491,-7771,0.317693055,5.043988228,1.60244,0.0190874
5,9070,8150,-5681,11810,-2642,-7379,1156,-6693,-4701,5203,-266,-8233,6143,-16496,-4703,3059,-13815,-7207,1874,-4520,111,13995,4246,-5787,0.312805474,5.05376339,1.580844879,0.019094968
5,9827,8185,-4106,10704,-2643,-5399,680,-4015,-5272,5704,-252,-8625,6233,-16701,-2927,4272,-12328,-4045,-932,-2381,218,12587,2177,-4189,0.312805474,5.05376339,1.580844879,0.019102532
5,10481,7028,-1798,9841,-2036,-2444,938,-3183,-5371,4683,364,-8655,5599,-16805,-868,4794,-12138,-1358,-2320,-1236,-225,11706,-558,-2924,0.312805474,5.043988228,1.577787161,0.019110078
5,10573,5736,-116,9500,-2066,-456,720,-2356,-5296,4113,885,-8982,5505,-17071,1256,5490,-12462,308,-2221,328,-1112,11337,-4171,-2418,0.312805474,5.043988228,1.577787161,0.019117603
5,10421,4610,1484,9834,-2256,1573,346,-1725,-5327,3479,1032,-9362,6112,-17092,3284,6869,-12300,2066,-345,1359,-2116,9662,-6422,-1880,0.317693055,5.05376339,1.605545521,0.01912527
5,9904,3631,3376,9838,-2280,4033,219,-1961,-5398,3637,732,-9579,7344,-17110,4665,8815,-11530,3448,1158,1227,-2710,6037,-8562,-376,0.317693055,5.05376339,1.605545521,0.019132949
5,9408,3056,4604,9476,-2191,5313,331,-2126,-5571,3312,668,-9428,9288,-16567,6251,10626,-9759,4639,3019,288,-3176,3928,-10215,-538,0.322580636,5.05376339,1.630246162,0.019140737
5,8461,2276,6165,8518,-2950,7181,452,-2241,-5566,3761,921,-9368,10838,-15113,7723,13480,-7787,6053,4014,-225,-2981,4547,-9944,-629,0.312805474,5.05376339,1.580844879,0.019148292
5,7657,1953,6941,7997,-2629,8074,472,-1880,-5433,4091,793,-9109,11191,-13421,8789,16436,-4406,8578,3960,355,-2298,5570,-9619,-1168,0.327468216,5.05376339,1.654946923,0.019156203
5,6499,686,7986,5843,-1668,9200,563,-1790,-5241,4158,212,-9246,10272,-9545,9104,19464,81,12139,3978,480,-1734,5358,-7766,-1775,0.327468216,5.05376339,1.654946923,0.0191641
5,5521,-696,8501,4318,-920,10354,841,-945,-5332,4824,-889,-10375,7924,-4165,8663,20270,2871,14416,5303,194,-2444,5366,-3503,-4471,0.327468216,5.05376339,1.654946923,0.019172024
5,3951,-1966,9184,4535,-986,13296,1426,496,-5320,5488,-876,-10429,7163,634,7364,19197,3715,13956,5150,283,-2881,5764,1817,-8378,0.317693055,5.05376339,1.605545521,0.019179735
5,2574,-880,9174,2519,-1228,15871,1809,1856,-4917,5414,-630,-9819,8410,2952,6551,18682,4554,11461,4212,1325,-2840,8681,3589,-6982,0.322580636,5.043988228,1.627092957,0.019187517
5,1080,344,9031,-615,-1356,17342,1853,1721,-4446,3853,-674,-9214,10406,4853,6318,18613,7745,9140,2070,3037,-2162,10199,3411,-4249,0.317693055,5.05376339,1.605545521,0.019195186
5,-1236,438,9114,-3713,-1506,17089,1959,1256,-3998,2963,-372,-8879,10557,6528,5905,18257,10482,8435,561,3360,-1538,8147,2459,-3191,0.317693055,5.05376339,1.605545521,0.019202851
5,-2962,16,9162,-5798,-1377,15381,2224,1612,-3777,4014,487,-8256,9866,8675,5401,18292,12251,7063,-1700,2382,-1223,6202,-75,-2799,0.322580636,5.05376339,1.630246162,0.019210635
5,-5315,-1196,8859,-10287,-1047,12708,2476,2370,-3772,5547,872,-7916,8659,11718,5399,18659,14444,5487,-2499,1749,-502,6439,-2231,-3686,0.322580636,5.05376339,1.630246162,0.019218439
5,-6874,-2435,8381,-11714,-897,9774,2655,3473,-3289,7347,663,-8322,7564,14336,5084,17872,14303,1734,-1544,2083,449,9169,-5288,-6476,0.312805474,5.05376339,1.580844879,0.019225994
5,-8560,-2994,7588,-12089,178,7355,2456,4641,-2747,8086,277,-8393,7935,16887,3185,18881,14932,-4673,-1732,2769,684,4426,-5850,-8056,0.317693055,5.05376339,1.605545521,0.019233653
5,-9774,-2043,6630,-12152,1828,6743,2108,5961,-2129,8163,512,-7108,8981,18445,287,19353,14951,-9813,-1588,1378,372,1398,-7933,-3848,0.312805474,5.05376339,1.580844879,0.019241203
5,-11180,-593,5539,-13775,3704,6147,1863,5765,-1781,7433,1207,-5437,10232,18573,-3588,18233,15036,-12268,229,-202,-321,1214,-6945,-2329,0.317693055,5.05376339,1.605545521,0.01924886
5,-13148,22,3901,-14146,5369,5006,1412,4541,-1227,6836,1858,-3848,9308,17460,-6746,16499,16211,-14991,2578,-755,-1011,3416,-5391,-4501,0.317693055,5.05376339,1.605545521,0.019256556
5,-14179,366,1922,-15124,5728,1128,981,4128,-795,6507,1154,-4182,6834,15634,-10194,14256,14252,-16851,4155,-376,-1619,4909,-1750,-5829,0.317693055,5.05376339,1.605545521,0.019264216
5,-14144,-845,-1014,-15048,3745,-5271,901,4687,-336,6954,-71,-5249,4160,15186,-13410,12790,12318,-18511,4316,-827,-1705,5378,132,-5820,0.312805474,5.043988228,1.577787161,0.019271763
5,-13411,-1477,-3170,-13318,2009,-9012,1271,7002,-258,6858,-1351,-8164,2466,14975,-16291,12630,8273,-21433,3980,-956,-1725,6674,1002,-5279,0.312805474,5.05376339,1.580844879,0.019279324
5,-12020,-1353,-5247,-10620,2520,-10110,1254,9168,-701,5408,-1308,-9523,1967,14728,-18419,9302,5673,-24130,3752,-1075,-1696,6527,667,-4840,0.312805474,5.05376339,1.580844879,0.019286891
5,-10922,-296,-7103,-9236,-351,-10235,803,10473,-1597,1359,-1770,-9751,-198,11369,-19135,7637,4667,-22201,3572,-1773,-1637,5302,-478,-5001,0.312805474,5.043988228,1.577787161,0.019294443
5,-9496,-274,-9071,-9533,-1346,-9909,677,9039,-1974,-2654,-2232,-8801,-2618,7568,-17334,7222,914,-22165,3549,-2259,-1675,4742,-1822,-5004,0.317693055,5.043988228,1.60244,0.019302092
5,-8111,-1199,-9979,-7681,-512,-10885,748,5314,-1894,-6514,-2958,-7785,-2120,4211,-14432,4053,-3887,-22295,3976,-2987,-1841,4159,-1905,-4260,0.312805474,5.05376339,1.580844879,0.019309636
5,-6424,-1197,-10720,-5357,-1236,-11795,1331,1990,-1212,-6049,-2089,-6077,-237,1117,-12052,1081,-6116,-21363,4875,-3643,-1944,4143,-1853,-4300,0.312805474,5.05376339,1.580844879,0.019317206
5,-3708,-515,-11079,-584,-1747,-12786,2125,-3326,-40,-2134,-932,-6684,1815,-2885,-11094,60,-6983,-20153,5758,-4160,-1911,4103,-1816,-5465,0.317693055,5.05376339,1.605545521,0.019324891
5,-1486,509,-10952,2464,-1975,-13045,2553,-6347,258,1338,322,-7742,2034,-6431,-10702,9,-6945,-17767,6596,-4962,-1748,4628,-1549,-6151,0.317693055,5.05376339,1.605545521,0.019332549
5,1250,1026,-10402,4540,-2369,-12921,2549,-8182,-122,4883,1407,-7785,-90,-9376,-10233,300,-8069,-16009,7050,-5720,-1740,5057,-1452,-6734,0.322580636,5.05376339,1.630246162,0.019340355
5,2932,289,-9889,4645,-2562,-12073,2394,-9628,-1435,7331,2646,-6306,-1955,-11104,-8832,1263,-10357,-14598,6765,-6258,-1738,6193,-1580,-6850,0.322580636,5.05376339,1.630246162,0.019348122
5,4875,-1483,-9206,5457,-2417,-11998,2338,-8991,-2543,7973,3134,-6654,-3632,-12213,-7343,2176,-13641,-13454,5297,-6631,-1408,7652,-926,-7029,0.312805474,5.05376339,1.580844879,0.01935567
5,6098,-2116,-8473,7853,-2392,-11801,1939,-6094,-3730,7825,3159,-7026,-3685,-12612,-5642,1905,-16659,-12193,3038,-5952,-651,9347,552,-6519,0.322580636,5.05376339,1.630246162,0.019363446
5,7603,-1170,-7365,11511,-2852,-10828,1412,-4570,-4344,6891,2328,-6871,-2358,-13367,-4445,752,-18146,-10770,1361,-5093,-83,10913,2109,-6122,0.322580636,5.05376339,1.630246162,0.019371253
5,8543,418,-6375,12995,-3649,-9799,1066,-4172,-4854,5388,915,-7367,-744,-14071,-3341,496,-19884,-8845,-576,-3822,223,10437,1606,-4755,0.327468216,5.05376339,1.654946923,0.019379176
5,9356,2277,-4873,13601,-3960,-8472,1053,-4706,-4942,4882,1051,-7897,2093,-15091,-2398,1135,-20095,-6349,-1996,-2952,156,9693,560,-4116,0.317693055,5.05376339,1.605545521,0.01938683
5,10098,4240,-2463,13133,-3667,-6363,831,-6772,-4609,4798,1089,-8590,4688,-15871,-818,2478,-18296,-3990,-2745,-2121,-296,9211,-1977,-4388,0.312805474,5.05376339,1.580844879,0.019394366
5,10402,4948,-693,12046,-3196,-4700,399,-5715,-4990,6263,1862,-8732,6581,-15900,1147,4508,-16370,-2137,-2396,-1209,-568,8203,-3742,-3392,0.322580636,5.05376339,1.630246162,0.019402148
5,10435,4655,1485,9710,-2952,-2092,258,-5496,-5268,5846,1836,-8566,7537,-15382,3450,5710,-13214,661,-1077,-486,-1124,7784,-4897,-2142,0.317693055,5.05376339,1.605545521,0.019409832
5,10068,3448,2800,8281,-2949,53,-42,-4921,-5200,6796,1579,-9157,7768,-14544,5271,7010,-10550,3316,396,-212,-1624,6878,-6015,-1026,0.322580636,5.05376339,1.630246162,0.019417627
5,9365,1540,4190,7731,-3307,2427,-103,-3586,-5030,7102,938,-9350,7395,-13352,7448,8331,-8624,5414,2663,67,-1924,6595,-6884,-17,0.322580636,5.05376339,1.630246162,0.019425422
5,8717,188,5099,7603,-3750,3480,-175,-2264,-4542,7079,660,-9094,6992,-11888,8893,9163,-7667,7063,3381,35,-2328,6794,-6762,328,0.317693055,5.05376339,1.605545521,0.019433083
5,7811,-852,6025,7620,-4059,4785,-127,-1316,-4373,6437,582,-9221,7124,-10041,9592,10129,-6030,8447,2422,409,-2497,7860,-6458,-1080,0.317693055,5.05376339,1.605545521,0.01944074
5,7137,-1096,6541,7328,-3914,6152,-67,-865,-4280,5066,217,-9326,7607,-8445,9698,11301,-4045,10033,1927,1157,-2561,7767,-6126,-2821,0.317693055,5.05376339,1.605545521,0.019448446
5,6621,-1514,6993,7920,-4050,6895,181,-733,-4227,4360,-27,-9420,7974,-5890,9067,12480,-1940,11230,3126,999,-2884,5972,-4918,-5004,0.317693055,5.05376339,1.605545521,0.019456143
5,5754,-1565,7720,8236,-3396,8340,433,-713,-4276,4356,284,-8967,7675,-3359,7621,12637,-201,12180,4184,369,-3152,3734,-2813,-4941,0.312805474,5.05376339,1.580844879,0.019463684
5,4840,-1248,8167,7744,-3006,9671,541,-926,-4183,4621,223,-8527,7160,-1135,6318,12848,1047,12130,3881,235,-2877,3212,-139,-7195,0.317693055,5.05376339,1.605545521,0.019471344
5,3428,-547,8523,6504,-2768,10928,617,-836,-4068,4810,-220,-8495,6913,311,5490,12295,1351,11456,3298,976,-2477,4547,601,-6074,0.312805474,5.05376339,1.580844879,0.019478882
5,2347,-4,8897,5308,-2427,11741,898,-234,-3785,5159,-988,-8982,7375,1724,4592,12059,1667,10126,3210,2174,-2189,6954,-1230,-3914,0.312805474,5.043988228,1.577787161,0.019486435
5,781,1088,9022,1117,-659,12830,1289,761,-3777,5689,-1542,-10076,8294,2882,4917,13354,2491,7839,1678,2390,-1898,6862,-2400,-3158,0.312805474,5.043988228,1.577787161,0.019493978
5,-651,1442,8903,-2767,-322,13106,2153,2954,-3495,5609,-689,-9240,8969,4499,6218,14278,5175,7070,297,1990,-1493,6306,-1066,-3741,0.327468216,5.043988228,1.651745796,0.019501856
5,-2098,1166,8826,-6884,-365,12965,2431,2805,-3117,5093,701,-8166,9343,6056,7399,16145,8708,5814,-392,1455,-959,7335,-542,-4305,0.322580636,5.05376339,1.630246162,0.01950964
5,-4062,-762,9049,-10513,-359,11113,1987,1831,-2581,3913,952,-8559,8849,8975,8453,18065,10803,3727,26,1187,-45,11414,-1322,-6687,0.322580636,5.043988228,1.627092957,0.019517422
5,-5353,-2107,9132,-10873,300,9121,1661,2743,-2203,3730,1186,-8717,9635,12765,7932,19239,11725,-40,-261,2086,-194,7000,-5936,-7333,0.322580636,5.043988228,1.627092957,0.019525196
5,-6735,-2163,8582,-9779,1316,7462,1370,5465,-1917,3792,1794,-8827,11240,16073,5268,19661,13004,-3507,-574,98,-408,1567,-8354,-4692,0.317693055,5.05376339,1.605545521,0.019532884
5,-7920,-1187,7909,-10206,1739,7984,1438,6204,-1632,3882,2599,-8416,11801,17162,770,17821,15155,-7677,-217,-664,-600,2550,-7979,-2199,0.312805474,5.05376339,1.580844879,0.019540433
5,-9700,629,6748,-11250,2663,8344,1368,5680,-1183,3947,3376,-7440,12129,16914,-2291,17777,14902,-10340,940,-199,-990,4902,-4492,-2349,0.312805474,5.05376339,1.580844879,0.019547993
5,-11300,2045,5272,-13964,4082,8202,734,4976,-636,4034,3529,-6508,11150,16098,-5161,16404,16743,-13316,2307,173,-750,7641,-2359,-3966,0.312805474,5.043988228,1.577787161,0.019555513
5,-13051,2253,2929,-16974,3831,5022,183,4888,-291,4825,2876,-6138,8121,14282,-7167,13583,17817,-12547,2438,309,-510,7733,-457,-4648,0.312805474,5.05376339,1.580844879,0.019563086
5,-13646,1004,926,-17717,2477,588,-58,5011,227,6985,1273,-6399,5328,13256,-9073,12046,16920,-13401,1941,132,-1110,7493,-260,-3326,0.317693055,5.043988228,1.60244,0.019570747
5,-13468,-705,-844,-16588,644,-3639,476,5266,595,8813,-141,-7613,2544,12944,-10495,11205,13321,-14303,2511,-91,-2087,7769,-1003,-3007,0.317693055,5.05376339,1.605545521,0.019578407
5,-12863,-1917,-2855,-15977,-1214,-6552,1267,6346,471,9429,-1013,-9032,1073,13245,-11900,11210,10311,-17888,3337,-224,-2426,7273,-1727,-4156,0.317693055,5.043988228,1.60244,0.019586049
5,-12034,-2448,-3952,-14057,-1412,-7367,1613,7424,-106,7796,-973,-9704,1413,13499,-13811,9513,8449,-20309,3774,69,-2015,6548,-2569,-4518,0.317693055,5.05376339,1.605545521,0.019593727
5,-10895,-1896,-5231,-11822,302,-7529,2322,7894,-958,4316,-778,-10344,2213,12202,-15850,6236,7464,-22182,3755,22,-1307,5293,-3766,-3686,0.312805474,5.05376339,1.580844879,0.019601304
5,-10164,-596,-6775,-10710,-512,-8617,2846,7301,-1287,1579,-300,-9945,1401,8718,-16376,5156,6301,-22004,4232,-139,-1069,4913,-3353,-2403,0.317693055,5.05376339,1.605545521,0.01960898
5,-8400,1295,-8854,-9208,-1290,-9215,3008,6153,-1382,-203,622,-8819,1542,5235,-16292,4184,3690,-21351,4915,-756,-1359,5115,-904,-3228,0.317693055,5.05376339,1.605545521,0.019616647
5,-7067,2465,-10281,-8359,-1210,-9705,2458,4010,-1080,-1791,1951,-6560,1702,1667,-15007,3622,1717,-19877,5176,-1440,-1864,5840,858,-4458,0.312805474,5.05376339,1.580844879,0.019624194
5,-4834,3390,-11644,-6515,-1124,-10097,1662,2183,-779,-2441,2376,-5430,2541,-1895,-13586,2268,-639,-18591,4736,-1476,-1984,6730,2478,-5694,0.317693055,5.05376339,1.605545521,0.019631872
5,-2942,3505,-12169,-4247,-1585,-10284,1655,30,-78,-2482,1817,-5969,3113,-4255,-12604,1539,-1637,-16666,3869,-1383,-1872,6382,2496,-5409,0.312805474,5.05376339,1.580844879,0.019639444
5,-854,3128,-12225,-1813,-1898,-11131,1996,-2128,569,-1359,1331,-6817,1911,-6761,-11638,2461,-3174,-15153,3409,-1453,-1470,6018,2405,-4822,0.317693055,5.05376339,1.605545521,0.019647133
5,1862,1808,-11758,712,-1729,-10956,2470,-5451,914,1381,1071,-8051,-723,-8484,-10622,2669,-4891,-13862,3184,-1681,-778,5544,1992,-4504,0.317693055,5.05376339,1.605545521,0.019654809
5,3562,248,-11176,1430,-1289,-10191,2343,-7583,493,3305,1194,-8021,-2700,-10152,-9195,2450,-7891,-13112,2910,-2173,-220,5701,824,-3968,0.322580636,5.05376339,1.630246162,0.019662587
5,5526,-2225,-9895,4998,-1421,-9481,2567,-8966,-759,5228,1697,-8126,-4721,-11403,-8148,2319,-12010,-12240,2883,-2556,453,5671,-24,-3980,0.317693055,5.05376339,1.605545521,0.019670259
5,6849,-2924,-8944,8439,-1544,-9135,2621,-8997,-1676,5700,2560,-7751,-5123,-12822,-6676,1725,-16411,-11300,2936,-3201,573,5369,-1005,-4057,0.322580636,5.05376339,1.630246162,0.019678047
5,8123,-2058,-7685,12273,-2306,-8153,2843,-7729,-2758,4492,2398,-7731,-3594,-14551,-5301,1239,-19073,-9783,3174,-3761,267,5217,-2304,-4797,0.332355827,5.05376339,1.679647684,0.019686097
5,9056,-278,-6612,15260,-3011,-7654,2959,-7269,-3468,3806,3155,-7936,-1436,-16343,-4301,1700,-21223,-8592,3516,-4973,-626,5042,-3336,-5431,0.322580636,5.05376339,1.630246162,0.019693883
5,10216,3310,-4957,15784,-3465,-6102,2724,-7385,-4129,4195,3512,-8319,2296,-17516,-3511,3153,-20727,-6704,3750,-6033,-1378,5858,-3693,-5607,0.322580636,5.05376339,1.630246162,0.019701671
5,10859,5506,-3269,13826,-3176,-4338,2216,-7120,-4985,5091,3249,-8517,5945,-18593,-1861,5572,-17734,-4378,3489,-6422,-1825,6771,-3224,-5481,0.322580636,5.05376339,1.630246162,0.019709455
5,11322,6390,-1320,11242,-2264,-2469,1991,-6910,-5533,5180,3293,-8857,8484,-18827,603,7803,-14346,-1987,2727,-6524,-2241,7799,-2283,-4976,0.312805474,5.043988228,1.577787161,0.01971698
5,11358,5551,1282,9219,-1461,116,1704,-6889,-6120,6114,3248,-9558,9729,-18125,3354,10155,-12185,105,2314,-5877,-2474,10067,-876,-4860,0.322580636,5.043988228,1.627092957,0.019724745
5,11114,4242,2967,8388,-1681,1887,1420,-4535,-6866,6601,2936,-9945,9677,-17118,5332,12224,-10341,3049,2024,-4456,-2549,12185,-153,-4451,0.312805474,5.05376339,1.580844879,0.019732282
5,10404,2102,4956,6719,-1953,4455,1062,-3737,-7125,6182,2634,-10150,9293,-14959,7962,14484,-8874,5976,1770,-2311,-2676,11756,-1527,-2842,0.317693055,5.043988228,1.60244,0.019739937
5,9583,361,6311,5016,-1932,6515,665,-2380,-7165,6054,2393,-10458,9532,-12084,10456,16431,-6832,9591,2264,-1122,-2871,10415,-2648,-1256,0.312805474,5.05376339,1.580844879,0.019747494
5,8086,-2163,7565,4343,-1787,8683,356,-1452,-7018,5280,2068,-10097,10646,-7873,12227,19794,-4417,11532,3237,-505,-2954,9417,-3692,1,0.317693055,5.05376339,1.605545521,0.019755172
5,7024,-3116,7910,5579,-1735,10559,316,-733,-6600,6028,1373,-9185,11595,-3820,12209,22394,619,13849,3988,377,-2995,8487,-4848,-140,0.317693055,5.05376339,1.605545521,0.019762848
5,5990,-2348,8214,5136,-1211,12798,326,-279,-6209,6455,704,-8817,12311,1600,11001,24024,5950,13706,3912,-72,-2988,5793,-5532,-1008,0.322580636,5.043988228,1.627092957,0.019770619
5,3234,-1366,8711,2069,-1294,17012,972,374,-5191,6592,865,-7071,12548,6167,8838,23352,11056,12969,4029,-1198,-3223,5020,-6193,-2265,0.312805474,5.05376339,1.580844879,0.019778183
5,896,-1147,8924,-1491,-1954,17962,643,-445,-4442,6298,1503,-5404,12501,9173,7019,22329,13899,11272,4373,-1256,-3917,7245,-6201,-3742,0.317693055,5.043988228,1.60244,0.019785862
5,-2696,-1442,8635,-6830,-1954,16377,-14,-1593,-3758,7830,-64,-6090,12313,11761,5427,22463,16102,7318,5300,-312,-4477,6136,-5465,-3160,0.317693055,5.043988228,1.60244,0.019793538
5,-5137,-1748,8228,-8543,-1909,13078,207,161,-3100,8057,-912,-7289,11962,15793,3647,21345,16516,1763,5126,-184,-4374,4120,-3415,-4472,0.312805474,5.043988228,1.577787161,0.019801084
5,-7594,-1863,7379,-9066,-2312,10226,585,3377,-2319,7878,-1008,-8094,11028,18962,252,17619,17973,-5022,4503,-269,-3819,4878,-546,-5055,0.312805474,5.05376339,1.580844879,0.019808631
5,-8995,-2627,7038,-9401,-2348,9635,710,5010,-1961,8149,-708,-8936,6645,18786,-3574,13742,20409,-7507,3628,560,-3280,6085,1290,-5342,0.312805474,5.05376339,1.580844879,0.01981617
5,-10715,-3601,5697,-10152,-1207,8593,955,6517,-1793,6964,-308,-9452,3482,16442,-6218,11176,18577,-9588,2953,1716,-2578,6881,2474,-4406,0.322580636,5.05376339,1.630246162,0.019823981
5,-12027,-3700,4100,-11578,-277,7752,819,6949,-1627,5778,-217,-9258,1939,14221,-7154,10442,15499,-11881,1876,2621,-2109,6955,2232,-3804,0.317693055,5.05376339,1.605545521,0.019831656
5,-12982,-3303,2520,-12969,-600,5698,790,7059,-1480,5315,-839,-9014,2111,12316,-7825,9835,13673,-11353,-516,2272,-855,7676,1770,-4133,0.317693055,5.05376339,1.605545521,0.01983932
5,-13600,-2959,858,-12932,-746,2037,1333,7686,-1408,5270,-1591,-9648,1796,11235,-9230,8954,13094,-10204,-1101,1218,-126,9345,-1740,-6752,0.322580636,5.043988228,1.627092957,0.019847097
5,-13762,-3423,-32,-11407,-217,-837,2080,8062,-1342,5813,-1543,-10147,358,10361,-11431,8161,12199,-9822,670,909,-426,4022,-5437,-7808,0.317693055,5.05376339,1.605545521,0.01985475
5,-13782,-4521,-945,-10398,-287,-4922,3196,7881,-1387,5895,-339,-10722,-2516,10243,-13102,9202,9833,-11345,-446,852,-7,1484,-8523,-3957,0.332355827,5.05376339,1.679647684,0.019862782
5,-13155,-5411,-1566,-10802,-1686,-9303,3846,7193,-1433,4682,551,-10251,-4941,11526,-14719,10878,6903,-17179,-877,-69,481,2908,-8339,-2544,0.332355827,5.05376339,1.679647684,0.01987084
5,-11405,-5641,-2626,-12326,-630,-13376,4265,6023,-1873,2480,1392,-9910,-6978,14150,-16183,11323,6100,-25508,77,-409,25,4478,-3670,-2043,0.337243408,5.05376339,1.704348445,0.019878991
5,-9750,-5413,-4244,-12614,-1107,-14290,4158,5839,-2541,309,1507,-9486,-7075,15505,-16519,9171,4076,-32542,1227,-886,-537,4538,-469,-3540,0.322580636,5.05376339,1.630246162,0.019886805
5,-7775,-3961,-6714,-10895,-3647,-10789,3533,6411,-3846,-2636,1454,-7215,-5694,12944,-15630,1422,3287,-32651,1444,-1101,-790,5795,2083,-5077,0.317693055,5.05376339,1.605545521,0.01989447
5,-6609,-3087,-8669,-12996,-3128,-9704,2762,6156,-4583,-4587,1315,-4794,-6667,5246,-11369,-5090,562,-32651,1157,-1002,-537,8258,1432,-6375,0.317693055,5.05376339,1.605545521,0.019902147
5,-4005,-4158,-9739,-12249,-3619,-12532,2121,4249,-4449,-5879,862,-3321,-3480,-2468,-8866,-5805,-3401,-29087,829,-1102,-570,7672,343,-4630,0.317693055,5.05376339,1.605545521,0.019909799
5,-186,-4074,-10124,-5178,-3300,-15498,3035,625,-2879,-4062,367,-3947,-920,-7675,-9039,-1586,-1234,-26274,1168,-1942,-1305,5591,-2272,-3529,0.327468216,5.05376339,1.654946923,0.019917712
5,1775,-2287,-10386,-3377,-2441,-14857,4158,-2557,-1347,-1570,402,-6286,-1435,-9561,-8884,1391,95,-20949,2485,-3104,-2064,4050,-4079,-3900,0.317693055,5.05376339,1.605545521,0.019925423
5,3576,-2062,-10550,-2484,-1902,-13057,5010,-6593,-191,2487,1398,-11047,-3704,-10698,-8562,3100,-2120,-17292,3940,-4142,-2596,4243,-4452,-5104,0.312805474,5.05376339,1.580844879,0.019932976
5,4688,-3254,-10377,-1510,-1790,-11863,4564,-9894,-629,5940,3085,-11045,-5996,-10902,-7513,3187,-5718,-14988,5115,-5259,-2735,3522,-4466,-5475,0.312805474,5.05376339,1.580844879,0.019940542
5,5980,-4701,-10034,834,-1987,-10670,3570,-12631,-2244,9010,4496,-9507,-6511,-10913,-6387,1928,-8329,-13512,6028,-5950,-2813,3292,-4809,-5829,0.322580636,5.05376339,1.630246162,0.019948326
5,6666,-4810,-9552,3647,-1977,-9590,3091,-11850,-3255,9787,4899,-8931,-6124,-11257,-5505,789,-10831,-11358,7031,-6824,-2778,3298,-4389,-6054,0.317693055,5.05376339,1.605545521,0.019956002
5,7403,-3995,-8811,7452,-2537,-8388,2467,-8276,-4167,9052,4605,-7928,-5251,-11921,-5031,467,-12859,-9058,7900,-7523,-2825,4911,-2990,-6322,0.312805474,5.05376339,1.580844879,0.019963551
5,7842,-2803,-8186,9753,-3038,-7521,2095,-5237,-4642,8145,3828,-8107,-4248,-12501,-4351,466,-14707,-6575,7674,-7351,-2628,7766,-1158,-7318,0.312805474,5.043988228,1.577787161,0.019971078
5,8258,-1280,-7380,11002,-3656,-6467,1841,-3164,-5079,7404,3403,-8176,-2532,-12939,-3487,291,-16125,-4882,6825,-5873,-2153,10024,1638,-8047,0.312805474,5.05376339,1.580844879,0.019978618
5,8691,540,-5913,11456,-4165,-4746,1408,-3711,-4834,6803,573,-8052,-1219,-13479,-2471,468,-16417,-2452,4113,-3619,-1471,10829,3018,-8070,0.317693055,5.05376339,1.605545521,0.019986276
5,8873,1550,-4386,11557,-4424,-3177,1245,-1660,-4909,6365,289,-8253,389,-14014,-1516,841,-15886,125,2108,-2545,-863,9520,4523,-6805,0.317693055,5.05376339,1.605545521,0.019993935
5,8742,2359,-2315,11172,-4488,-842,1810,-1702,-4245,4515,696,-7849,2034,-14526,12,1552,-14788,2384,-549,-1743,-509,8933,2991,-5042,0.317693055,5.05376339,1.605545521,0.0200016
5,8405,2604,-946,10638,-4394,916,1590,-1441,-3844,4060,2462,-8385,3505,-14471,1743,3100,-13245,4107,-1603,-937,-690,9740,1511,-3993,0.312805474,5.05376339,1.580844879,0.020009136
5,7852,2410,709,9530,-4767,2481,971,-1927,-3568,3909,2667,-8626,4081,-13999,3363,5359,-11306,6612,-1614,-86,-1060,9407,-1227,-2840,0.312805474,5.05376339,1.580844879,0.020016693
5,7487,1646,1985,8677,-4806,3554,707,-1971,-3653,4141,2153,-8938,4335,-12468,4199,6797,-9652,9148,-832,1306,-1628,9139,-4590,-1845,0.322580636,5.043988228,1.627092957,0.02002448
5,6841,561,3666,7602,-3937,5384,835,-2181,-3901,4272,1672,-8748,4942,-10616,5258,7777,-9017,10286,833,2220,-2346,8048,-6909,-622,0.322580636,5.043988228,1.627092957,0.020032259
5,6355,-189,4724,7192,-3862,6936,843,-2093,-4098,4509,1470,-8660,6421,-8930,6488,8518,-8293,10384,2067,2404,-2848,6778,-9615,1396,0.322580636,5.05376339,1.630246162,0.020040052
5,5776,-499,5472,7190,-3727,8053,676,-1870,-4223,4535,1408,-8412,7457,-7217,7618,10052,-6100,10621,2166,2273,-2705,5051,-10278,-1372,0.322580636,5.05376339,1.630246162,0.020047834
5,5052,-987,6281,6325,-3600,8495,652,-929,-4336,4216,1150,-8494,7524,-5666,8111,11994,-2534,11571,2091,1349,-2156,3116,-9534,-3308,0.317693055,5.05376339,1.605545521,0.020055508
5,4556,-1673,6960,6332,-3343,9188,822,-108,-4383,3844,930,-8367,6524,-2934,8054,12442,-632,12282,3500,623,-2818,3055,-7955,-3017,0.317693055,5.05376339,1.605545521,0.020063179
5,3539,-2042,7769,6467,-2505,9793,1217,775,-4576,3613,565,-8466,6029,-528,7401,12443,-606,11434,5935,360,-3381,2854,-2863,-5635,0.312805474,5.05376339,1.580844879,0.020070734
5,2716,-1571,8213,6082,-2119,10596,1454,1523,-4721,3790,279,-9110,6643,1230,6591,12315,-339,10759,5629,856,-3225,5103,709,-7399,0.317693055,5.05376339,1.605545521,0.020078411
5,1348,-11,8576,3312,-891,12205,1825,2037,-4720,4064,-81,-9753,7893,2227,6454,13678,1392,9444,4042,2071,-2296,8731,3320,-6459,0.317693055,5.043988228,1.60244,0.020086071
5,-138,913,8474,-1625,-252,13042,2114,2475,-4432,4676,-204,-9465,8572,3984,7479,15845,5201,9049,1728,3440,-1767,9620,3266,-3689,0.317693055,5.05376339,1.605545521,0.020093726
5,-1627,-11,8562,-7311,-925,13445,2204,2184,-3804,4619,1163,-7296,8168,6769,9150,17356,8689,8529,-270,2758,-1619,8396,1929,-2213,0.317693055,5.05376339,1.605545521,0.020101393
5,-3579,-3277,9021,-10175,-1540,11602,1976,956,-3309,4516,1108,-6714,7378,10623,9606,19299,12967,7421,-1740,1692,-989,8637,-439,-3868,0.317693055,5.05376339,1.605545521,0.02010907
5,-4861,-4469,9063,-8790,-1362,9970,1629,1172,-2959,4929,995,-6831,7846,14067,8292,20284,14707,4338,-1441,1468,-27,10053,-2541,-9031,0.317693055,5.05376339,1.605545521,0.020116746
5,-6412,-2561,7963,-9068,296,9801,1310,4031,-2786,5503,1456,-7639,10679,17717,4823,21629,15560,-1669,-804,1524,-649,2767,-4565,-7363,0.322580636,5.05376339,1.630246162,0.020124536
5,-8163,-786,7043,-10296,1437,10450,1283,5710,-2580,5755,1587,-7700,12604,19122,-20,20358,16848,-6081,-40,213,-613,-1103,-9698,-4041,0.317693055,5.05376339,1.605545521,0.020132193
5,-10982,1113,5323,-11611,1976,10476,1242,5022,-1829,6033,2134,-6215,13038,18421,-5506,16340,18958,-9515,-899,346,-466,1604,-6494,-1355,0.317693055,5.05376339,1.605545521,0.020139879
5,-12749,2188,4035,-11414,2509,8073,726,3688,-1161,6494,1956,-5717,12003,16438,-10895,10764,18538,-10154,-154,223,-664,5984,-4948,-2429,0.322580636,5.05376339,1.630246162,0.020147655
5,-13869,3021,1471,-12606,1109,-415,273,3070,-471,7381,-70,-6962,9802,13229,-13947,9085,14977,-11997,1724,14,-57,11047,-1054,-3579,0.317693055,5.05376339,1.605545521,0.02015532
5,-13914,2354,-1102,-15842,-1352,-5344,943,4064,-181,8916,-1396,-9035,5450,13135,-15710,10011,12531,-14971,2132,1088,76,8845,-754,-3046,0.317693055,5.05376339,1.605545521,0.020162979
5,-13139,451,-3014,-16792,-3124,-7839,2111,6958,-500,9099,-1589,-11039,-1573,14136,-14775,9811,11747,-18467,2281,698,-743,6804,-1878,-3126,0.317693055,5.05376339,1.605545521,0.020170651
5,-11692,-3358,-4532,-13601,-3066,-9241,2624,9276,-1371,6348,-1170,-11826,-6076,14176,-12831,7155,8811,-24092,2963,-19,-1822,7834,-1440,-4582,0.312805474,5.05376339,1.580844879,0.020178197
5,-10399,-5434,-5331,-11272,-3045,-9580,2762,10125,-2152,2708,-660,-11703,-6350,12274,-12640,3121,3943,-26854,3212,-216,-2401,6723,-1273,-5375,0.312805474,5.05376339,1.580844879,0.020185757
5,-8995,-5689,-6445,-9255,-2603,-10166,2443,8937,-2148,-1380,-227,-9696,-4749,7624,-12357,920,1016,-25097,2869,-10,-2298,5380,-1285,-4837,0.312805474,5.05376339,1.580844879,0.020193288
5,-7733,-4088,-7435,-8127,-2970,-10670,1922,6769,-1631,-3046,233,-7254,-1388,3162,-11104,-799,-1303,-23969,2744,107,-1284,4152,-1253,-4342,0.317693055,5.043988228,1.60244,0.020200934
5,-5686,-1272,-8571,-4819,-3666,-11263,1104,3360,-920,-3663,147,-5161,1301,187,-10236,-2246,-2350,-20914,2874,76,-541,4897,-1431,-3970,0.317693055,5.043988228,1.60244,0.020208605
5,-3977,969,-9129,-2246,-4085,-11125,1818,887,-283,-2344,-496,-5585,3563,-3039,-9972,-2526,-1888,-17662,2627,-78,-376,5521,-1318,-3710,0.322580636,5.043988228,1.627092957,0.020216389
5,-1829,2564,-9285,-363,-4620,-11300,3595,-2528,562,1208,361,-7775,3044,-5410,-9578,-2227,-2539,-13813,2941,-556,-839,5995,-945,-3570,0.317693055,5.05376339,1.605545521,0.02022405
5,-398,2441,-9192,569,-4400,-10793,4084,-4783,1011,3996,1308,-8168,1278,-6500,-8830,-1405,-4043,-12239,3566,-1162,-1141,5610,223,-4120,0.312805474,5.05376339,1.580844879,0.020231619
5,762,1662,-8870,1041,-4118,-9700,3596,-7243,833,6868,1487,-7434,-187,-7112,-7562,-1719,-5297,-9786,3558,-1910,-1222,4857,747,-4707,0.317693055,5.043988228,1.60244,0.020239273
5,1955,-410,-8250,1612,-3694,-8577,3328,-7716,157,8051,1604,-6642,-2135,-7779,-6546,-1454,-6658,-8429,3188,-2588,-986,4620,469,-4736,0.322580636,5.043988228,1.627092957,0.020247063
5,2653,-1728,-7747,2593,-3354,-7769,3110,-6951,-651,8342,1745,-5846,-3202,-8097,-5283,-1395,-7465,-7279,3085,-2760,-710,4963,-331,-4164,0.317693055,5.043988228,1.60244,0.020254752
5,3449,-2309,-7072,4552,-3485,-7060,2662,-4538,-1492,7711,1547,-5583,-3472,-8121,-4374,-1657,-8451,-6075,3511,-3058,-481,4759,-1517,-3782,0.312805474,5.043988228,1.577787161,0.020262297
5,4033,-1961,-6542,5880,-3424,-6530,2332,-2537,-1782,6568,1171,-5795,-3124,-8229,-3803,-2058,-9778,-5469,4132,-3991,-515,4718,-1842,-4130,0.317693055,5.043988228,1.60244,0.020269962
5,4692,-804,-5833,7044,-3157,-5829,2047,-977,-2079,4627,325,-6411,-2075,-8500,-3426,-2228,-10680,-4817,4444,-4708,-560,5131,-1892,-5134,0.312805474,5.05376339,1.580844879,0.020277517
5,5195,151,-5166,7603,-3226,-5258,2002,-1145,-2355,2762,582,-6619,-766,-9199,-2975,-2241,-11032,-4050,4411,-5221,-637,5592,-1704,-6247,0.322580636,5.05376339,1.630246162,0.020285305
5,5933,1283,-4118,8340,-3447,-4030,2431,-2654,-2651,1541,265,-6787,302,-10117,-2295,-2207,-11170,-2916,3957,-5478,-668,6273,-1904,-6515,0.322580636,5.05376339,1.630246162,0.020293118
5,6466,1820,-3231,8717,-3899,-3387,2222,-2466,-3054,1218,1245,-7069,782,-10958,-1379,-1581,-11295,-1814,3469,-5786,-672,7750,-1846,-6029,0.322580636,5.05376339,1.630246162,0.020300906
5,7001,2037,-2354,8785,-4081,-2828,1705,-4194,-3282,1533,941,-7593,1130,-11286,-500,-666,-11660,-255,2589,-6119,-811,9850,-1244,-5622,0.312805474,5.05376339,1.580844879,0.020308444
5,7537,1733,-1189,8583,-4281,-1846,1378,-5026,-3525,2607,580,-8291,1401,-11490,842,196,-11954,1520,1626,-5366,-979,11719,-592,-4642,0.322580636,5.043988228,1.627092957,0.020316204
5,7829,1216,-156,8646,-4271,-976,1341,-5390,-4033,3807,791,-8780,1700,-11480,2285,956,-12240,3146,1148,-4262,-1137,12270,-436,-3847,0.317693055,5.05376339,1.605545521,0.020323884
5,8102,284,1251,8636,-4194,-5,1297,-5100,-4844,4802,1445,-8589,2191,-11145,3805,2079,-12420,4350,657,-2644,-1280,10798,-1678,-2278,0.322580636,5.05376339,1.630246162,0.020331686
5,8248,-361,2039,8677,-4281,916,1113,-4574,-5241,5073,1847,-8841,3237,-10508,5052,3030,-11671,6011,903,-1567,-1719,9450,-2719,-1067,0.327468216,5.05376339,1.654946923,0.020339616
5,8237,-642,3171,8263,-4520,2605,902,-3398,-5673,4896,1592,-9349,4360,-9520,6641,4041,-10074,7575,1325,-897,-2136,8676,-3565,-538,0.312805474,5.05376339,1.580844879,0.020347176
5,8175,-909,3978,7807,-4896,3785,865,-2526,-5911,4396,1237,-10026,4926,-8365,7988,5078,-7954,8839,2087,-239,-2401,8155,-4662,-485,0.317693055,5.05376339,1.605545521,0.02035486
5,8055,-1320,4767,7401,-4811,5065,811,-2050,-6167,3568,1463,-10145,5106,-7073,9195,6460,-6577,9585,2751,-300,-2799,6935,-5324,-1711,0.317693055,5.05376339,1.605545521,0.020362526
5,7664,-1804,5796,6655,-4984,7546,863,-2036,-6361,3535,1664,-10153,5321,-6215,10497,7620,-4872,10543,3068,-716,-3032,5539,-6131,-3182,0.317693055,5.05376339,1.605545521,0.020370187
5,7153,-2157,6540,6151,-4809,9539,1089,-1996,-6709,4155,1971,-10044,5715,-5784,11386,9392,-3431,10765,2982,-359,-2958,5467,-6529,-3586,0.317693055,5.05376339,1.605545521,0.020377887
5,6173,-2705,7766,5398,-4562,11276,1268,-1790,-6813,5042,1994,-9648,6482,-5803,12365,10648,-1608,11210,2521,293,-2603,5333,-6521,-2737,0.317693055,5.05376339,1.605545521,0.020385565
5,5153,-3009,8530,4309,-4092,11739,1377,-1174,-6614,6071,1185,-9306,7888,-4954,13013,14242,-74,11557,3150,5,-2550,5157,-5372,-2804,0.327468216,5.05376339,1.654946923,0.020393467
5,3839,-2997,8955,3132,-2785,12038,1498,-204,-6370,6466,266,-9307,8931,-3035,12595,17280,3858,12603,4672,-133,-2616,5073,-477,-5365,0.312805474,5.05376339,1.580844879,0.020401005
5,2654,-2757,9267,966,-1256,12347,1961,574,-5924,6296,6,-8551,9274,749,11635,19710,8469,12875,4965,81,-2919,6340,2570,-5858,0.317693055,5.043988228,1.60244,0.020408649
5,610,-2628,9407,-3201,-727,12820,2065,862,-5234,6245,1082,-6990,8839,5427,9966,20484,11692,10885,3979,1945,-2355,8724,2255,-5120,0.322580636,5.043988228,1.627092957,0.020416427
5,-1105,-3101,9472,-5933,-692,13739,1808,433,-4760,5579,998,-6729,8092,9132,8489,20662,13337,8406,1520,3110,-1500,8974,1498,-3709,0.312805474,5.05376339,1.580844879,0.020423982
5,-3054,-3727,9227,-9416,-888,14029,1722,798,-4022,5143,536,-6756,7459,11282,8032,21827,14899,4060,-672,3277,-785,8358,99,-2690,0.312805474,5.05376339,1.580844879,0.020431548
5,-5455,-4631,8502,-11635,-612,11142,1782,2187,-3507,4992,650,-6464,8370,14625,6925,22032,15677,-524,-1048,2400,-559,7974,-1518,-4734,0.317693055,5.05376339,1.605545521,0.020439222
5,-6954,-4625,7822,-11232,289,9617,1700,3352,-3218,6081,880,-6910,9808,17296,3176,21873,17076,-5421,60,1234,-231,7901,-3872,-10259,0.317693055,5.043988228,1.60244,0.020446884
5,-9244,-3970,7012,-11041,2154,9690,1560,4315,-2878,6898,1352,-7348,9279,17694,-2254,19069,18246,-8570,469,1468,-739,2019,-7896,-6797,0.312805474,5.05376339,1.580844879,0.020454431
5,-11057,-3233,6303,-10904,1942,8907,1046,5586,-2191,7441,2020,-7421,8297,16042,-6550,14999,16478,-9143,331,191,-903,159,-9975,-3966,0.312805474,5.043988228,1.577787161,0.020461958
5,-12935,-1323,4535,-12300,1173,5523,677,5694,-1390,7789,1878,-7226,7164,14907,-8315,13557,13102,-11121,1143,-756,-1270,2013,-7209,-3239,0.307917893,5.05376339,1.556144118,0.020469386
5,-13725,-388,3064,-14073,767,1259,539,5371,-586,8670,1022,-7559,6390,14457,-9570,12451,9983,-12820,3330,-981,-2048,3638,-651,-3768,0.312805474,5.05376339,1.580844879,0.020476945
5,-13670,-742,1141,-15101,-670,-3350,809,5592,54,9961,-727,-8834,5069,14899,-10696,11347,8843,-15040,3880,-1307,-1776,4189,2154,-5130,0.317693055,5.043988228,1.60244,0.02048461
5,-13391,-1889,-63,-14140,-2300,-6157,1291,6781,63,10028,-1620,-9698,3438,15301,-11941,9557,7853,-17152,3315,-1203,-758,5617,3741,-6092,0.312805474,5.043988228,1.577787161,0.020492174
5,-12894,-2958,-1003,-12776,-1935,-6560,2174,8669,-510,6949,-2168,-10655,880,14961,-12390,6817,7247,-21010,2118,-921,-211,5215,1980,-5166,0.312805474,5.043988228,1.577787161,0.020499708
5,-12127,-3565,-2261,-11915,-1272,-7436,2940,9239,-970,4069,-1708,-10477,-1393,12340,-12401,4429,6249,-22660,2220,-1832,-574,4614,-349,-4699,0.312805474,5.05376339,1.580844879,0.020507256
5,-11297,-3551,-3531,-11730,-1101,-8503,3183,8536,-1112,692,-361,-9122,-1568,9344,-11983,4147,4968,-23416,3071,-3268,-1553,4917,-2488,-5121,0.317693055,5.05376339,1.605545521,0.020514922
5,-9799,-2618,-5159,-10443,-1101,-9664,2732,7100,-864,-1397,210,-7433,-634,6914,-11692,3167,3160,-22023,4149,-4387,-2142,5402,-3581,-6106,0.312805474,5.05376339,1.580844879,0.02052246
5,-8575,-1688,-6340,-9117,-1176,-10448,1758,4844,-296,-3353,-109,-5445,-184,4852,-11608,2334,2478,-20304,5327,-5245,-2499,4787,-4191,-6525,0.307917893,5.05376339,1.556144118,0.020529935
5,-6882,-637,-7647,-6595,-1140,-10567,1528,2766,92,-3195,-899,-4866,94,2220,-11651,1058,1163,-18716,5942,-5831,-2510,3875,-3937,-6647,0.322580636,5.05376339,1.630246162,0.020537719
5,-5591,81,-8547,-4704,-1513,-10311,2208,373,327,-1626,-1129,-5041,-129,-423,-11502,873,-91,-16781,6100,-6335,-2386,4358,-3167,-6100,0.322580636,5.05376339,1.630246162,0.020545512
5,-3813,346,-9294,-2992,-1832,-9995,3209,-3537,496,1034,-299,-5326,-728,-2255,-11089,1057,-1184,-15131,6294,-6822,-2222,4963,-2825,-6267,0.322580636,5.05376339,1.630246162,0.020553291
5,-2364,95,-9570,-1818,-1973,-10036,3410,-5710,199,3243,40,-6423,-1376,-3210,-10583,1208,-2963,-14012,5956,-7280,-1834,7126,-1203,-6508,0.327468216,5.05376339,1.654946923,0.020561213
5,-874,-291,-9655,-167,-2061,-9968,3293,-6680,-742,5534,658,-6346,-2209,-4321,-10177,298,-4859,-12949,5293,-7293,-1515,9542,1290,-7193,0.327468216,5.043988228,1.651745796,0.020569116
5,852,-1012,-9469,1149,-2052,-9311,3028,-6616,-1757,6709,739,-6062,-3180,-5896,-9421,-481,-6316,-11747,3560,-5633,-1124,11050,2978,-7020,0.322580636,5.05376339,1.630246162,0.020576911
5,1973,-1823,-9198,2301,-2138,-8935,2686,-5353,-2961,6685,454,-6518,-3934,-7453,-8358,-595,-7575,-11127,1824,-3680,-936,11786,3016,-6516,0.317693055,5.043988228,1.60244,0.020584585
5,3221,-2462,-8753,3602,-2172,-8667,2692,-3932,-3627,5850,429,-6898,-4213,-8402,-7171,-571,-8903,-10517,62,-2543,-988,11328,1624,-4454,0.317693055,5.05376339,1.605545521,0.020592248
5,3996,-2445,-8401,4618,-2358,-8487,2605,-3022,-4238,4770,1193,-6613,-4142,-9250,-6282,-511,-9880,-9198,-154,-1107,-1334,10765,-384,-2079,0.322580636,5.05376339,1.630246162,0.020600036
5,4892,-1843,-7977,5559,-2542,-7847,2292,-3117,-4566,4139,1641,-6777,-3638,-9633,-5188,-376,-10410,-7964,405,214,-2024,9350,-2438,-1187,0.317693055,5.05376339,1.605545521,0.020607702
5,5571,-995,-7543,6217,-2930,-7473,1994,-3461,-4792,3239,2105,-7108,-2544,-9703,-4361,-809,-11102,-6988,976,588,-2422,7422,-4984,-1109,0.312805474,5.05376339,1.580844879,0.020615248
5,6260,-8,-6946,6473,-3389,-6699,1531,-5156,-4759,2487,1529,-7569,-1606,-9839,-3522,-1487,-10962,-5337,1077,735,-2777,7198,-8099,-2619,0.317693055,5.05376339,1.605545521,0.020622909
5,7212,986,-5840,7350,-4107,-5782,1317,-4619,-5203,3298,2227,-8206,-606,-10037,-2947,-1996,-11606,-4280,1233,811,-3132,5592,-9230,-3032,0.312805474,5.05376339,1.580844879,0.020630481
5,7925,1551,-4700,8204,-4611,-5104,1126,-5183,-5556,3031,3055,-8142,160,-10619,-2126,-2689,-12131,-2892,1853,686,-3385,4187,-9352,-2664,0.317693055,5.043988228,1.60244,0.020638121
5,8630,1826,-3187,8357,-4985,-3629,700,-5859,-5570,4197,3633,-8690,716,-11507,-849,-2605,-12245,-1696,2770,356,-3666,3926,-8081,-2280,0.322580636,5.043988228,1.627092957,0.020645907
5,8959,1797,-2017,8693,-5167,-2397,122,-5393,-5628,5711,3108,-8685,1179,-12528,612,-2238,-12113,-418,5102,281,-4051,4461,-5414,-3084,0.312805474,5.05376339,1.580844879,0.020653471
5,9128,1603,-583,8776,-5261,-1068,-235,-4622,-5740,6348,2221,-8818,1773,-13244,1711,-937,-11478,967,6486,358,-4307,4863,-1016,-5911,0.317693055,5.05376339,1.605545521,0.020661136
5,9088,1365,408,8623,-5395,48,-251,-3761,-5821,5846,1993,-8596,2509,-13895,3139,611,-10800,2280,6149,1083,-3990,5643,117,-4882,0.317693055,5.043988228,1.60244,0.02066882
5,8895,1263,1521,8622,-5296,1679,-278,-3346,-5822,5529,1912,-8879,3675,-14182,4380,1600,-10155,3823,3895,1665,-3214,6324,35,-4845,0.317693055,5.043988228,1.60244,0.020676468
5,8587,1301,2442,8291,-5519,3237,-219,-2565,-5897,5295,1731,-9151,4717,-14677,5487,3183,-9204,4692,2610,2163,-2629,8250,393,-3837,0.312805474,5.05376339,1.580844879,0.020684013
5,8128,1297,3434,7942,-6106,4652,-53,-1563,-5954,4976,1523,-9609,6338,-14738,6353,5638,-8060,6020,1562,2522,-2364,7973,-61,-2747,0.312805474,5.05376339,1.580844879,0.020691579
5,7474,1063,4597,7125,-6179,5831,181,-939,-5913,4505,1451,-9606,7789,-14354,7449,8636,-6156,7483,550,2427,-2454,7637,-356,-2612,0.317693055,5.05376339,1.605545521,0.020699264
5,6848,520,5401,6225,-6045,6900,665,-7,-6033,3715,1761,-9171,8204,-12835,8455,11129,-4058,10765,-603,2551,-2403,7258,-885,-2973,0.317693055,5.043988228,1.60244,0.020706913
5,6030,-956,6233,5295,-5307,7005,988,-30,-6016,3656,1917,-9264,7797,-9145,9189,14602,-1074,13481,-682,2351,-2069,8159,-1196,-2285,0.312805474,5.05376339,1.580844879,0.020714482
5,5437,-2302,6686,4939,-4718,7963,1360,-1,-5834,3809,2064,-9297,6155,-5479,9046,16607,1566,17074,-525,2295,-1872,8276,-1439,-2758,0.317693055,5.043988228,1.60244,0.020722128
5,4219,-3718,7462,5470,-3907,10286,1788,130,-5613,4023,2264,-9539,4966,-686,7928,16843,1405,16376,-881,1942,-1097,8708,-2820,-4363,0.312805474,5.05376339,1.580844879,0.020729685
5,2894,-3855,8217,5974,-4066,12854,2336,684,-5121,4840,3324,-9731,5946,2493,6790,16328,590,14377,-165,-20,-358,3082,-4225,-7513,0.317693055,5.05376339,1.605545521,0.020737343
5,775,-2434,9013,3820,-3649,14385,2264,929,-4540,5863,4603,-9986,7894,4221,6427,16478,1716,12724,1003,-1266,41,-118,-11346,-5423,0.317693055,5.05376339,1.605545521,0.020745026
5,-996,-1281,9082,-291,-2976,14309,1865,2730,-3301,7551,3422,-9393,9010,5848,7088,17588,5551,10987,1686,-1355,144,2086,-13113,-1941,0.322580636,5.05376339,1.630246162,0.020752819
5,-2910,-1066,8935,-5502,-2623,13318,1780,3321,-2004,7380,2724,-8103,8879,8808,7955,18853,9785,8931,428,1864,-313,8049,-6126,4562,0.317693055,5.05376339,1.605545521,0.020760506
5,-5755,-2827,9661,-9764,-2120,10208,1539,2150,-1012,8126,1628,-7948,8560,12480,8171,19471,11383,4758,3361,1492,-1048,10531,399,-140,0.317693055,5.043988228,1.60244,0.020768169
5,-7468,-3428,10068,-9108,-1797,7459,1700,2390,-79,8937,1076,-8271,10265,16492,6409,18972,11924,1092,4182,-317,-1035,13550,7102,-6452,0.327468216,5.05376339,1.654946923,0.02077608
5,-8549,-1477,9261,-9512,-1721,4470,1890,4068,455,8617,1760,-8398,12495,18428,2329,18884,13463,-7120,1460,592,-1226,10453,5081,-8114,0.327468216,5.05376339,1.654946923,0.020784009
5,-9516,-141,8819,-9947,-606,5727,1628,6757,1033,7945,2968,-8424,12077,19942,-2161,14797,17074,-16943,444,1364,-1194,7569,-1682,-5772,0.322580636,5.05376339,1.630246162,0.020791797
5,-11381,2167,7266,-12251,2344,5206,1035,7466,1475,7426,3178,-7756,8228,16367,-7038,9717,20571,-19544,2118,658,-1544,3358,-5262,-4427,0.317693055,5.05376339,1.605545521,0.02079948
5,-12353,2922,4834,-17043,3592,1788,121,7339,1957,6894,2146,-7444,5381,12884,-8649,7365,19111,-19709,3976,-245,-1828,1705,-4892,-3405,0.322580636,5.05376339,1.630246162,0.020807309
5,-11947,2207,922,-19172,1151,-3394,-306,7889,1932,6209,978,-8121,3659,11492,-8296,4657,16132,-20391,3823,-1222,-1861,2900,-2756,-3533,0.322580636,5.05376339,1.630246162,0.020815115
5,-10772,1212,-1283,-15693,-1376,-5842,-405,9810,1175,4325,97,-9190,2298,10898,-8952,-288,14465,-17969,3055,-1335,-1142,6803,-1146,-3580,0.327468216,5.05376339,1.654946923,0.020823026
5,-9633,940,-3091,-12241,-2721,-7397,-337,11314,200,1915,63,-9466,358,8902,-10323,-1794,10980,-16380,1986,-358,-899,9783,809,-2437,0.322580636,5.05376339,1.630246162,0.020830832
5,-8330,886,-4851,-11221,-3194,-8644,-146,11501,-521,-425,195,-9361,-529,7371,-11138,-1104,8259,-15761,2080,1213,-775,9390,419,-2977,0.312805474,5.05376339,1.580844879,0.020838398
5,-7240,484,-5917,-9797,-2846,-8920,217,8633,19,-2489,828,-8083,-791,6810,-11337,-714,5413,-15263,2571,1855,-571,7172,180,-3867,0.342130989,5.05376339,1.729049087,0.020846641
5,-5881,-113,-6753,-7927,-2992,-9020,283,4842,1194,-3309,1078,-6483,-934,6425,-11253,-1115,2857,-14231,3008,1105,-466,3998,-252,-4186,0.317693055,5.05376339,1.605545521,0.02085433
5,-4929,-320,-7285,-5462,-3116,-8959,-199,-637,2248,-3656,686,-5315,-639,5897,-11148,-1675,315,-13937,3418,-326,-287,3418,-718,-4049,0.317693055,5.043988228,1.60244,0.020862
5,-3760,538,-7966,-2560,-3126,-7917,-88,-3536,2390,-2400,-155,-5900,-145,4582,-10881,-2171,-914,-12986,3481,-1611,-177,3279,-714,-3810,0.317693055,5.05376339,1.605545521,0.020869676
5,-2887,1424,-8493,-1064,-3247,-7611,738,-6112,2313,1981,-265,-7819,-51,2647,-10269,-2543,-2778,-12474,3387,-2549,-170,4349,-253,-3543,0.312805474,5.05376339,1.580844879,0.020877229
5,-1220,2058,-9003,297,-3510,-7132,853,-7714,2127,5233,524,-7335,-156,1001,-9372,-3292,-4435,-11879,3521,-3595,-201,5675,-141,-3841,0.312805474,5.043988228,1.577787161,0.020884782
5,277,1880,-9094,1162,-3691,-6872,389,-8645,1148,7118,980,-5867,-529,-1448,-8238,-4115,-6742,-11287,3844,-4166,-265,6642,11,-4427,0.317693055,5.043988228,1.60244,0.020892439
5,1866,1146,-8755,2192,-3673,-6441,587,-6961,108,7124,1421,-5943,-1090,-4340,-6599,-4994,-8159,-9856,4014,-4417,-241,6801,-238,-5012,0.312805474,5.05376339,1.580844879,0.020900011
5,3802,-462,-7643,4683,-3873,-5857,910,-3931,-1154,5923,1803,-6422,-2232,-7281,-5165,-5090,-9191,-8652,4051,-4871,-242,6255,-508,-5279,0.317693055,5.05376339,1.605545521,0.020907681
5,5082,-1468,-6532,7179,-4265,-6121,874,-2691,-1753,4528,1911,-6615,-3144,-9028,-4225,-4440,-11072,-7490,3678,-5073,-180,5645,-1497,-5477,0.312805474,5.05376339,1.580844879,0.020915249
5,6280,-1861,-5299,9518,-4845,-6751,719,-2471,-2169,3492,1273,-6825,-3676,-10502,-3699,-3611,-13062,-6390,3320,-5090,301,5289,-3360,-5084,0.317693055,5.05376339,1.605545521,0.020922925
5,6765,-1318,-4692,10270,-4579,-6169,669,-2983,-2561,2488,90,-7612,-3019,-11422,-2753,-3216,-14502,-5116,2710,-5254,911,6285,-3865,-4470,0.332355827,5.05376339,1.679647684,0.020930955
5,7242,299,-4051,11117,-4449,-5058,854,-4231,-2681,2005,-126,-8055,-878,-12176,-1933,-2714,-14814,-3987,1607,-5050,1763,7848,-3304,-4329,0.317693055,5.043988228,1.60244,0.020938633
5,7556,1856,-3257,11365,-4616,-4179,1149,-6382,-2828,2850,-264,-9014,860,-12676,-1280,-2018,-14189,-2482,507,-4533,2053,10576,-1278,-4803,0.322580636,5.05376339,1.630246162,0.02094641
5,8029,3783,-1896,11444,-5303,-2716,1124,-5589,-3409,4389,523,-9370,2844,-13029,-872,-1462,-13202,-570,-1163,-3567,1743,12593,302,-4854,0.317693055,5.05376339,1.605545521,0.020954093
5,8274,4901,-806,10698,-5580,-926,1138,-5521,-3869,5176,1352,-9237,4510,-13349,69,-873,-11782,1594,-2294,-2564,557,13319,-233,-3871,0.317693055,5.05376339,1.605545521,0.020961771
5,8333,5234,408,9500,-5622,852,878,-4748,-4049,5898,2027,-9905,5598,-13818,1498,170,-10886,3472,-2089,-2056,-861,11842,-1259,-2438,0.312805474,5.043988228,1.577787161,0.020969307
5,8203,4530,2245,8404,-5934,2902,628,-3095,-4230,5896,2049,-10619,5961,-14043,3204,2066,-9847,5103,-621,-1559,-1821,10323,-2961,-1647,0.312805474,5.05376339,1.580844879,0.020976851
5,8014,3514,3501,7681,-6228,4284,366,-2072,-4470,5407,1518,-10738,6470,-13935,4545,3788,-8418,7221,1356,-462,-2769,9404,-4334,-1376,0.327468216,5.05376339,1.654946923,0.020984741
5,7614,1916,4787,6015,-6298,5808,294,-1532,-4874,4827,664,-10705,6713,-13247,6320,6806,-5984,9116,2860,907,-2900,8044,-5942,-713,0.317693055,5.05376339,1.605545521,0.020992434
5,7290,268,5601,5049,-6619,6424,803,-1293,-5434,4718,-174,-10819,6021,-10902,7920,9005,-3845,12400,4167,1074,-2345,4856,-7394,337,0.317693055,5.05376339,1.605545521,0.021000095
5,6755,-1653,6548,5313,-5423,7815,1274,-946,-5734,4616,-398,-10822,5333,-7922,8707,10789,-2339,13738,4059,-195,-1545,2367,-7718,-464,0.317693055,5.05376339,1.605545521,0.021007771
5,6165,-2080,7117,4982,-4615,9440,2130,-727,-5990,4468,-238,-10085,5324,-5939,9015,12008,-1775,13936,2979,-1252,-1236,3637,-7867,-2668,0.317693055,5.05376339,1.605545521,0.021015456
5,4908,-2266,7975,4059,-3482,11436,2548,-623,-6063,4555,616,-9379,6453,-3567,9203,13890,-90,13641,2768,-643,-1371,6106,-7062,-4162,0.322580636,5.05376339,1.630246162,0.021023232
5,3730,-2235,8435,2560,-2167,12769,2646,-155,-5717,5119,630,-9303,6931,-1106,9322,15872,2763,13470,4294,-392,-2067,5305,-3726,-4741,0.322580636,5.043988228,1.627092957,0.021031022
5,2169,-2344,8692,472,-1365,13778,2928,617,-4840,5865,1009,-8095,6498,1701,9545,17476,6490,13235,5988,-882,-2865,4495,-1252,-4862,0.317693055,5.05376339,1.605545521,0.021038692
5,-249,-2759,8917,-3163,-698,13730,2478,846,-3408,5331,1937,-6320,5759,3886,9592,18241,8772,11614,6148,-836,-3062,6062,1337,-4603,0.312805474,5.05376339,1.580844879,0.021046249
5,-2067,-3399,9420,-4904,-801,12778,1854,-124,-2813,5943,1696,-5492,5720,7087,9059,17984,9754,9511,3928,156,-2507,8046,1890,-5053,0.322580636,5.05376339,1.630246162,0.021054048
5,-4169,-2925,9825,-6463,447,9155,1455,99,-2529,5974,785,-6054,7567,10863,7320,17673,11312,5939,1106,1660,-1822,8733,1657,-5798,0.317693055,5.05376339,1.605545521,0.021061707
5,-5317,-1397,9139,-8726,771,6923,1490,2328,-2148,6677,-83,-6710,10284,15055,5466,17891,11612,1867,496,2253,-1748,8229,-124,-5859,0.312805474,5.05376339,1.580844879,0.02106926
5,-6804,481,7444,-13204,1242,6841,1733,4409,-1855,7320,47,-6813,11550,17510,3296,19565,16316,-6318,500,2493,-1881,6670,-2378,-5290,0.312805474,5.05376339,1.580844879,0.021076825
5,-8259,-74,6822,-12289,601,8748,1696,6015,-1562,7081,823,-6404,8975,19128,-148,15237,21592,-11209,615,2190,-1913,4974,-3917,-4629,0.322580636,5.05376339,1.630246162,0.021084614
5,-10408,360,5196,-12108,2574,8904,1233,6487,-1267,6505,1419,-5942,6255,16701,-3243,10577,21166,-8365,1082,1296,-1315,2236,-6458,-4998,0.312805474,5.043988228,1.577787161,0.021092171
5,-12048,343,3443,-15535,3182,5753,379,6746,-787,6657,1375,-5659,4041,13694,-4998,10763,19622,-8080,2802,-500,-1089,2829,-6200,-5181,0.317693055,5.05376339,1.605545521,0.021099847
5,-13027,-840,1827,-17259,2056,739,-11,6512,-233,7938,1064,-5877,2209,13508,-5756,11768,16830,-8856,2979,-1104,-727,4225,-6470,-4454,0.322580636,5.05376339,1.630246162,0.021107621
5,-13093,-2483,-89,-15975,-177,-5722,-73,6317,587,10228,44,-6891,500,15538,-6471,11809,13621,-12709,2041,-1528,-317,5061,-4512,-3457,0.327468216,5.05376339,1.654946923,0.021115517
5,-12469,-2906,-1327,-14537,-1257,-8192,18,6856,714,10344,-622,-8063,1236,17894,-8545,11883,10580,-18383,1371,-1950,-234,4163,-2653,-3999,0.312805474,5.05376339,1.580844879,0.021123065
5,-11936,-2092,-2693,-11714,-696,-7487,240,7671,376,9004,-966,-9009,1967,17177,-11091,7691,9590,-24335,1593,-2768,-402,3487,-1406,-5128,0.317693055,5.05376339,1.605545521,0.021130748
5,-11669,-748,-3969,-10698,-375,-7474,748,7878,-275,4927,-1720,-8946,2719,15067,-13385,3768,6946,-24595,1907,-3173,-166,3887,-1240,-5477,0.317693055,5.043988228,1.60244,0.021138394
5,-10710,1229,-6264,-9966,-1044,-9855,1211,6842,-658,2456,-1925,-8585,3636,10387,-13728,1980,5483,-22799,1851,-3134,133,5529,-1636,-5239,0.317693055,5.05376339,1.605545521,0.021146081
5,-9343,2456,-7960,-9616,-1828,-11388,1068,5326,-750,142,-807,-6436,3350,6463,-12864,1694,2861,-21588,1490,-3244,301,7121,-1931,-4605,0.317693055,5.043988228,1.60244,0.021153737
5,-7689,2423,-9075,-7141,-2185,-12164,131,4246,-588,-719,-840,-5481,2372,3240,-11906,689,799,-19897,731,-3041,93,8911,-917,-4140,0.317693055,5.05376339,1.605545521,0.021161413
5,-5491,1490,-9938,-3733,-2177,-12037,459,2524,438,-812,-1636,-6239,1149,158,-10759,401,-1923,-17529,-1560,-2443,-99,11161,-899,-2809,0.317693055,5.043988228,1.60244,0.021169085
5,-3750,377,-10140,-1839,-1716,-11760,907,-18,1254,372,-1082,-5909,-104,-1391,-9933,860,-4476,-15443,-1612,-1098,-923,12790,-2673,-1014,0.317693055,5.05376339,1.605545521,0.021176763
5,-1692,-937,-9841,767,-1206,-10629,1025,-4551,1463,2551,-336,-5200,-1106,-3286,-9101,666,-5699,-13273,-310,579,-2059,13148,-4469,767,0.307917893,5.05376339,1.556144118,0.021184204
5,-393,-1618,-9387,2891,-1067,-10056,1033,-6944,990,4602,-173,-5830,-1871,-4844,-8697,452,-6873,-11558,1859,1409,-2631,9983,-8143,3390,0.312805474,5.05376339,1.580844879,0.021191753
5,1024,-2016,-8588,5196,-1537,-9716,1001,-7532,220,6161,202,-5563,-2459,-6016,-8286,-7,-8732,-10463,4367,1470,-3059,6758,-10190,1268,0.317693055,5.043988228,1.60244,0.021199424
5,1773,-1915,-8116,6057,-1551,-8982,1045,-7044,-607,6849,-119,-4921,-2711,-6649,-7634,-405,-10136,-9438,6051,838,-3309,3363,-10247,-1618,0.317693055,5.043988228,1.60244,0.021207077
5,2527,-1306,-7544,7219,-1961,-7871,1235,-5873,-952,6052,-433,-4921,-2234,-7484,-6652,-1298,-11040,-8196,7819,107,-3472,1611,-7089,-4707,0.312805474,5.05376339,1.580844879,0.02121463
5,3076,-488,-7021,8480,-2333,-7405,1202,-4342,-1209,5325,-448,-5510,-1214,-8571,-6119,-1740,-11471,-7538,7535,-274,-3688,2620,-1760,-6775,0.322580636,5.05376339,1.630246162,0.021222454
5,3689,851,-6494,10094,-3023,-7286,889,-3605,-1341,4798,-799,-5777,-167,-9349,-5803,-2056,-12802,-6857,5712,-584,-3819,5442,1924,-7370,0.317693055,5.05376339,1.605545521,0.021230107
5,4462,3194,-5474,11254,-3466,-6824,636,-3465,-1395,4270,-1101,-6051,1576,-10010,-5508,-2135,-13891,-5802,3613,-407,-3609,10068,5303,-6225,0.322580636,5.043988228,1.627092957,0.021237882
5,4995,4874,-4567,11154,-3486,-5880,364,-4018,-1505,3398,-1133,-6241,3293,-10977,-4543,-1826,-14079,-4296,1870,623,-2473,9026,4616,-5935,0.312805474,5.05376339,1.580844879,0.021245433
5,5760,6344,-3079,10634,-3884,-4584,297,-4047,-2063,4193,383,-6937,4811,-11723,-3216,-1316,-13885,-2634,-453,1264,-1250,5116,1366,-3374,0.317693055,5.05376339,1.605545521,0.021253118
5,6245,6715,-1676,10287,-4209,-3049,17,-3456,-2626,3615,793,-6857,5885,-12483,-1853,-1151,-12810,-1100,-1316,1135,-202,8177,-2523,803,0.317693055,5.05376339,1.605545521,0.021260802
5,6587,6288,175,9038,-4361,-793,-245,-3566,-3077,4178,1741,-7663,6301,-12926,-96,300,-11345,799,-1299,1371,425,9351,-2648,-5099,0.322580636,5.05376339,1.630246162,0.021268595
5,6632,5313,1401,8080,-4554,658,-514,-3237,-3254,4448,1864,-8064,6467,-13036,1415,1804,-10011,3356,-2502,314,308,4677,-2975,-6471,0.317693055,5.05376339,1.605545521,0.021276254
5,6566,3660,3012,7306,-5258,2159,-652,-2277,-3450,4878,1978,-8708,6224,-12610,3318,2983,-8991,5561,-2555,-151,443,3751,-5258,-2201,0.322580636,5.05376339,1.630246162,0.021284059
5,6505,2495,4105,7001,-5566,3056,-522,-1176,-3718,4127,2041,-9487,6314,-11632,4980,4280,-8518,6699,-1173,306,566,7860,-7147,-1679,0.327468216,5.05376339,1.654946923,0.021291981
5,6329,1494,5203,6232,-5887,3889,-358,-655,-4104,3184,1843,-10438,6783,-10479,6246,5448,-7565,8271,1116,278,-339,8850,-5724,-1873,0.317693055,5.05376339,1.605545521,0.021299656
5,6416,362,5959,6551,-6392,5410,11,-528,-4652,1833,1450,-11130,7564,-8813,7081,6408,-5812,9739,2118,-68,-1227,7559,-1741,-2378,0.322580636,5.043988228,1.627092957,0.021307418
5,6391,-112,6488,5490,-6139,6599,530,-955,-5308,1594,1191,-11402,7868,-7188,7902,7686,-3192,10548,1973,-54,-1623,7109,1161,-3128,0.312805474,5.05376339,1.580844879,0.02131498
5,6313,-1217,6966,5265,-6110,8702,1318,-1502,-6175,2372,1650,-11623,7513,-5447,8477,9332,-1628,11238,1834,105,-1393,7222,923,-3621,0.307917893,5.05376339,1.556144118,0.021322427
5,5803,-1739,7454,5416,-5651,10305,1722,-1721,-6719,3110,2330,-11280,7374,-4401,8746,11109,-260,11484,1609,347,-1159,7831,-1097,-3491,0.312805474,5.043988228,1.577787161,0.021329956
5,4743,-1519,8062,4028,-4482,12343,1995,-1198,-6828,4586,1847,-11276,7795,-3237,8793,13111,1252,11486,1926,478,-937,6546,-2450,-2524,0.312805474,5.05376339,1.580844879,0.021337507
5,3674,-1048,8336,1474,-3031,13052,2549,34,-6449,5737,1241,-11452,8663,-1506,9168,17047,4546,11923,2138,485,-648,5910,-2432,-2061,0.312805474,5.043988228,1.577787161,0.02134504
5,1736,-1137,8517,-3811,-1735,13751,3255,1618,-5434,5767,2473,-10131,8683,2189,9560,19562,7859,11873,1916,333,-524,6232,-1234,-2274,0.307917893,5.05376339,1.556144118,0.021352498
5,85,-2401,9053,-6821,-1975,13765,2939,1002,-4064,5252,3964,-7356,8198,6850,9514,20433,11367,11550,1466,102,-521,7442,399,-3075,0.322580636,5.05376339,1.630246162,0.021360325
5,-1794,-3710,9582,-8947,-1387,12835,2174,-175,-3485,5452,3657,-6129,7622,9744,9471,20571,13416,8501,895,200,-525,7673,1090,-3906,0.317693055,5.05376339,1.605545521,0.021368001
5,-4173,-4096,8904,-13740,-778,10155,1647,870,-2953,5731,2850,-5799,8891,13937,9408,22631,15904,2505,527,422,-380,7527,934,-3935,0.312805474,5.043988228,1.577787161,0.021375541
5,-5511,-4455,8056,-14478,-1114,8471,1529,2182,-2427,6071,2410,-5584,10802,18305,7439,23122,17018,-3539,210,649,-271,7103,-19,-3572,0.312805474,5.043988228,1.577787161,0.021383088
5,-7198,-3823,6885,-12595,-739,7885,1370,3533,-1827,6855,1998,-5581,12306,20216,3232,23454,17574,-8187,364,663,-67,6758,-1553,-3309,0.307917893,5.05376339,1.556144118,0.021390518
5,-9013,-3243,6315,-10020,1371,10369,1224,4459,-1448,7257,1908,-5733,11834,20279,-1668,17337,20437,-13441,600,461,34,6202,-2440,-3280,0.312805474,5.05376339,1.580844879,0.021398081
5,-11737,-1366,4925,-9962,2964,8962,803,5272,-590,7833,1968,-5914,8365,16560,-7105,9919,20625,-10101,1125,192,-67,5919,-2964,-2811,0.312805474,5.05376339,1.580844879,0.021405654
5,-13161,-678,3144,-13139,1490,3535,487,5335,246,8369,1745,-6692,4391,12139,-10083,10172,15759,-10840,2029,-281,-367,5730,-2784,-2754,0.312805474,5.05376339,1.580844879,0.021413218
5,-13406,-1183,800,-16418,-607,-5193,272,5355,920,9485,1264,-7985,2189,12366,-10389,11669,11711,-13752,2603,-862,-560,5522,-1906,-3173,0.317693055,5.043988228,1.60244,0.021420855
5,-12274,-2014,-817,-15845,-2666,-8930,295,6811,1056,10262,94,-9899,1185,14554,-11073,10728,8244,-19548,2980,-1232,-665,5648,-762,-3912,0.312805474,5.043988228,1.577787161,0.021428391
5,-11101,-2452,-1908,-13411,-3509,-9761,788,9100,385,8413,-456,-11384,1361,16812,-12803,6011,7384,-24721,3120,-1547,-778,5690,-98,-4347,0.312805474,5.05376339,1.580844879,0.021435952
5,-9977,-1721,-3440,-11611,-2932,-9813,1485,10968,-843,3171,-828,-11682,576,14522,-14316,3346,6768,-25778,3120,-1862,-744,5895,377,-4497,0.327468216,5.043988228,1.651745796,0.021443833
5,-8941,-807,-5051,-11387,-3090,-9817,1721,10008,-1308,-394,-904,-10105,451,10104,-14163,1061,5457,-25872,3108,-2035,-660,5727,557,-4683,0.322580636,5.05376339,1.630246162,0.021451611
5,-7500,106,-7234,-11118,-3278,-9717,1401,6474,-1107,-3700,644,-6010,228,6269,-12136,-381,3677,-24021,3144,-2439,-434,5605,403,-4735,0.332355827,5.043988228,1.676398873,0.02145962
5,-5929,98,-8403,-9424,-3138,-10237,365,3506,-581,-4876,907,-3943,164,1676,-10237,-1180,338,-21732,3151,-3054,-83,5197,62,-4515,0.327468216,5.05376339,1.654946923,0.02146752
5,-3406,27,-9383,-4993,-2991,-10874,383,-584,693,-3184,575,-4203,1140,-2164,-8759,-1412,-1760,-18491,3089,-3577,218,5249,-766,-4122,0.317693055,5.05376339,1.605545521,0.0214752
5,-1503,445,-9593,-2027,-2674,-11324,1075,-3327,1788,-1142,372,-5593,1612,-4867,-8547,267,-2718,-17380,3166,-4314,566,5615,-1523,-4499,0.317693055,5.05376339,1.605545521,0.021482879
5,969,1348,-9600,834,-2390,-11113,1233,-5714,2113,586,327,-6756,1395,-6195,-8288,628,-4810,-15417,3409,-4928,588,5686,-2041,-5269,0.322580636,5.05376339,1.630246162,0.021490661
5,2599,1585,-9280,2816,-2147,-9958,1454,-7871,1130,3656,-236,-7915,326,-8078,-7710,-619,-7329,-12947,3422,-5114,285,5770,-2571,-5885,0.322580636,5.05376339,1.630246162,0.021498481
5,4036,1258,-8697,4773,-2329,-8379,1747,-9448,-111,5702,266,-8171,-903,-10494,-6720,-1647,-9393,-10161,2937,-5560,-33,6625,-2407,-5684,0.322580636,5.05376339,1.630246162,0.021506274
5,5526,261,-7605,7714,-2895,-7086,1786,-10238,-1434,7581,1004,-7486,-2210,-12923,-5876,-1741,-10449,-8595,1384,-5917,-40,8197,-1806,-5834,0.317693055,5.05376339,1.605545521,0.021513941
5,6248,-27,-7013,9222,-3792,-6249,1521,-9231,-2126,7423,753,-7391,-2691,-14084,-4995,-1105,-12093,-6829,56,-5418,-309,10133,-1037,-5218,0.317693055,5.05376339,1.605545521,0.021521626
5,6925,377,-6457,11481,-4430,-5061,1454,-6715,-2637,6142,-913,-7718,-2191,-14792,-4444,-512,-13502,-4646,-422,-4739,-695,11112,-946,-4369,0.317693055,5.05376339,1.605545521,0.021529304
5,7317,1786,-5908,12639,-4529,-3954,1637,-5004,-2942,5748,-1537,-8355,-519,-15547,-4038,90,-14358,-2980,-58,-4091,-1506,11595,-1538,-2686,0.317693055,5.05376339,1.605545521,0.021536976
5,7941,4261,-4439,13220,-4818,-2535,1954,-3884,-3465,4140,-945,-9018,1728,-16391,-3752,1060,-14755,-1489,555,-3131,-2424,11151,-2996,-1524,0.317693055,5.05376339,1.605545521,0.021544641
5,8276,5708,-2966,12514,-4662,-1114,2447,-4142,-3748,3377,126,-9281,3700,-17045,-2926,2659,-13941,190,1829,-1584,-2788,9965,-3761,-1448,0.317693055,5.043988228,1.60244,0.021552291
5,8472,6415,-1403,11244,-4603,482,2310,-2496,-4343,3071,1790,-9766,5984,-17344,-1771,5207,-12439,2310,3149,-258,-2872,8961,-4294,-1643,0.322580636,5.043988228,1.627092957,0.021560073
5,8569,5962,629,8484,-3817,2689,1680,-2625,-4678,2237,2633,-9737,7422,-16902,600,7962,-10418,4895,4201,398,-2495,7320,-5369,-1149,0.312805474,5.05376339,1.580844879,0.02156762
5,8408,4569,2168,7070,-3651,4601,966,-2683,-4838,2566,2952,-9994,7671,-15612,3469,9804,-9512,7696,4932,160,-2263,6013,-6373,-230,0.317693055,5.043988228,1.60244,0.021575268
5,7658,1971,4213,5217,-3444,7172,440,-2774,-5301,4284,2612,-9478,7582,-13629,6643,12220,-8426,9583,3407,-128,-2023,6500,-6593,-1840,0.317693055,5.05376339,1.605545521,0.021582935
5,6976,-83,5388,4026,-3511,7753,385,-2344,-5760,5229,1622,-8707,7612,-11357,8912,15399,-6194,11965,1989,481,-1697,6657,-6511,-3110,0.317693055,5.05376339,1.605545521,0.021590602
5,5999,-3092,6612,4548,-3488,8651,583,-2216,-5928,6194,607,-8120,7283,-7040,10837,17420,-3029,14028,1638,638,-1712,5165,-5438,-4112,0.317693055,5.05376339,1.605545521,0.021598296
5,5098,-4548,7243,5548,-3257,9469,951,-1514,-5799,6151,165,-7861,6314,-2320,10995,18171,-477,15340,3037,271,-2116,4860,-2510,-3642,0.312805474,5.043988228,1.577787161,0.021605842
5,3761,-5113,8169,7342,-2980,10908,1196,-708,-5472,5672,322,-7734,5945,1435,9293,17203,1410,14555,3948,204,-2626,5295,-136,-5347,0.317693055,5.043988228,1.60244,0.021613505
5,2437,-4224,8585,7040,-3100,12387,1171,-202,-5197,5971,336,-7609,6521,3206,7878,15530,2085,12796,3633,693,-2731,6524,1532,-6185,0.312805474,5.043988228,1.577787161,0.021621024
5,1088,-2814,8830,5729,-3142,12811,1082,443,-4751,6249,-256,-8055,7432,4804,6490,14810,3210,11077,2297,1952,-2152,7094,1685,-6032,0.317693055,5.043988228,1.60244,0.021628678
5,-825,-898,8769,594,-1954,12613,1561,1447,-4173,6233,-859,-8745,8059,6759,6428,14980,5094,9356,1045,2442,-1493,7474,1905,-5081,0.317693055,5.043988228,1.60244,0.021636365
5,-2368,-712,8424,-4615,-1841,11922,1811,2125,-3864,6463,-599,-8573,7977,9160,7543,15116,7080,7932,-280,2454,-1252,6573,959,-3352,0.322580636,5.043988228,1.627092957,0.021644156
5,-4179,-2949,8832,-10220,-2625,10280,2116,1886,-3540,6450,163,-8429,7201,11162,9118,16349,9915,5429,-1938,1438,-854,5646,-41,-2861,0.317693055,5.043988228,1.60244,0.021651827
5,-5240,-4717,9230,-11322,-3168,7931,2143,1818,-3313,6061,82,-8842,7301,14522,9809,17043,11809,1818,-2058,1437,152,7641,-1702,-3539,0.312805474,5.05376339,1.580844879,0.021659376
5,-5973,-5721,8850,-10266,-3008,6776,2109,3255,-2882,5185,543,-8531,8583,17319,9039,18319,13799,-2592,-769,1637,729,8615,-4921,-5810,0.322580636,5.05376339,1.630246162,0.021667158
5,-6658,-4842,8323,-9542,-1638,6982,1997,4601,-2641,4782,1239,-8157,10396,19162,6407,20225,13958,-6042,-1072,2211,630,3317,-9179,-6149,0.317693055,5.05376339,1.605545521,0.021674847
5,-8288,-2682,7417,-11591,926,8286,1983,5598,-2186,4333,2206,-7408,11784,19567,2987,21054,14455,-9990,-420,163,413,369,-9628,-5298,0.322580636,5.05376339,1.630246162,0.021682642
5,-9979,-2586,6995,-13390,3495,9490,2040,5343,-1653,4343,2963,-6319,10664,18897,-508,18129,19338,-13514,892,-1283,-384,1141,-6480,-2255,0.322580636,5.05376339,1.630246162,0.021690432
5,-11535,-2854,6032,-13633,5073,8139,1693,4357,-864,4696,3704,-5050,7122,15889,-4586,14623,19519,-11396,3501,-1725,-1185,4346,-2299,-3297,0.317693055,5.05376339,1.605545521,0.021698091
5,-12990,-2157,3444,-15067,3738,2363,1039,3710,-404,5464,3243,-5105,4570,13219,-7090,14585,16409,-12663,5063,-1898,-1801,5585,1051,-5334,0.322580636,5.05376339,1.630246162,0.021705886
5,-12989,-1933,956,-17478,477,-3298,627,3596,-104,6774,1460,-6415,3924,13634,-8133,14374,11905,-15214,5129,-2564,-1965,6436,4406,-7357,0.317693055,5.05376339,1.605545521,0.021713547
5,-11822,-2792,-1741,-17840,-3339,-7497,685,5342,-569,8289,-1230,-9133,4302,15828,-8968,12911,8880,-18878,3191,-2843,-1580,6659,3892,-6647,0.322580636,5.05376339,1.630246162,0.02172133
5,-10836,-3569,-2991,-16171,-3542,-7592,752,7519,-1485,7197,-2716,-10675,4519,16831,-10145,11147,7102,-23365,1272,-2927,-1026,6145,1503,-4915,0.317693055,5.05376339,1.605545521,0.021729013
5,-9696,-4105,-4219,-13580,-2600,-6508,1439,8786,-2631,3607,-4056,-10833,3741,15359,-10957,5690,8234,-23432,822,-3494,-436,5357,-2152,-3657,0.317693055,5.05376339,1.605545521,0.021736685
5,-9168,-5083,-5385,-12145,-2790,-6997,2135,7625,-2753,791,-4170,-10058,855,10144,-10305,2815,8857,-21063,1357,-4535,-105,5268,-4475,-4963,0.317693055,5.05376339,1.605545521,0.021744363
5,-8181,-6332,-6753,-9856,-2364,-8339,2805,4175,-1965,-1435,-2489,-7893,-1552,6237,-10176,2455,5249,-19686,2671,-5259,-276,4637,-5818,-6943,0.317693055,5.05376339,1.605545521,0.021752041
5,-7372,-6058,-7654,-7390,-2154,-8736,2731,1773,-1028,-1527,-415,-5996,-1531,2345,-10587,3438,2795,-17693,3779,-5913,-923,3400,-6570,-6588,0.322580636,5.05376339,1.630246162,0.021759834
5,-6628,-4921,-8397,-5709,-1939,-8848,2298,-1283,96,-554,552,-5045,-804,-168,-11233,3739,1558,-15243,4746,-7694,-1502,3882,-5252,-5763,0.317693055,5.05376339,1.605545521,0.021767501
5,-5695,-3302,-9116,-3590,-1375,-8590,2595,-3516,451,1233,142,-6314,-312,-1977,-11664,3456,215,-13970,5029,-8657,-1979,7245,-2601,-6880,0.317693055,5.05376339,1.605545521,0.021775207
5,-4985,-2216,-9604,-2238,-1367,-8531,3221,-4947,249,3277,-166,-8056,23,-3150,-11899,2797,-643,-12693,5100,-7318,-2473,11226,-398,-7587,0.317693055,5.05376339,1.605545521,0.021782884
5,-3717,-1232,-10017,-222,-1523,-8715,3798,-5325,-892,5904,246,-8462,-480,-4648,-12341,1501,-1279,-11709,4071,-5171,-2512,11939,2122,-6802,0.322580636,5.05376339,1.630246162,0.021790687
5,-2696,-787,-10124,1376,-1903,-8796,3581,-5787,-1960,7546,1074,-6948,-1756,-6092,-12733,1062,-2034,-10910,2061,-2544,-2095,9871,2126,-5074,0.312805474,5.05376339,1.580844879,0.021798244
5,-1296,-490,-9935,3248,-2437,-8769,3113,-5502,-2967,8283,1450,-6043,-3056,-7145,-13145,531,-3677,-10972,540,-1596,-1640,6812,810,-4269,0.322580636,5.043988228,1.627092957,0.021806022
5,-334,-305,-9682,4185,-3009,-8875,2955,-3999,-3257,7270,1666,-6048,-3761,-7719,-12856,703,-5882,-10128,-925,-1330,-1361,5879,-1163,-4145,0.327468216,5.043988228,1.651745796,0.021813922
5,715,236,-9280,5512,-3438,-8499,2355,-1963,-3544,4958,1438,-6850,-3968,-8140,-12602,-40,-8969,-10233,-1312,-1324,-1463,5653,-3682,-4215,0.317693055,5.043988228,1.60244,0.021821585
5,1575,1050,-8983,6404,-3965,-8195,1970,-1193,-3837,3407,1430,-7280,-3013,-8810,-11366,-737,-11715,-9062,-538,-819,-2028,5710,-5285,-3929,0.312805474,5.05376339,1.580844879,0.021829136
5,2539,2071,-8437,7545,-4661,-8004,1905,-2272,-3957,2843,733,-7545,-1207,-9404,-9620,-1964,-13829,-8087,1492,-840,-2668,5209,-5847,-3053,0.312805474,5.05376339,1.580844879,0.021836691
5,3954,3638,-7053,9606,-5227,-7854,1728,-2083,-4054,2408,943,-7606,692,-10090,-8133,-3589,-15837,-7113,3014,-639,-3266,5417,-5377,-2122,0.322580636,5.043988228,1.627092957,0.021844462
5,4916,5166,-5654,11221,-5735,-7420,1558,-3079,-3810,2204,1150,-7259,3232,-11652,-6967,-4130,-16453,-5831,3494,240,-3497,6126,-4960,-1378,0.312805474,5.05376339,1.580844879,0.021852009
5,6176,6847,-3758,11499,-6070,-6463,1161,-4200,-3721,3108,1213,-7591,5131,-13059,-5027,-3228,-16227,-4244,3125,1094,-3483,6994,-4884,-1059,0.317693055,5.043988228,1.60244,0.021859657
5,6921,7164,-2245,10749,-5951,-5341,1101,-4555,-4017,4157,1263,-7986,6135,-13890,-2835,-1495,-15102,-2516,3311,1707,-3346,7522,-4446,-2084,0.312805474,5.043988228,1.577787161,0.021867184
5,7591,6011,-259,9437,-5554,-3204,948,-4297,-4637,5182,1064,-8132,6068,-14028,-253,627,-13542,-201,3230,2127,-2985,7344,-4013,-3765,0.317693055,5.043988228,1.60244,0.021874836
5,7998,4324,967,8235,-5101,-1704,1006,-3871,-4939,5332,940,-8695,5568,-13804,1805,2284,-12104,2272,2547,2101,-2935,6272,-2625,-5806,0.317693055,5.05376339,1.605545521,0.021882514
5,8192,2377,2006,7518,-4675,-400,1016,-2958,-5298,4711,610,-8967,5127,-13280,4224,3692,-11010,3638,2590,2092,-3078,5716,-1445,-6619,0.312805474,5.05376339,1.580844879,0.021890078
5,8288,489,3304,7032,-4124,1342,1184,-2231,-5611,4020,817,-8956,5364,-12208,6306,5386,-10309,4518,2581,2469,-2991,5757,-1919,-6215,0.317693055,5.05376339,1.605545521,0.021897737
5,8177,-502,4112,6068,-3931,2813,1216,-1530,-6092,3285,1223,-9012,5895,-11270,8282,6951,-8912,5891,2220,3294,-2724,6361,-3150,-4879,0.327468216,5.05376339,1.654946923,0.021905642
5,8205,-1669,4764,5347,-4044,5236,1331,-1025,-6424,2645,1295,-9146,6533,-9921,9789,9077,-7131,6704,1934,3344,-2622,4996,-3564,-3942,0.317693055,5.05376339,1.605545521,0.021913309
5,8054,-2455,5356,4885,-3791,6917,1633,-681,-6839,1824,1632,-9244,7014,-8736,11468,10794,-5160,7489,1983,2237,-2565,6245,-2834,-2404,0.317693055,5.05376339,1.605545521,0.021920966
5,7795,-4081,6085,4925,-3932,8502,2208,-616,-7291,1734,2601,-9275,6726,-7561,12648,13715,-3051,8342,1446,1903,-1913,12725,-4396,-4575,0.317693055,5.05376339,1.605545521,0.021928625
5,7152,-5064,6660,4968,-3791,9640,2363,-745,-7433,2251,3555,-9445,5831,-5677,13329,16114,-1081,10602,1750,3036,-1440,8817,-1594,-6855,0.317693055,5.05376339,1.605545521,0.021936303
5,5913,-6076,7854,5885,-3212,10678,2324,-684,-7324,3569,4770,-8807,5200,-4021,13082,18057,-10,13162,-357,3423,-884,1373,-6819,-6684,0.322580636,5.05376339,1.630246162,0.021944098
5,4812,-6173,8598,5828,-3664,11256,1907,-734,-6882,4987,5081,-8313,5895,-806,11957,19126,985,15627,344,442,305,-1310,-8674,-6935,0.312805474,5.05376339,1.580844879,0.021951647
5,3722,-5785,9115,4998,-3565,11928,1504,-415,-6097,6531,3869,-8634,6480,3155,11053,19070,2008,15703,1108,-906,-98,1076,-6301,-2349,0.312805474,5.05376339,1.580844879,0.021959206
5,1680,-5189,9916,2377,-3864,13825,1742,614,-5134,7478,3500,-9014,7155,5943,10903,18355,2333,12854,2726,-1056,-957,3057,-3895,-2799,0.312805474,5.05376339,1.580844879,0.021966759
5,27,-4615,10396,-2646,-2919,13954,2218,2117,-3788,8865,2988,-8335,8842,7454,11562,20899,5450,8810,3951,-1733,-593,4783,129,-4151,0.322580636,5.05376339,1.630246162,0.021974545
5,-2868,-4830,10514,-13413,-1628,14037,2650,2029,-2974,8958,3027,-6456,9739,10501,14010,27398,11465,4382,3194,-1396,-580,6364,2918,-6368,0.322580636,5.05376339,1.630246162,0.021982322
5,-4545,-5903,10567,-15903,-780,10092,2596,893,-2322,8462,3346,-4972,12113,16130,13953,30616,15855,-2125,2079,-645,-1065,7823,3849,-5554,0.327468216,5.05376339,1.654946923,0.021990236
5,-6425,-6392,9921,-13206,2313,11067,1615,1606,-1693,8227,2675,-4380,13568,20302,7337,32205,21851,-8023,1816,-433,-1052,8811,3984,-4586,0.322580636,5.05376339,1.630246162,0.021998007
5,-8612,-4764,8669,-9233,4375,15219,802,3709,-1217,7329,2219,-4280,13062,20554,572,27840,24235,-13167,-428,-616,-300,8687,2903,-5095,0.317693055,5.043988228,1.60244,0.022005649
5,-12055,224,5695,-11099,7557,12435,-276,6305,-612,5976,1560,-4764,13631,16689,-8078,15069,19541,-13010,-2541,-537,734,7019,-1736,-4852,0.307917893,5.05376339,1.556144118,0.022013072
5,-13532,2625,2844,-13726,3019,3452,-621,7513,-175,5970,577,-6870,12355,12158,-14231,11032,16754,-11954,-1564,-681,387,4864,-4567,-3833,0.312805474,5.05376339,1.580844879,0.022020623
5,-12915,2718,54,-16607,-2761,-4590,175,8270,525,7731,-562,-11005,9157,12786,-16470,10268,13331,-13414,645,-1574,-236,3999,-6653,-3812,0.312805474,5.05376339,1.580844879,0.022028171
5,-11693,562,-2229,-14940,-4764,-9676,1048,9322,630,7443,-493,-13123,4150,15134,-17284,10274,8068,-18472,3084,-2207,-1671,3786,-5873,-4346,0.317693055,5.05376339,1.605545521,0.022035867
5,-10769,-1366,-3217,-10902,-4080,-10333,1723,9082,-144,3015,-561,-13076,-1119,16088,-18313,5778,6958,-22280,4947,-3207,-2845,4535,-2811,-4685,0.317693055,5.05376339,1.605545521,0.022043534
5,-9704,-2227,-4511,-8414,-5722,-9631,1644,7148,-911,-1114,-799,-10660,-3995,14105,-17480,4376,2303,-25389,6326,-3732,-2958,5084,-1497,-5540,0.337243408,5.05376339,1.704348445,0.022051685
5,-9129,-2388,-5793,-7279,-5485,-8331,912,4665,-1250,-3461,-961,-7567,-3086,9860,-15058,-941,-1889,-24065,6925,-4195,-2464,5007,-1723,-6302,0.317693055,5.043988228,1.60244,0.022059344
5,-7833,-1370,-7606,-7227,-5430,-8030,802,1726,-874,-3404,-1335,-5439,-1950,5008,-10828,-5821,-3991,-24274,7227,-5165,-2166,4191,-1989,-6625,0.317693055,5.043988228,1.60244,0.022067018
5,-5757,-1011,-8275,-3769,-5416,-9695,1289,-150,-145,-1791,-1182,-5329,1786,-1043,-8623,-7055,-6164,-21664,7279,-6148,-2210,4352,-2278,-6709,0.317693055,5.05376339,1.605545521,0.022074699
5,-3231,411,-8381,1081,-5078,-10889,2180,-2694,567,1061,-668,-6713,4323,-6579,-8635,-5163,-3280,-18637,7542,-7119,-2720,5101,-1506,-6642,0.322580636,5.05376339,1.630246162,0.022082504
5,-390,2888,-8474,3076,-4686,-10678,2889,-3822,450,2515,-11,-7907,2740,-9930,-9031,-2172,-2168,-15458,6609,-6738,-2582,7437,929,-6204,0.317693055,5.043988228,1.60244,0.022090167
5,1354,2984,-8560,2204,-4545,-9784,3288,-4973,-576,3624,1151,-8429,562,-11034,-8351,-158,-3963,-11410,3893,-6072,-1689,10187,3064,-6375,0.317693055,5.05376339,1.605545521,0.022097856
5,3169,777,-8215,1676,-4290,-8309,3149,-5478,-1740,4214,2017,-8088,-2474,-11229,-7326,371,-6105,-8530,1059,-4890,-615,11173,2675,-6185,0.317693055,5.05376339,1.605545521,0.022105539
5,4087,-1501,-7779,2788,-4187,-8008,2495,-5431,-3162,4824,2085,-7659,-4868,-10881,-5672,133,-9064,-6811,-532,-3409,-750,11399,1543,-5779,0.317693055,5.05376339,1.605545521,0.0221132
5,4996,-3446,-7106,5586,-3722,-7220,2142,-4866,-3723,5317,1690,-8030,-5489,-10548,-4241,-639,-11415,-6334,-1272,-2793,-1254,11089,-397,-4640,0.312805474,5.05376339,1.580844879,0.022120753
5,5609,-3386,-6496,8503,-4137,-6809,1705,-4069,-3911,5432,1449,-8351,-4610,-10257,-3481,-1446,-14171,-5021,-680,-1651,-2042,9084,-2672,-2570,0.317693055,5.05376339,1.605545521,0.02212842
5,6415,-1536,-5416,11398,-4890,-6146,1011,-3553,-4036,4260,693,-8420,-2481,-10409,-3143,-2274,-15810,-3711,821,-807,-2682,8399,-4010,-1893,0.317693055,5.05376339,1.605545521,0.022136101
5,7091,488,-4592,11858,-5292,-5479,1173,-3856,-4290,3763,763,-8170,-4,-10966,-2615,-2192,-16568,-2421,1896,-275,-2909,7229,-5123,-1143,0.322580636,5.05376339,1.630246162,0.022143891
5,7578,2004,-3452,11611,-5297,-4119,1480,-3499,-4862,3343,1879,-7638,2270,-11769,-1463,-1968,-15960,-555,3054,-295,-2855,5903,-6460,-254,0.317693055,5.05376339,1.605545521,0.022151556
5,7953,3093,-1696,10612,-5325,-1981,1384,-3558,-5005,3466,2765,-7591,3477,-12675,252,-764,-14485,751,3258,-873,-2858,5396,-6916,-692,0.332355827,5.05376339,1.679647684,0.022159569
5,8093,3148,-410,9558,-4935,-472,1029,-3357,-4789,4023,2584,-8104,4523,-12947,1783,937,-12445,2646,2958,-739,-3021,6503,-7377,-2343,0.337243408,5.05376339,1.704348445,0.022167722
5,7992,2397,1040,8390,-4792,1468,812,-2932,-4673,4463,2370,-8428,4896,-13203,3810,2589,-10614,4349,2869,632,-2952,6316,-7266,-2324,0.322580636,5.05376339,1.630246162,0.022175511
5,7780,1610,2056,7612,-4876,2828,644,-2369,-4806,4450,1689,-8538,5343,-12981,5657,3942,-9634,5659,3576,961,-2849,4742,-6933,-2703,0.317693055,5.05376339,1.605545521,0.0221832
5,7352,464,3480,6798,-5256,4472,736,-2112,-4957,4541,1361,-8717,5762,-12461,7239,5715,-8402,6753,4898,36,-3086,4037,-5509,-3339,0.312805474,5.05376339,1.580844879,0.02219075
5,6935,-467,4446,6327,-5243,5465,912,-1626,-5128,4551,963,-8671,6540,-11811,8283,7661,-6685,8124,5699,-424,-3165,5298,-1726,-5791,0.327468216,5.05376339,1.654946923,0.022198671
5,6137,-1437,5347,5883,-5471,6219,1079,-1105,-5199,4278,942,-8903,7125,-10316,9318,9905,-4441,10002,5277,664,-2910,6277,1602,-7356,0.322580636,5.05376339,1.630246162,0.022206467
5,5834,-2095,5880,6151,-5519,6482,1347,-362,-5277,3815,1033,-9411,7257,-7814,9620,11552,-2813,12110,3988,1420,-2563,7158,2735,-7068,0.317693055,5.05376339,1.605545521,0.022214141
5,5476,-2589,6523,6870,-5164,7833,1972,357,-5526,3131,1563,-9662,6836,-4499,8915,12703,-110,13977,2095,2827,-2230,8080,2595,-4950,0.317693055,5.05376339,1.605545521,0.022221824
5,4826,-2826,7218,6367,-4792,9447,2392,305,-5742,3330,2941,-9779,5893,-2244,8176,13273,718,14704,462,3238,-1840,7696,1383,-3209,0.322580636,5.05376339,1.630246162,0.022229601
5,3981,-2731,7712,4925,-4690,11244,2728,572,-5997,4099,3120,-10052,6394,349,7560,14119,910,13902,-896,2614,-1696,6804,277,-4217,0.312805474,5.05376339,1.580844879,0.022237143
5,2427,-2375,8084,1699,-3973,13711,3044,749,-5996,5038,2943,-10638,7716,2436,8153,14930,2379,12407,-1621,1195,-1103,8237,-1767,-7154,0.317693055,5.043988228,1.60244,0.022244837
5,1151,-2227,8317,-1153,-4059,14554,3830,1489,-5359,5650,2893,-10258,9189,4603,9158,16724,4793,11381,-475,2377,-440,8462,-3977,-8792,0.307917893,5.043988228,1.553134203,0.022252243
5,-747,-2894,9070,-6176,-4416,13879,3951,1043,-4628,6316,3903,-9206,9540,6363,9765,18440,8876,9566,-951,2161,323,2069,-6995,-7490,0.317693055,5.043988228,1.60244,0.022259906
5,-2443,-3886,9885,-9816,-3776,13004,3221,-637,-3871,7180,2986,-8553,9199,9497,10105,21790,12663,6791,-212,29,600,-621,-8548,-4745,0.317693055,5.05376339,1.605545521,0.022267591
5,-4534,-4465,9564,-15510,-1548,8844,3052,60,-3146,7064,1801,-7976,11132,14871,10103,25468,15862,-216,1618,-1721,-53,-372,-6194,-2494,0.307917893,5.05376339,1.556144118,0.022275021
5,-5758,-4361,8489,-15457,-547,7176,3085,1300,-2514,6872,1601,-6499,14559,20699,7454,28099,17521,-7372,3108,-2477,-1299,2931,-3816,-3170,0.317693055,5.05376339,1.605545521,0.022282675
5,-7239,-3424,7426,-14078,1009,9309,2817,2735,-2002,6703,1473,-5632,15472,22011,83,30926,20572,-19130,4599,-2400,-1582,5055,842,-5569,0.317693055,5.05376339,1.605545521,0.022290356
5,-10550,-2043,6661,-11103,7033,14790,2651,3935,-1619,6014,1965,-4185,12662,20476,-7878,14540,25717,-20105,4170,-2361,-1539,7044,2746,-6425,0.322580636,5.05376339,1.630246162,0.022298157
5,-12938,380,4116,-10617,8772,12041,1667,4919,-805,5188,2376,-2755,9801,11162,-15364,11381,19591,-15306,3266,-2326,-902,7636,2373,-5791,0.317693055,5.05376339,1.605545521,0.022305824
5,-14887,3918,-794,-14850,4407,893,769,5073,-30,5735,1596,-3492,6775,6492,-17622,11485,16093,-14475,1531,-3007,-119,6588,503,-4781,0.317693055,5.043988228,1.60244,0.022313491
5,-14531,3405,-3562,-17272,958,-9036,689,6955,800,8676,-1192,-8538,3289,8109,-17326,14006,9584,-13649,-34,-3938,567,5029,-2126,-3076,0.317693055,5.05376339,1.605545521,0.022321155
5,-12304,-530,-5914,-15382,-1256,-15315,1300,9848,733,9860,-1845,-12333,-1039,12826,-18359,15210,3750,-17733,-172,-5126,267,3440,-4262,-3536,0.322580636,5.05376339,1.630246162,0.02232896
5,-10639,-3212,-6752,-11063,-1645,-14759,1450,12040,-628,5956,-2029,-12942,-6131,16483,-18913,12873,1968,-25679,780,-5641,-348,3518,-5862,-5409,0.317693055,5.05376339,1.605545521,0.022336636
5,-9068,-5577,-7508,-6241,-2499,-10873,1604,10585,-1808,-65,-3480,-11900,-7778,15743,-18247,9296,-1791,-28440,2135,-6367,-1029,4095,-4496,-6431,0.322580636,5.043988228,1.627092957,0.022344425
5,-8598,-6542,-8357,-6392,-2034,-8610,1794,7444,-2382,-4898,-4246,-9056,-8077,10255,-15307,2786,-3651,-26931,2543,-7336,-1170,5848,-2944,-6256,0.317693055,5.05376339,1.605545521,0.022352112
5,-7887,-7156,-9257,-7221,-2150,-9313,1927,3733,-2338,-6998,-3377,-5263,-7117,5359,-12089,-3011,-7562,-25055,2884,-7091,-996,10285,-1877,-7219,0.317693055,5.05376339,1.605545521,0.022359796
5,-5304,-7390,-9412,-1803,-2045,-12035,1941,1442,-1486,-4533,-1589,-3912,-2723,-993,-9748,-2613,-8284,-21249,2451,-4863,-1177,13005,-869,-6477,0.317693055,5.05376339,1.605545521,0.022367463
5,-3515,-4923,-9210,1888,-1667,-12586,2632,-3064,-28,1096,-1265,-6084,-158,-5471,-9708,-561,-5781,-18414,1749,-1968,-1906,11977,-1393,-4764,0.322580636,5.05376339,1.630246162,0.022375258
5,-1746,-1182,-9291,3203,-1796,-12531,3286,-5386,181,4361,-185,-7881,-20,-7507,-10185,1650,-4497,-16136,1958,-944,-2803,9087,-2216,-2374,0.317693055,5.05376339,1.605545521,0.02238296
5,-493,62,-9289,3190,-2219,-11816,3319,-6683,-1008,6785,908,-7865,-1005,-8130,-10320,1659,-5549,-13418,2545,-485,-3007,7791,-2714,-1261,0.322580636,5.05376339,1.630246162,0.022390755
5,1149,-515,-9112,3147,-2938,-10834,2972,-6529,-2274,7473,1335,-7150,-2962,-8600,-9536,833,-7731,-11631,2160,-206,-2616,7130,-3217,-1445,0.322580636,5.05376339,1.630246162,0.022398556
5,2144,-1850,-8691,3694,-3360,-10387,2437,-5602,-3255,7301,1979,-6326,-4973,-8987,-7852,-171,-10727,-10713,1137,-18,-2465,6112,-4143,-2237,0.317693055,5.05376339,1.605545521,0.022406232
5,3446,-3113,-7863,5686,-3850,-9970,1952,-4397,-3425,6319,2077,-6405,-5501,-9301,-6012,-1478,-13079,-10124,414,85,-2627,5862,-5271,-3842,0.322580636,5.043988228,1.627092957,0.022413984
5,4399,-3071,-7125,7600,-4321,-9903,1103,-2695,-3366,5129,1653,-6736,-4723,-9465,-4577,-2326,-15583,-9203,1510,213,-3246,5498,-5588,-4035,0.322580636,5.05376339,1.630246162,0.022421798
5,5363,-2195,-6084,9379,-4579,-9926,617,-2301,-3532,4210,858,-7134,-2914,-9735,-3805,-2977,-17142,-8127,2803,704,-3562,5341,-5418,-3550,0.317693055,5.05376339,1.605545521,0.022429468
5,6466,-304,-4605,11038,-4612,-8883,503,-3173,-3454,3041,-1021,-7198,-746,-10382,-2858,-3408,-17202,-6860,3934,1093,-3512,5494,-5229,-2880,0.322580636,5.05376339,1.630246162,0.022437241
5,7149,1140,-3605,11032,-4793,-7495,997,-3285,-3774,3450,103,-7182,1254,-11355,-1572,-3194,-16240,-5318,4709,1400,-3293,5562,-5166,-2643,0.317693055,5.05376339,1.605545521,0.0224449
5,7794,2333,-2270,9827,-4489,-5174,1041,-4046,-3861,3522,255,-6853,2439,-12195,-97,-2088,-14275,-3552,5025,1239,-3181,5589,-4686,-3470,0.322580636,5.05376339,1.630246162,0.022452686
5,8123,2697,-1265,8892,-4273,-3618,738,-4717,-3916,4754,630,-7407,3519,-12995,1002,-468,-11692,-1867,4747,1076,-3034,5952,-3419,-5857,0.327468216,5.05376339,1.654946923,0.022460589
5,8387,2717,-165,7929,-4201,-1418,692,-4410,-4095,5222,587,-7494,4077,-13223,2525,390,-9608,311,3674,1648,-2932,6276,-1501,-6014,0.312805474,5.05376339,1.580844879,0.022468142
5,8384,2456,529,7190,-4225,-33,790,-3461,-4347,5537,331,-7952,4155,-13410,3943,1503,-8360,1793,3296,2204,-2973,6350,-976,-4967,0.312805474,5.05376339,1.580844879,0.022475719
5,8185,1797,1424,6539,-4827,1951,966,-2760,-4451,5382,507,-8150,4221,-13597,5140,2637,-7460,3195,2603,2241,-2864,6720,-568,-3039,0.312805474,5.043988228,1.577787161,0.022483265
5,7951,1304,2228,6291,-5248,3282,1165,-2081,-4471,4900,821,-8536,4782,-13472,6004,4341,-7090,4715,1019,1517,-2389,7004,-929,-3193,0.312805474,5.043988228,1.577787161,0.022490799
5,7498,791,3237,5595,-5613,4409,1325,-1573,-4458,4510,1405,-8992,5824,-13178,6977,5737,-6219,6251,336,809,-1509,8827,-1158,-5228,0.312805474,5.05376339,1.580844879,0.022498351
5,6993,196,4171,5861,-5510,5622,1175,-973,-4410,3965,2090,-9459,6864,-12342,7709,8173,-5070,7673,1330,1570,-1053,6138,-3722,-6040,0.312805474,5.05376339,1.580844879,0.022505924
5,6544,-129,4980,5654,-5306,6112,1062,-584,-4658,2970,2581,-9896,7318,-10414,8059,10672,-3219,10220,263,1775,227,2951,-7594,-4952,0.322580636,5.043988228,1.627092957,0.022513693
5,5831,-838,5802,5622,-5155,7265,1182,-680,-4928,2607,3107,-9934,7203,-7860,7859,12802,-389,13413,-677,302,862,2838,-6872,-3519,0.322580636,5.043988228,1.627092957,0.022521475
5,5396,-1237,6458,5519,-4330,8421,1174,-957,-5202,2894,3622,-9766,6567,-4052,7234,14156,1097,14834,411,-704,-42,2468,-3676,-2975,0.317693055,5.05376339,1.605545521,0.022529133
5,4110,-1010,7205,4108,-3540,11117,1253,-805,-5106,3545,2972,-10148,6970,-561,6468,14668,1280,13293,2113,-1238,-669,5567,-1382,-3932,0.312805474,5.05376339,1.580844879,0.022536702
5,2715,-358,7442,942,-2689,13219,1919,60,-4684,4909,2586,-9973,8344,2291,6875,16777,2730,11725,1652,-613,-307,7278,29,-5460,0.317693055,5.043988228,1.60244,0.022544356
5,896,72,7366,-4038,-2751,14506,2377,671,-3833,5962,3346,-8194,10003,4653,8026,18530,7118,10873,1126,-250,-653,7341,2010,-5131,0.317693055,5.05376339,1.605545521,0.022552034
5,-1534,-1543,7506,-10521,-3377,13946,1958,-547,-2771,6532,2771,-6396,10044,8259,9536,20616,11963,8990,960,85,-1324,8226,2035,-3803,0.322580636,5.05376339,1.630246162,0.022559829
5,-3367,-3905,7830,-12783,-3627,12054,1426,-242,-2119,7282,1936,-6256,9450,12230,10135,21422,14114,5075,-205,-324,-984,8152,1180,-3449,0.317693055,5.043988228,1.60244,0.022567464
5,-5268,-5939,7704,-10714,-3339,9683,1044,1817,-1565,7275,1501,-6319,10120,15619,8171,21859,14840,1019,-436,-667,-443,6910,-2184,-3499,0.312805474,5.05376339,1.580844879,0.022575004
5,-6416,-5401,7189,-8451,-2535,9151,937,3995,-1076,7122,1455,-7087,12485,17510,4987,20977,14310,-4204,217,-958,-243,5364,-5156,-3616,0.312805474,5.043988228,1.577787161,0.022582563
5,-8216,-3265,6308,-6676,-353,10772,1050,4682,-763,6777,1559,-7522,13934,17624,-930,16125,16394,-9536,1870,-1315,-904,3991,-6674,-3544,0.317693055,5.05376339,1.605545521,0.022590229
5,-9896,-2018,5661,-6403,551,9568,1033,5275,-347,6566,1564,-7740,11758,14951,-7306,11467,17971,-9690,4440,-1945,-2209,3640,-4969,-4010,0.322580636,5.05376339,1.630246162,0.022598013
5,-11624,-637,3443,-9203,485,5033,802,5443,17,6380,977,-7979,8438,12016,-11893,9031,17520,-10456,7058,-2453,-2912,5224,-1991,-4409,0.317693055,5.05376339,1.605545521,0.022605687
5,-12362,64,1291,-11958,-1419,406,634,5804,323,6628,-138,-8738,3826,10688,-12927,7914,14185,-11694,8101,-2550,-2909,6165,-466,-5119,0.327468216,5.05376339,1.654946923,0.022613579
5,-11907,-535,-468,-13428,-3969,-5348,625,6594,258,6560,-808,-9596,-588,11432,-12700,8233,11040,-14513,7997,-2749,-2163,6913,1554,-5309,0.312805474,5.05376339,1.580844879,0.022621132
5,-10448,-2920,-2262,-13779,-4773,-8764,934,8007,-228,4548,-1396,-10630,-3365,13286,-13335,7210,8297,-19413,7161,-3409,-1782,6858,1496,-5367,0.322580636,5.05376339,1.630246162,0.022628909
5,-9194,-4363,-3109,-10971,-3873,-9353,1339,8612,-868,1826,-1400,-10685,-3229,14328,-15302,5018,5402,-23221,5947,-4063,-1531,6952,1498,-5709,0.322580636,5.05376339,1.630246162,0.022636704
5,-7890,-3777,-4422,-8336,-3357,-8365,1528,8249,-1410,-1415,-971,-9434,-2729,12607,-16318,1008,4637,-22746,5215,-4519,-1461,5711,634,-5685,0.322580636,5.05376339,1.630246162,0.022644514
5,-7132,-2157,-5860,-7423,-4328,-7535,1209,5777,-1515,-4840,-326,-6556,-2541,8605,-15719,-724,1863,-21935,3917,-4732,-1232,4399,-193,-5821,0.317693055,5.05376339,1.605545521,0.022652216
5,-6176,-317,-7674,-7088,-4260,-6375,1087,2749,-1015,-5128,-143,-4825,-1968,3945,-13151,-2904,193,-19208,2457,-5006,-475,3956,-585,-5650,0.317693055,5.05376339,1.605545521,0.022659929
5,-5075,-45,-8639,-6402,-3911,-6692,1689,-2050,23,-2121,495,-4577,-1284,-853,-10192,-4439,-1592,-17426,1249,-5628,602,5008,-1237,-5699,0.317693055,5.05376339,1.605545521,0.022667613
5,-2837,-584,-9000,-1989,-3587,-8712,1977,-5122,747,879,410,-6202,-38,-4082,-8985,-3723,-3448,-15487,52,-5847,1034,7902,-681,-6197,0.322580636,5.05376339,1.630246162,0.022675389
5,-1014,-188,-8839,1313,-3261,-9964,1877,-7166,766,6071,180,-8527,266,-7042,-8992,-1327,-3801,-14769,-501,-5384,547,10428,-1530,-6215,0.322580636,5.05376339,1.630246162,0.022683183
5,524,623,-8586,2879,-3112,-10599,1661,-7641,-22,9154,875,-7437,-880,-8495,-9126,-802,-5586,-12645,-717,-3814,-788,12810,-2518,-5336,0.322580636,5.05376339,1.630246162,0.022690995
5,2027,734,-8326,3600,-3292,-10345,1312,-6497,-1778,9928,739,-6342,-2047,-9251,-8649,-361,-7649,-11021,-418,-2122,-1678,12037,-4478,-2778,0.332355827,5.05376339,1.679647684,0.022699006
5,3000,-72,-7965,4767,-4015,-10108,1331,-4355,-2648,8375,848,-6595,-2889,-9408,-7333,-1123,-10841,-9587,571,-394,-2318,10253,-6063,-108,0.327468216,5.043988228,1.651745796,0.02270689
5,4074,-1169,-7081,7121,-4512,-8889,1512,-2348,-2887,6283,960,-6727,-3859,-9896,-5898,-2765,-14001,-7777,1623,236,-2658,7504,-6759,853,0.312805474,5.05376339,1.580844879,0.02271444
5,4764,-1229,-6272,9254,-4867,-7982,1225,-1279,-2848,4046,1293,-6664,-3283,-10933,-4109,-3148,-16430,-6425,2945,88,-2789,5047,-7406,1173,0.307917893,5.05376339,1.556144118,0.02272189
5,5694,189,-4893,12076,-5327,-7256,575,-2072,-2764,2924,1452,-7050,-1055,-11742,-2937,-2863,-18068,-4989,3880,-739,-2999,4146,-7101,-885,0.312805474,5.05376339,1.580844879,0.022729445
5,6288,2041,-3713,12587,-5608,-6395,634,-4218,-2644,3163,790,-7733,976,-12229,-2111,-2068,-17408,-3145,4426,-1169,-3271,4778,-6431,-3163,0.317693055,5.043988228,1.60244,0.022737106
5,6827,4131,-2025,11657,-5032,-4503,568,-4082,-2767,3685,952,-7727,3596,-12449,-1379,-795,-15985,-916,4991,-819,-3339,5253,-5281,-4147,0.312805474,5.05376339,1.580844879,0.022744684
5,7072,4928,-629,10257,-4698,-2934,513,-4636,-2828,4906,1599,-7849,5654,-12525,12,675,-13682,975,5021,-572,-3205,5077,-3128,-3994,0.317693055,5.043988228,1.60244,0.022752345
5,7147,4956,737,8864,-4119,-1326,-95,-4376,-2909,5599,1044,-7865,6814,-12213,1807,1855,-11438,3041,4032,-922,-3192,5485,-1733,-4536,0.307917893,5.05376339,1.556144118,0.022759775
5,6917,3992,2193,7934,-4561,667,-201,-3396,-3137,5962,349,-8147,6906,-11530,3570,2789,-9411,4629,3653,-311,-3189,7574,170,-4977,0.317693055,5.05376339,1.605545521,0.022767449
5,6612,2845,3110,7769,-5225,1920,-102,-2235,-3246,5849,-69,-8283,6491,-11005,4762,3576,-8088,6554,2923,1186,-2768,8173,959,-4629,0.312805474,5.043988228,1.577787161,0.022775004
5,6123,1336,4150,7115,-5385,3264,43,-1415,-3215,5675,-488,-8536,6036,-10083,6113,5048,-7252,7722,1879,2240,-2241,8152,976,-3938,0.312805474,5.043988228,1.577787161,0.022782553
5,5788,398,4807,6921,-5311,3652,271,-522,-3263,4862,-853,-8703,6119,-8507,7014,5846,-6282,9210,1219,2607,-1742,7582,-1495,-3012,0.317693055,5.05376339,1.605545521,0.022790221
5,5242,-604,5774,6742,-5730,4538,673,-115,-3509,4167,-665,-8819,6424,-6668,7417,6721,-5141,10188,-284,2361,-1373,6808,-2681,-2744,0.317693055,5.05376339,1.605545521,0.022797907
5,5039,-779,5954,7118,-5828,5437,1173,356,-3804,3698,-212,-9260,6795,-5158,7475,7354,-3685,11043,-1101,2242,-1163,6525,-3798,-2905,0.312805474,5.043988228,1.577787161,0.022805447
5,4517,-704,6544,6224,-5406,7131,1628,536,-4035,3491,179,-9716,7218,-3248,7255,8333,-1875,11272,-1213,1971,-916,6921,-4108,-3908,0.317693055,5.043988228,1.60244,0.022813104
5,3996,-594,6937,5608,-4975,8616,2111,602,-4227,3968,927,-10318,7589,-1645,6870,9287,-474,11076,632,1096,-457,9687,-4393,-6261,0.322580636,5.05376339,1.630246162,0.022820888
5,3173,-228,7298,3676,-3635,9578,2138,677,-4449,4753,1361,-10841,8364,135,7046,11732,739,10754,-152,2395,-11,5881,-5721,-5157,0.317693055,5.05376339,1.605545521,0.022828573
5,1762,199,7399,-1175,-2702,10864,2185,1265,-4273,5585,1539,-10158,9110,2226,7991,14038,3704,10256,-1921,1301,694,1478,-7933,-3264,0.317693055,5.05376339,1.605545521,0.022836244
5,375,-438,7492,-6106,-2901,11101,2144,1390,-3622,5251,2870,-8323,9566,5944,9045,15993,8060,9509,-1240,-332,517,3348,-5656,-1081,0.322580636,5.05376339,1.630246162,0.022844026
5,-1493,-2518,7921,-9857,-3369,10232,1366,-490,-2881,5085,2998,-6455,9534,9701,9927,17139,12466,6924,1167,-277,-498,4821,-1933,-3427,0.307917893,5.05376339,1.556144118,0.022851465
5,-2749,-3375,7919,-10637,-2896,8949,960,-609,-2358,4806,2444,-6026,10501,13567,9170,19023,14012,3149,1393,23,-674,6515,1180,-5437,0.317693055,5.05376339,1.605545521,0.022859132
5,-4364,-3108,6921,-11976,-2155,8631,846,818,-1967,4830,2141,-5884,11536,16083,6356,21179,17609,-3222,47,851,-312,8863,1631,-6199,0.322580636,5.05376339,1.630246162,0.022866942
5,-5896,-3699,6528,-10454,-1071,11261,879,3060,-1449,5369,2252,-5235,10235,17272,1963,16826,24307,-7546,-985,1086,-281,8177,476,-4138,0.332355827,5.05376339,1.679647684,0.022874961
5,-7794,-3145,5637,-8616,867,12466,780,3878,-1007,5646,2570,-4818,7537,14379,-4010,10646,22737,-6601,-750,804,-694,7134,-2259,-2878,0.322580636,5.05376339,1.630246162,0.022882743
5,-10418,-1157,3282,-10395,362,10042,185,4166,-283,6677,2121,-5723,5255,10574,-7278,9172,19994,-5893,-86,433,-770,4834,-5605,-3745,0.322580636,5.05376339,1.630246162,0.022890519
5,-11626,-498,1699,-12309,-2361,5243,-131,4392,388,8300,1102,-7553,3661,9309,-8307,8088,15025,-5393,1702,-335,-791,4140,-7555,-4915,0.322580636,5.05376339,1.630246162,0.02289832
5,-11945,-1166,173,-13446,-3840,-1342,107,5505,1082,11015,-104,-10247,1892,10322,-8465,7849,11487,-6281,3735,-841,-1233,3232,-6781,-4260,0.312805474,5.05376339,1.580844879,0.022905869
5,-11466,-2609,-651,-13377,-4768,-4966,770,7146,891,11096,-483,-11568,-238,12826,-8688,7071,10001,-9799,5653,-1426,-1817,3202,-2901,-4239,0.312805474,5.05376339,1.580844879,0.022913434
5,-10421,-4794,-1224,-11185,-5748,-6823,2090,8336,-214,8033,-526,-12408,-1834,15053,-9468,5605,8599,-14435,6823,-2001,-2277,4641,1254,-5146,0.317693055,5.05376339,1.605545521,0.022921117
5,-9889,-5788,-1472,-9554,-5915,-7046,2881,8302,-1010,4516,-278,-12198,-2468,15356,-11036,3304,8267,-17888,6705,-2241,-2481,5825,2447,-6434,0.317693055,5.05376339,1.605545521,0.022928789
5,-9115,-5429,-1832,-7552,-4548,-6444,3058,7600,-1261,1640,-108,-10782,-1008,14082,-12488,-460,5919,-21452,5662,-2439,-2354,6462,3530,-5908,0.312805474,5.05376339,1.580844879,0.022936366
5,-8731,-3464,-2984,-6994,-3972,-6587,2625,5972,-934,-643,185,-8016,-504,10136,-13493,-1022,5903,-20340,4044,-2723,-1870,6874,2254,-4595,0.317693055,5.043988228,1.60244,0.022944022
5,-8025,-620,-4767,-7696,-3658,-7332,2097,4498,-509,-1790,217,-6273,624,6415,-13111,-984,4188,-21193,3232,-2995,-1082,6477,1382,-4265,0.312805474,5.05376339,1.580844879,0.022951599
5,-6746,2445,-7291,-7982,-3524,-8087,1673,2124,32,-2669,-100,-4965,2046,2662,-11894,-2022,2863,-19960,3061,-3175,-540,5604,338,-4537,0.322580636,5.05376339,1.630246162,0.022959396
5,-5289,3427,-8680,-7043,-3619,-8574,1950,584,345,-2641,-391,-5211,2205,-222,-10706,-2078,1512,-17827,3011,-3472,-86,4627,-666,-4763,0.312805474,5.043988228,1.577787161,0.022966936
5,-2858,3091,-9657,-4564,-2856,-9170,2853,-1846,677,-1246,-174,-5737,1890,-3513,-9918,-1385,-140,-15803,3189,-4361,-12,3801,-1891,-4912,0.317693055,5.05376339,1.605545521,0.02297461
5,-1064,2453,-9846,-2315,-2440,-9142,3016,-4157,811,685,192,-6245,816,-6211,-9373,-516,-1573,-13971,2888,-5178,-237,4077,-2735,-5691,0.322580636,5.043988228,1.627092957,0.022982383
5,1316,1345,-9720,-118,-1842,-9336,2740,-6627,439,4624,312,-7080,-800,-7883,-8888,1125,-3357,-12880,1702,-6471,-395,6580,-2360,-5976,0.307917893,5.043988228,1.553134203,0.022989806
5,2775,318,-9353,1441,-1367,-8959,2319,-8085,-424,7354,709,-5978,-2213,-8628,-8174,1417,-5505,-10923,470,-6701,-594,9418,-710,-6269,0.312805474,5.05376339,1.580844879,0.022997366
5,4229,-1392,-8551,3481,-1353,-8416,1945,-8101,-1587,8577,217,-5765,-4103,-9485,-7490,1313,-8372,-9101,-127,-5988,-817,11403,383,-5721,0.312805474,5.043988228,1.577787161,0.023004906
5,4933,-2772,-7879,5432,-1357,-8423,2360,-5304,-2426,7823,-154,-6284,-5520,-10027,-6452,1251,-11847,-8059,-477,-4441,-1114,13304,-1222,-4484,0.312805474,5.05376339,1.580844879,0.023012465
5,5391,-3515,-7055,8354,-1757,-8487,2415,-3537,-2545,6816,411,-6233,-5754,-10221,-5324,454,-15178,-7552,175,-2524,-1900,11329,-3113,-2516,0.317693055,5.05376339,1.605545521,0.023020148
5,5859,-2325,-6065,12154,-2408,-8003,1914,-2630,-2762,5053,908,-6337,-4112,-10716,-4293,-952,-18595,-6763,682,-1856,-2525,9022,-5121,-1436,0.312805474,5.043988228,1.577787161,0.023027664
5,6337,-55,-5351,14052,-3195,-7200,1363,-2910,-3093,3673,823,-6245,-682,-11666,-3630,-1330,-19693,-5494,2379,-1325,-2844,7136,-6805,-428,0.317693055,5.043988228,1.60244,0.023035327
5,7091,3555,-3891,14782,-4088,-5590,915,-4492,-3405,1984,634,-6868,2950,-12836,-2910,-1238,-18563,-3459,4498,-1367,-3304,6533,-7626,-502,0.317693055,5.043988228,1.60244,0.023042981
5,7523,5653,-2391,13520,-4387,-3680,1057,-5652,-3520,3192,1658,-7816,5730,-13827,-1808,-71,-16516,-1604,5432,-1454,-3779,6360,-7198,-2128,0.322580636,5.05376339,1.630246162,0.023050778
5,7740,6753,-88,10516,-4373,-1182,546,-5035,-3739,4257,1560,-8049,7207,-14295,78,1963,-13637,1073,5361,-1167,-3867,6598,-5832,-4261,0.322580636,5.05376339,1.630246162,0.023058573
5,7645,6099,1515,8438,-3873,472,100,-4963,-3625,5578,1682,-8665,8218,-14227,1873,4160,-10811,3451,4827,-350,-3733,6603,-4822,-4293,0.327468216,5.05376339,1.654946923,0.023066476
5,7212,4353,3206,7390,-4196,2473,-540,-3944,-3612,6239,339,-8971,8477,-13275,4149,5548,-8605,5602,4352,285,-3748,5936,-3638,-3216,0.317693055,5.05376339,1.605545521,0.023074178
5,6715,3185,4264,6447,-4896,4141,-199,-2278,-3866,6278,-547,-9006,8428,-11899,6200,6445,-7274,7831,4873,208,-3984,5485,-1558,-3453,0.322580636,5.05376339,1.630246162,0.023081971
5,6087,1772,5089,5060,-5256,5433,66,-1404,-4095,6012,-634,-8910,8342,-10399,7990,8076,-5298,9086,5059,248,-3749,6488,629,-4713,0.322580636,5.05376339,1.630246162,0.023089781
5,5333,-552,6028,4406,-5229,6231,170,-581,-4365,5439,-876,-8745,8021,-8730,8981,10118,-2951,10795,4148,1288,-2997,7228,611,-4606,0.317693055,5.05376339,1.605545521,0.023097459
5,4654,-1746,6594,5100,-5283,6990,375,-72,-4519,4663,-1208,-8753,7712,-5911,9544,11461,-181,12693,2276,1627,-2299,6198,603,-3915,0.322580636,5.05376339,1.630246162,0.023105271
5,4113,-2266,6701,5621,-5465,7639,1046,262,-4585,3820,-1038,-8999,7007,-2569,8858,11879,1902,13806,780,1928,-1761,7075,-552,-3100,0.312805474,5.05376339,1.580844879,0.023112819
5,3616,-2211,6835,5208,-4852,8818,1684,439,-4761,3449,-1142,-9465,6391,380,7252,11805,3651,13159,353,2521,-1546,8093,-1186,-2851,0.317693055,5.05376339,1.605545521,0.023120493
5,2728,-1573,6778,3099,-3494,10742,2519,546,-5284,2595,-1543,-10452,6384,2040,6319,12094,4000,10725,-630,2741,-1396,6446,-1420,-3957,0.322580636,5.05376339,1.630246162,0.02312828
5,1693,-953,6552,-211,-3146,11988,3205,171,-5653,2661,-875,-10460,7324,3804,6153,12829,5802,9222,-888,1836,-1251,6856,-1776,-4870,0.317693055,5.05376339,1.605545521,0.02313596
5,198,-1172,6176,-6700,-3261,12411,3687,-613,-5523,3553,1974,-8638,7778,5988,7250,13945,9473,8637,-414,1429,-645,9390,-2760,-5602,0.312805474,5.05376339,1.580844879,0.023143513
5,-948,-2744,6154,-11073,-3526,11473,3177,-977,-5352,3187,2886,-7804,6941,9215,8819,15985,12277,7421,-223,1874,-175,7032,-3900,-6094,0.317693055,5.05376339,1.605545521,0.023151185
5,-1945,-4825,6243,-13091,-3366,9100,2443,-751,-5061,3386,3400,-7495,6768,12329,9453,17512,15066,3732,-1373,1574,203,1772,-7548,-3728,0.307917893,5.05376339,1.556144118,0.023158614
5,-3065,-6811,5714,-13573,-3974,6478,1784,1066,-4707,3747,4267,-6557,7863,16622,8768,18450,17297,-361,-1456,143,564,870,-7433,-2933,0.312805474,5.05376339,1.580844879,0.023166168
5,-3873,-7396,5045,-12992,-4501,6212,1455,1637,-4391,4039,4478,-5923,9227,19534,5877,18959,18826,-5637,-383,-32,215,3291,-5384,-3042,0.307917893,5.05376339,1.556144118,0.023173604
5,-5647,-7350,4563,-9510,-2659,7700,1098,1821,-3867,5085,3520,-5689,9849,20172,491,17001,19687,-9893,1707,99,-257,6182,-2271,-4816,0.312805474,5.043988228,1.577787161,0.023181127
5,-7537,-6493,4220,-7972,-844,7875,895,2057,-3316,6158,2563,-5593,9093,18361,-6000,9198,20599,-11350,2277,-12,-426,7159,-864,-5429,0.312805474,5.05376339,1.580844879,0.023188679
5,-9890,-5105,2875,-8154,-1825,4803,812,1709,-2164,7542,1668,-5611,5842,13555,-10470,4205,19959,-12331,1924,-346,-1159,6691,-230,-5559,0.312805474,5.043988228,1.577787161,0.023196204
5,-10868,-4266,1405,-9608,-3116,-30,744,1199,-1279,8950,1153,-5988,1691,10000,-14290,4084,16706,-13748,2255,-806,-1852,5874,567,-5111,0.317693055,5.043988228,1.60244,0.023203852
5,-11048,-4226,-585,-11229,-5203,-6026,580,1775,-532,10789,208,-7892,-2731,9447,-15483,6340,12884,-15486,2740,-1188,-2318,5065,313,-5835,0.312805474,5.043988228,1.577787161,0.02321141
5,-10308,-4371,-1748,-10946,-6336,-8367,616,3723,-611,10923,-525,-9798,-4754,10416,-15793,6239,7455,-19627,2996,-1546,-1741,3990,-417,-5811,0.322580636,5.05376339,1.630246162,0.023219213
5,-9565,-4199,-2687,-11203,-7422,-9322,997,6332,-1217,8845,-1441,-11392,-6743,11691,-15123,3760,4712,-22187,3006,-2016,-1056,3163,-1152,-5308,0.317693055,5.043988228,1.60244,0.023226857
5,-8316,-4721,-3956,-9283,-6527,-9978,1714,8201,-2191,4016,-1551,-11368,-6523,10307,-14565,857,2113,-24358,3023,-2384,-215,3297,-1868,-3855,0.317693055,5.043988228,1.60244,0.023234496
5,-7139,-4415,-5057,-8008,-6949,-10199,1718,7547,-2473,773,-1137,-9975,-5634,6861,-13130,-1983,437,-25165,3664,-2935,-92,3859,-2887,-3492,0.317693055,5.043988228,1.60244,0.023242157
5,-5556,-3335,-6615,-8464,-6935,-9159,1210,5635,-2138,-2282,-715,-7630,-5146,3402,-10089,-6024,-1268,-24425,4993,-4197,-448,5157,-2611,-4715,0.307917893,5.05376339,1.556144118,0.023249602
5,-3767,-3370,-7294,-6242,-6775,-9845,927,3909,-1545,-3647,-678,-6410,-2457,-1504,-8446,-7472,-3578,-21222,5553,-5221,-849,6523,-1541,-6554,0.312805474,5.05376339,1.580844879,0.023257155
5,-1193,-2394,-7747,-1418,-6059,-10117,1609,746,-438,-3272,-1038,-6716,-477,-5948,-7621,-5621,-2309,-17884,4899,-5659,-986,7192,36,-7505,0.317693055,5.043988228,1.60244,0.023264805
5,370,-1077,-7880,1085,-5451,-9659,2451,-1765,153,-1446,-618,-7783,-515,-8751,-7853,-3817,-1730,-14760,2963,-5354,-994,6627,825,-7468,0.312805474,5.05376339,1.580844879,0.02327235
5,1649,-60,-8119,1546,-4932,-8860,3144,-5254,336,1130,204,-8774,-1579,-10286,-7725,-1550,-2583,-12345,1018,-5205,-850,6382,668,-6461,0.322580636,5.05376339,1.630246162,0.023280129
5,2981,-139,-8337,1454,-4126,-8174,3045,-7400,-270,2795,396,-9179,-2868,-10572,-7213,31,-4571,-9966,236,-5102,-405,8207,-12,-6870,0.317693055,5.05376339,1.605545521,0.023287805
5,3864,-957,-8324,2673,-4002,-7767,3128,-8049,-1284,4751,623,-9433,-4039,-10446,-6416,12,-7200,-8398,-723,-4666,-130,9282,-1153,-5986,0.312805474,5.05376339,1.580844879,0.023295343
5,5088,-1881,-7905,5134,-3327,-6821,2588,-7870,-2581,6189,1069,-8307,-4640,-10795,-5627,-478,-9550,-7174,-1504,-3650,-171,9532,-1241,-4495,0.312805474,5.05376339,1.580844879,0.023302879
5,5799,-1995,-7470,7534,-3044,-5931,2191,-6845,-3394,6512,1229,-7990,-4281,-11617,-4678,-612,-12770,-6517,-1475,-2972,-816,9647,-2996,-3826,0.312805474,5.05376339,1.580844879,0.023310427
5,6715,-668,-6578,10584,-3561,-4966,1610,-4607,-4283,6507,2102,-7536,-2575,-12402,-4101,-644,-14958,-5014,-551,-2272,-1454,8215,-5251,-3143,0.317693055,5.05376339,1.605545521,0.02331809
5,7325,816,-5547,12219,-4129,-4234,863,-3634,-4674,5911,1723,-7521,-472,-13425,-3513,303,-15857,-2926,1107,-1625,-2132,7215,-6372,-2271,0.312805474,5.05376339,1.580844879,0.023325631
5,7908,2674,-3913,12527,-4110,-2803,538,-2560,-4651,5112,721,-7736,1334,-14315,-2646,1345,-15731,-361,2356,-1391,-2686,5729,-6691,-1529,0.317693055,5.043988228,1.60244,0.023333287
5,8091,3331,-2516,11878,-3675,-1562,419,-1117,-4562,3710,77,-7602,2555,-14756,-1172,3163,-15454,1214,3681,-1477,-3056,5505,-6606,-1862,0.322580636,5.05376339,1.630246162,0.023341093
5,7911,3328,-979,11263,-3367,111,571,-1349,-4231,2794,362,-7578,4193,-14681,259,4834,-14381,3632,3763,-1092,-3207,5592,-5225,-3411,0.312805474,5.05376339,1.580844879,0.023348656
5,7366,2829,823,10161,-2969,2618,439,-1697,-4105,2374,428,-7558,5994,-14299,2348,6620,-12867,5345,3278,-360,-3082,5532,-4271,-3947,0.312805474,5.05376339,1.580844879,0.02335622
5,6749,2578,2148,9381,-2944,4449,368,-2196,-3992,2851,480,-7808,7697,-13557,4351,8198,-11359,7119,3249,-29,-2998,5515,-3003,-4078,0.317693055,5.05376339,1.605545521,0.023363912
5,5831,1969,3686,8167,-3107,6682,525,-2235,-4004,3323,361,-7987,8905,-12068,6164,10592,-8791,8571,3343,258,-2835,5717,-561,-4831,0.337243408,5.05376339,1.704348445,0.02337208
5,5076,1133,4546,7173,-3880,7923,536,-2174,-3856,3953,-66,-8506,9113,-10351,7517,13273,-5932,11397,3181,197,-2767,5116,1710,-5849,0.317693055,5.05376339,1.605545521,0.023379758
5,4056,-768,5695,6447,-3986,8536,543,-1724,-3559,4281,-1508,-8949,8616,-6680,7934,15521,-1643,14688,2806,286,-2673,5702,3084,-5906,0.312805474,5.05376339,1.580844879,0.023387318
5,3526,-2129,5989,7563,-3307,8446,723,-1109,-3414,3810,-1905,-8956,6757,-1780,7254,15989,1422,16342,2040,1635,-2485,8230,1884,-3378,0.327468216,5.043988228,1.651745796,0.023395218
5,2088,-2214,6209,7373,-3324,10515,1247,-157,-3707,3949,-1578,-9401,5612,2262,5925,14815,1873,15330,1158,2443,-1930,9361,140,-886,0.317693055,5.043988228,1.60244,0.023402898
5,1010,-1368,6085,5697,-4360,12242,1641,1065,-3811,4272,-1566,-9984,6119,3962,5145,12776,2079,12924,-345,2942,-1126,9410,-1842,-2666,0.332355827,5.043988228,1.676398873,0.023410894
5,-44,-608,5860,3060,-5437,13175,2106,1742,-3903,4087,-1070,-10163,7162,5093,5097,11335,4173,11929,-2413,2958,-528,5340,-4040,-6460,0.312805474,5.043988228,1.577787161,0.023418434
5,-1288,-834,5499,-1344,-6138,13052,2297,1888,-3918,3568,-1185,-10243,6901,6349,5951,11402,7160,11224,-1318,2573,-1056,3890,-5912,-5565,0.312805474,5.05376339,1.580844879,0.023425998
5,-2134,-2370,5493,-3506,-6724,12199,2410,2246,-3939,3429,-921,-9896,5862,8099,6836,11181,8843,10727,92,2332,-1491,3887,-6327,-3911,0.332355827,5.05376339,1.679647684,0.023434028
5,-3230,-4398,5571,-5843,-6456,10754,2613,3002,-4049,3966,-972,-10218,5217,9641,7420,12116,11116,9080,1654,2036,-1227,10037,-5782,-3704,0.322580636,5.043988228,1.627092957,0.023441801
5,-4082,-5719,5376,-6286,-6235,9304,2968,3314,-4040,4112,-836,-10516,5324,12275,7200,13057,12121,6578,2213,1880,-421,12649,-4140,-8435,0.317693055,5.05376339,1.605545521,0.023449482
5,-5087,-6298,5049,-6294,-5486,7855,3511,3420,-3790,3983,914,-10406,6701,14880,5545,12975,13042,3939,1241,1168,-799,1513,-5021,-7946,0.312805474,5.05376339,1.580844879,0.023457048
5,-5898,-6018,4813,-6104,-5521,7037,3426,3623,-3555,3812,2071,-9719,7913,16633,2834,12251,13821,498,1256,-967,-1123,498,-8003,-3853,0.312805474,5.05376339,1.580844879,0.023464596
5,-7199,-5074,4315,-7755,-5039,6227,2933,2988,-2938,3514,2273,-8288,8141,17219,-436,12256,15506,-3052,2743,-409,-1443,3399,-7371,-2393,0.317693055,5.043988228,1.60244,0.023472257
5,-8400,-4797,3946,-8809,-3210,5565,2530,2314,-2398,4107,1786,-7468,7040,16933,-3445,10558,16847,-8180,3543,-48,-1591,5951,-684,-3546,0.317693055,5.043988228,1.60244,0.023479922
5,-9611,-4867,3254,-10475,-1337,5107,2214,1980,-1917,5706,710,-6639,3613,15046,-7166,9984,18539,-12103,2275,406,-1033,9022,3789,-3375,0.307917893,5.05376339,1.556144118,0.023487365
5,-10987,-5330,1582,-13592,183,1212,2305,2334,-1812,6894,243,-6134,-814,13239,-8782,10241,17323,-15232,834,601,-310,9568,4968,-4893,0.317693055,5.043988228,1.60244,0.023495018
5,-11137,-6760,-38,-15195,-788,-4153,2249,2880,-1725,7280,-96,-5784,-3166,13791,-10069,9996,14190,-17261,47,1032,-69,7854,1756,-5264,0.312805474,5.05376339,1.580844879,0.023502555
5,-9971,-9118,-1960,-13526,-2996,-10395,1758,3991,-1572,6426,-1146,-6104,-5486,15155,-11573,9529,10533,-21219,-341,767,-177,6141,-3133,-4677,0.317693055,5.05376339,1.605545521,0.023510236
5,-8715,-9931,-2901,-10430,-2921,-11258,1469,5783,-1676,4512,-2201,-7284,-6041,16564,-14531,7538,6034,-27622,881,135,-621,4825,-5957,-4525,0.322580636,5.05376339,1.630246162,0.02351802
5,-7508,-8224,-4130,-6634,-1999,-10523,1752,8425,-2166,956,-2802,-8215,-5031,14377,-17526,4052,5392,-26615,2000,-555,-1412,3772,-6386,-4742,0.317693055,5.05376339,1.605545521,0.023525685
5,-7019,-5302,-5913,-6089,-3310,-9296,2086,8526,-2453,-1843,-2520,-7461,-5211,9282,-17347,3179,2432,-25608,3763,-858,-1743,2673,-5853,-4231,0.317693055,5.05376339,1.605545521,0.023533363
5,-6757,-3428,-7732,-8371,-3637,-8185,2526,4787,-2071,-3654,-1238,-6049,-6002,5516,-14894,1543,131,-24700,5612,-1559,-1853,3535,-3542,-4378,0.327468216,5.05376339,1.654946923,0.023541275
5,-5200,-3679,-9095,-7959,-3334,-9233,2485,1084,-1328,-3084,45,-5703,-5365,1109,-10865,-2022,-5079,-22280,5946,-2077,-2063,4671,-1878,-4957,0.317693055,5.05376339,1.605545521,0.023548955
5,-3134,-4527,-9229,-3731,-3152,-10577,2356,-3174,-365,-701,499,-6475,-2545,-3538,-8892,-2525,-6663,-19078,6382,-2196,-2201,5706,-192,-5767,0.317693055,5.05376339,1.605545521,0.023556629
5,-575,-3207,-8936,1761,-2695,-11150,2466,-5158,-112,1662,878,-6952,-897,-6939,-8601,-1415,-5821,-17006,6308,-2468,-2252,5711,711,-5628,0.317693055,5.043988228,1.60244,0.0235643
5,743,-1403,-8606,3412,-2438,-10603,2336,-6413,-493,3926,1575,-6576,-826,-8729,-8827,-530,-5522,-14336,5780,-3196,-2039,5238,773,-5732,0.317693055,5.05376339,1.605545521,0.023571976
5,2165,177,-8280,4187,-2969,-9678,2173,-6857,-1579,5315,2113,-6750,-939,-10290,-8726,-58,-6829,-11952,5008,-3774,-1648,5252,709,-5843,0.332355827,5.05376339,1.679647684,0.023579974
5,3093,665,-8110,4281,-3282,-9091,1932,-6631,-2319,5383,2307,-6966,-1239,-10983,-7755,275,-8285,-9999,4152,-4057,-1048,5212,486,-5867,0.322580636,5.05376339,1.630246162,0.02358776
5,4229,631,-7729,4967,-3627,-8451,1641,-5640,-2834,5139,2464,-7033,-1781,-11005,-6124,150,-9876,-8475,3489,-4134,-515,5353,477,-5755,0.322580636,5.05376339,1.630246162,0.023595544
5,5115,606,-7225,6143,-3646,-7809,1147,-5183,-2969,5136,2150,-6832,-1680,-10877,-4602,-525,-11619,-6272,3093,-4280,-265,5198,-908,-5800,0.317693055,5.05376339,1.605545521,0.023603216
5,5834,920,-6553,7372,-3733,-6990,404,-4598,-3174,5190,1047,-7349,-998,-10736,-3629,-924,-12422,-4278,2730,-4541,-149,5762,-1954,-5750,0.317693055,5.05376339,1.605545521,0.023610899
5,6593,1846,-5355,8916,-4022,-5805,168,-4313,-3334,4768,311,-7907,47,-10664,-2661,-1190,-13098,-2696,2080,-4858,-168,7022,-2421,-5966,0.312805474,5.05376339,1.580844879,0.023618456
5,7047,2560,-4235,9982,-4162,-4907,329,-5021,-3332,4022,-437,-8126,1277,-10802,-1949,-1331,-13450,-1593,1445,-4634,-311,8451,-2340,-5984,0.312805474,5.05376339,1.580844879,0.023626013
5,7477,3440,-2603,10454,-4233,-3722,378,-4516,-3520,4602,1010,-8187,2269,-10941,-1052,-910,-13519,-288,754,-4283,-832,9054,-1625,-4929,0.312805474,5.05376339,1.580844879,0.023633551
5,7718,3906,-1405,9778,-3932,-2618,154,-4065,-3772,4376,1609,-7959,3355,-11176,-69,-346,-12853,1107,350,-3550,-1218,9693,-1798,-4001,0.312805474,5.05376339,1.580844879,0.023641089
5,7751,3521,107,8827,-4235,-542,-453,-3916,-3989,5143,1938,-8418,4020,-11279,1536,63,-11297,3129,336,-3132,-1510,9662,-2841,-2808,0.307917893,5.05376339,1.556144118,0.023648513
5,7620,2706,1111,8701,-4348,703,-857,-3344,-4078,5592,1152,-8709,3880,-11326,3174,1157,-10304,4351,631,-2075,-1730,9403,-3847,-1988,0.307917893,5.05376339,1.556144118,0.023655944
5,7379,1457,2265,8708,-4551,1975,-1132,-2190,-4268,5742,524,-8943,3610,-11207,4560,2193,-9513,5679,1125,-759,-2050,9027,-4592,-1553,0.312805474,5.05376339,1.580844879,0.023663487
5,7095,729,3085,8802,-4933,2750,-1148,-1585,-4379,5206,650,-8932,3588,-10793,5347,2912,-9085,6939,1662,234,-2481,7677,-5611,-1204,0.312805474,5.05376339,1.580844879,0.023671029
5,6722,302,3820,8404,-5188,3698,-1087,-879,-4511,4590,441,-9310,4203,-10206,6306,4057,-8656,7882,2745,395,-2708,5247,-6056,-1065,0.312805474,5.05376339,1.580844879,0.023678608
5,6261,-73,4784,7888,-5066,4678,-959,-463,-4621,4191,242,-9324,5486,-9278,7029,5034,-8111,8625,2966,-445,-2797,4278,-5738,-2055,0.317693055,5.043988228,1.60244,0.023686258
5,5749,-210,5388,7556,-5087,5464,-808,-246,-4640,4032,18,-9165,6521,-8229,7575,6094,-6180,9579,3009,-751,-2954,4878,-5792,-2882,0.312805474,5.05376339,1.580844879,0.023693813
5,4931,-261,5961,6925,-5031,6158,-662,-53,-4586,3957,-394,-9032,7321,-7196,7783,7655,-3916,10444,3434,-349,-2932,5372,-4636,-4426,0.312805474,5.05376339,1.580844879,0.023701373
5,4315,-352,6230,6469,-5009,6363,-457,83,-4494,3858,-562,-8970,7451,-5047,7716,8682,-1494,11502,2802,-30,-2800,5155,-3437,-5149,0.312805474,5.043988228,1.577787161,0.023708927
5,3710,-680,6583,5866,-4795,6930,-94,208,-4330,3724,-690,-9120,6901,-2534,7161,8891,69,12222,2630,509,-2897,6267,-2006,-4855,0.312805474,5.043988228,1.577787161,0.023716463
5,3158,-986,6847,5646,-4651,7303,244,425,-4251,3427,-612,-9309,6324,-316,6170,8692,1253,12004,3167,1176,-2918,6319,-487,-4354,0.312805474,5.043988228,1.577787161,0.023723992
5,2499,-1084,7138,5259,-4174,8563,717,652,-4243,3117,-318,-9644,6174,970,5395,8350,1201,10588,3245,1672,-2773,7234,-590,-3002,0.317693055,5.043988228,1.60244,0.023731634
5,1480,-335,7391,3633,-3876,10037,937,797,-4245,3543,-285,-9846,7071,1896,4815,8366,2035,9376,2323,2075,-2118,6886,-778,-3447,0.317693055,5.05376339,1.605545521,0.023739306
5,555,293,7445,2018,-3647,10614,1424,1564,-4103,3761,286,-9241,7992,2459,4706,8418,3025,8724,426,1692,-1690,5857,-879,-4661,0.322580636,5.05376339,1.630246162,0.0237471
5,-647,667,7657,-455,-3521,9979,1629,1806,-3861,3538,697,-8864,8318,3335,4621,9027,4886,8311,305,1687,-1638,6411,-2098,-3365,0.327468216,5.043988228,1.651745796,0.02375501
5,-1465,550,7641,-3023,-2697,9481,1555,2190,-3574,2959,1027,-9122,8110,4515,4814,10266,6710,7171,314,1985,-1768,6862,-3033,-2239,0.332355827,5.05376339,1.679647684,0.023763014
5,-2866,-254,7398,-7673,-2334,9483,1636,2768,-3332,3622,1228,-8688,7678,6687,5802,12168,8806,5323,81,2209,-1373,8940,-3615,-1730,0.312805474,5.05376339,1.580844879,0.023770571
5,-3989,-1100,7000,-11248,-3104,9069,1748,3129,-3106,4181,1399,-7744,8318,9699,7257,14029,10590,2854,-877,2403,-638,10414,-3053,-4154,0.322580636,5.05376339,1.630246162,0.02377834
5,-4866,-3045,6478,-12389,-3902,7833,1555,2619,-2862,4004,1440,-7518,9356,12884,7203,15627,13060,846,-43,644,-419,3800,-2401,-8463,0.317693055,5.05376339,1.605545521,0.023786006
5,-5533,-4151,6212,-11125,-3045,7384,1364,2443,-2792,4296,1565,-8398,10203,14842,5584,16551,15983,-2400,149,-988,-333,218,-7386,-6090,0.317693055,5.05376339,1.605545521,0.023793684
5,-6594,-4794,5898,-9836,-2368,8024,1409,3952,-2728,4767,2044,-8420,8939,15969,1604,13803,20324,-5020,-83,-378,-97,2895,-9864,-1951,0.322580636,5.05376339,1.630246162,0.023801478
5,-8326,-4564,5124,-8506,-1274,8621,1422,4672,-2354,4836,2382,-7540,5788,14789,-3214,11825,20733,-6793,825,-72,-1153,5614,-6133,-1523,0.322580636,5.043988228,1.627092957,0.023809265
5,-9766,-3622,3990,-10605,-257,7612,817,4269,-1495,5260,2074,-6777,3337,12472,-6669,10511,18857,-7698,2101,-140,-1709,9727,1083,-3008,0.317693055,5.05376339,1.605545521,0.023816984
5,-11177,-3160,1979,-13935,-1389,3642,638,4058,-1031,6281,976,-7378,1702,11733,-7623,10871,15805,-9381,2084,-6,-1272,9923,4894,-5380,0.312805474,5.05376339,1.580844879,0.023824533
5,-11473,-3816,694,-14877,-2785,-279,1000,4555,-866,7856,372,-8585,-282,13095,-7671,9551,13689,-10766,984,597,-491,8984,3356,-5855,0.317693055,5.05376339,1.605545521,0.023832198
5,-11073,-5516,-669,-14371,-4499,-4644,1203,5247,-866,8272,-59,-9339,-2668,14823,-7967,8195,13095,-13404,606,1017,-567,7409,-2404,-3629,0.317693055,5.05376339,1.605545521,0.023839869
5,-10324,-6599,-1376,-12919,-4374,-6150,1599,6587,-938,6724,-367,-9927,-4137,15737,-9081,7124,11626,-16775,2144,435,-1597,5671,-4541,-3045,0.317693055,5.05376339,1.605545521,0.023847541
5,-9473,-7048,-2040,-9695,-3949,-6047,1802,7231,-974,4530,-297,-9842,-3418,15399,-11322,3949,8344,-20656,3322,-401,-2249,5353,-4426,-3429,0.317693055,5.05376339,1.605545521,0.023855207
5,-9051,-5923,-2553,-7822,-3607,-6365,1857,6978,-930,2356,40,-9193,-342,13500,-13404,570,5304,-20336,3510,-280,-2169,5485,-3194,-2746,0.303030312,5.043988228,1.528481364,0.023862522
5,-8637,-3210,-3668,-7429,-3838,-6505,1788,5398,-676,269,298,-7948,573,9837,-14024,-139,5152,-18728,4329,20,-1627,6590,-1154,-3337,0.307917893,5.05376339,1.556144118,0.02386996
5,-8027,435,-5752,-8196,-4125,-6526,1767,3816,-328,-622,529,-6891,1236,6922,-12762,-361,3523,-18358,4356,378,-1306,7578,193,-3831,0.312805474,5.05376339,1.580844879,0.023877509
5,-7203,1893,-7138,-7544,-3895,-6671,1832,1320,198,-793,787,-6231,1927,4636,-10943,-1552,1833,-17007,3777,776,-1296,7805,988,-3649,0.322580636,5.043988228,1.627092957,0.023885287
5,-5449,3009,-8569,-5944,-3448,-6764,2145,-667,566,-567,1164,-6221,2622,1198,-9672,-2203,661,-15540,3301,865,-1293,6980,1053,-3526,0.312805474,5.05376339,1.580844879,0.023892818
5,-3844,3341,-9302,-4173,-3501,-7387,2283,-2869,686,-256,1882,-6238,3282,-1975,-8749,-2125,-539,-13483,3110,458,-1135,6517,1041,-4009,0.327468216,5.05376339,1.654946923,0.023900725
5,-1537,3130,-9650,-1269,-3358,-8102,2264,-3545,426,124,2104,-7052,3039,-4264,-8687,-1475,-913,-12131,2828,113,-929,5926,1033,-4673,0.307917893,5.05376339,1.556144118,0.023908155
5,129,2841,-9667,57,-3342,-8115,2312,-4357,-1,1755,2695,-7484,1919,-5657,-8578,-950,-1818,-10950,2050,-92,-733,5623,1021,-4521,0.317693055,5.043988228,1.60244,0.023915809
5,2223,1470,-9278,1382,-3293,-7229,2039,-5323,-464,2860,2581,-7318,-437,-6822,-8341,-1526,-3190,-9398,1546,-317,-371,5250,1033,-4021,0.327468216,5.043988228,1.651745796,0.023923712
5,3480,-379,-8628,2548,-3352,-6542,1877,-5813,-1000,3420,2364,-7299,-3606,-8406,-7582,-1588,-5579,-8068,1523,-763,18,4693,617,-3899,0.322580636,5.043988228,1.627092957,0.023931483
5,4518,-2335,-7880,4388,-3302,-6011,2138,-6328,-1825,3708,1870,-7492,-6095,-9597,-6493,-1567,-8480,-7223,1823,-1586,241,4203,396,-3857,0.327468216,5.043988228,1.651745796,0.023939367
5,5500,-3784,-6877,7646,-3306,-5501,2112,-6266,-2399,4091,2211,-7442,-6711,-10853,-5292,-1986,-12582,-6731,2157,-2381,428,4199,-134,-3929,0.307917893,5.05376339,1.556144118,0.023946786
5,5895,-3316,-6352,10041,-3567,-5373,1688,-5762,-3020,4329,2219,-7509,-5248,-11721,-4484,-2075,-15604,-5715,2327,-2799,558,4474,-1112,-3846,0.317693055,5.043988228,1.60244,0.023954431
5,6433,-757,-5626,12757,-4136,-5021,1435,-5420,-3493,4384,2244,-7323,-2167,-12628,-3710,-2096,-16399,-3920,2728,-3443,585,4855,-2064,-3764,0.307917893,5.05376339,1.556144118,0.023961851
5,6851,1972,-4819,13338,-4660,-4286,1157,-5173,-4019,4390,1830,-7520,1307,-13416,-3333,-1695,-16037,-1981,3148,-4221,534,5534,-2653,-4436,0.312805474,5.05376339,1.580844879,0.023969404
5,7312,5205,-2959,12015,-4689,-2395,920,-4233,-4363,5218,2393,-7775,3769,-14170,-2742,-715,-14514,-716,3444,-4727,200,6131,-2958,-5608,0.322580636,5.05376339,1.630246162,0.0239772
5,7479,6533,-1374,10532,-4463,-545,618,-2822,-4733,5191,3105,-7384,6316,-14704,-1659,626,-12264,1113,3683,-5169,-160,6635,-3437,-6523,0.317693055,5.05376339,1.605545521,0.023984885
5,7490,6771,68,8826,-4335,819,330,-2091,-4992,5084,3474,-7526,7623,-15113,490,2499,-9997,3126,3413,-5732,-572,7488,-2990,-5924,0.317693055,5.05376339,1.605545521,0.023992566
5,7202,5649,1813,6780,-4463,2875,144,-1451,-5226,5097,3256,-7911,7924,-15076,3056,3817,-8400,5028,2701,-5805,-841,9498,-2000,-5317,0.317693055,5.05376339,1.605545521,0.02400024
5,6765,4277,2983,5157,-5058,4413,-64,-627,-5579,5543,2641,-8603,7608,-14355,5898,6077,-6656,6320,1049,-5160,-980,11109,-1036,-4436,0.322580636,5.05376339,1.630246162,0.024008021
5,5979,1706,4430,3332,-5845,5210,-177,-250,-5718,5651,1753,-9288,7003,-13180,7889,7913,-5336,8561,-47,-3933,-1089,11402,-19,-3966,0.312805474,5.05376339,1.580844879,0.024015566
5,5313,-517,5505,1815,-6262,4969,-194,30,-5754,5427,1013,-9725,6384,-10689,10024,10044,-3268,11072,-350,-2907,-1291,10861,-867,-3267,0.317693055,5.05376339,1.605545521,0.02402325
5,4905,-3598,6232,2841,-6256,4357,-220,213,-5648,4913,1110,-9746,5319,-6536,11019,11149,-119,14236,86,-2220,-1636,9840,-2935,-2243,0.322580636,5.05376339,1.630246162,0.024031043
5,4472,-5096,6532,3571,-6036,4739,-168,225,-5696,4223,1681,-9382,3925,-2032,10559,11050,1046,15591,945,-1253,-2225,9153,-4320,-1714,0.322580636,5.05376339,1.630246162,0.024038829
5,3781,-5953,6977,5657,-6624,6572,-83,293,-5623,4404,1575,-9273,3989,420,9082,9710,895,14280,1992,-274,-2621,7743,-4975,-1390,0.317693055,5.05376339,1.605545521,0.024046503
5,3018,-5145,7274,6572,-6730,8346,-12,466,-5319,4770,857,-9035,5527,2150,7735,8245,1302,12461,3494,-172,-2652,5754,-5509,-761,0.317693055,5.05376339,1.605545521,0.024054186
5,2134,-3786,7367,6570,-7452,9648,262,259,-4791,4919,80,-8964,6856,2665,6322,7688,3130,11759,4262,-912,-2419,4885,-5514,-508,0.322580636,5.05376339,1.630246162,0.024061957
5,892,-1884,7218,5026,-6957,10056,827,164,-4306,5524,-398,-9339,6766,2978,5303,7857,4403,11426,3191,-1109,-2180,5634,-5617,-1518,0.312805474,5.05376339,1.580844879,0.024069505
5,-201,-917,7041,2593,-6139,9858,1612,695,-3834,6143,-300,-9903,6522,3912,4793,8631,5446,11226,2444,-267,-2114,7426,-5814,-3138,0.322580636,5.05376339,1.630246162,0.024077302
5,-1758,-718,6934,-1509,-5224,9180,2102,1445,-3535,6743,-169,-10179,6766,5897,4618,10388,6882,10380,2786,588,-2189,5469,-4805,-4199,0.317693055,5.043988228,1.60244,0.024084959
5,-2888,-1093,6926,-5201,-4682,8720,2503,2287,-3107,6974,320,-9239,6812,9153,4844,11712,8797,8763,4724,-505,-2845,3774,-2749,-4889,0.312805474,5.05376339,1.580844879,0.024092533
5,-4305,-2047,6810,-9320,-4066,7413,2529,2781,-2737,6346,625,-8366,7401,13031,5306,13084,10565,6267,5256,-829,-3205,4201,824,-5998,0.327468216,5.05376339,1.654946923,0.024100445
5,-5200,-2963,6410,-10156,-4435,6455,2253,3485,-2204,5055,798,-7522,8238,15899,4872,14552,12452,1783,4226,-614,-3042,5276,2508,-6026,0.322580636,5.05376339,1.630246162,0.024108222
5,-6436,-3382,5594,-10537,-3708,6040,2034,4379,-1965,4793,1039,-7009,8956,18529,3499,15755,15816,-3423,1883,627,-2327,7371,2392,-5017,0.307917893,5.043988228,1.553134203,0.024115641
5,-7648,-3122,4927,-9957,-2112,6385,1846,5426,-1574,4779,1254,-6246,8870,19417,-49,15747,16595,-8673,637,1553,-1346,7923,518,-3785,0.312805474,5.05376339,1.580844879,0.024123192
5,-9248,-2653,4119,-10373,581,7000,1849,5498,-1134,4812,1408,-5518,7604,18512,-4585,13584,17961,-12303,-595,1399,-1009,7017,-1060,-4747,0.312805474,5.05376339,1.580844879,0.024130765
5,-11175,-2442,2634,-11216,1729,4387,1809,5022,-572,5403,1627,-5082,5810,15136,-8883,9139,17177,-12220,-556,1050,-1067,6335,-2522,-4241,0.312805474,5.043988228,1.577787161,0.024138305
5,-11813,-2362,961,-12341,571,-422,1445,4560,103,6778,1252,-5930,3730,13033,-11246,8394,13163,-13361,-269,833,-1450,5128,-4404,-4846,0.312805474,5.05376339,1.580844879,0.02414586
5,-11626,-2884,-1275,-13245,-2533,-7562,1254,4553,419,7907,474,-6901,2336,12913,-13502,9555,8610,-16606,1011,-54,-1472,4663,-6240,-6665,0.322580636,5.043988228,1.627092957,0.02415364
5,-10652,-2993,-2442,-12373,-3414,-11011,1364,5798,174,7917,-351,-8439,1651,14813,-15455,9453,5471,-22554,3069,-761,-1573,4752,-6461,-6075,0.312805474,5.043988228,1.577787161,0.024161182
5,-9287,-1837,-4386,-10479,-4042,-11496,1548,7195,-484,6162,-802,-9214,-24,14582,-15885,7558,5097,-25507,3564,-1000,-1335,2671,-7516,-5058,0.312805474,5.05376339,1.580844879,0.024168745
5,-8512,-1407,-6011,-10008,-3913,-10248,1893,7386,-1353,2889,-1505,-8792,-1612,12160,-15412,3172,2747,-25326,3686,-2357,-1157,1778,-6193,-3913,0.317693055,5.043988228,1.60244,0.024176393
5,-7679,-2554,-8039,-11247,-3512,-8914,2007,5786,-1561,958,-1186,-7424,-3443,6640,-12336,-116,1626,-24148,3736,-3427,-989,3102,-5287,-4190,0.317693055,5.043988228,1.60244,0.024184054
5,-6377,-4104,-8773,-9643,-3188,-9739,1670,2259,-992,-178,5,-5346,-2332,1791,-9135,-1075,-1887,-21006,4454,-4010,-1069,4373,-2231,-5225,0.317693055,5.05376339,1.605545521,0.024191711
5,-4740,-4297,-9004,-5230,-3068,-11545,1341,109,-80,357,914,-4961,-504,-1944,-8177,365,-2459,-18319,5218,-4693,-987,5748,-724,-6770,0.317693055,5.05376339,1.605545521,0.024199402
5,-2839,-2466,-8964,-809,-2419,-11933,1457,-689,940,1680,1456,-5831,179,-3271,-8685,2051,-1202,-15159,4785,-4682,-777,6614,-473,-7450,0.322580636,5.05376339,1.630246162,0.024207192
5,-1857,-1862,-8964,451,-2152,-11377,1528,-1721,1705,4067,1495,-7123,-1068,-3888,-9518,2064,-3066,-12324,3504,-4339,-497,6641,-42,-7391,0.317693055,5.05376339,1.605545521,0.024214858
5,-715,-2127,-8836,1845,-2066,-10420,1522,-3138,1543,5324,970,-7065,-2328,-4105,-9793,1402,-5269,-11064,1351,-4272,-240,6417,445,-6401,0.317693055,5.05376339,1.605545521,0.024222512
5,-100,-2433,-8456,3159,-2319,-9547,1425,-5528,575,5928,547,-5538,-3126,-4861,-9234,-102,-7457,-10854,-546,-3783,135,7178,1005,-5354,0.312805474,5.05376339,1.580844879,0.024230069
5,764,-2437,-7955,4780,-2502,-8965,1495,-6013,-203,5979,53,-5328,-3090,-5750,-8101,-1354,-10161,-10271,-1912,-3037,500,8565,319,-4449,0.322580636,5.05376339,1.630246162,0.024237845
5,1312,-1616,-7593,6631,-2718,-8357,1677,-5242,-883,5893,62,-5386,-1717,-7062,-7047,-2311,-11528,-9329,-2974,-2225,439,9455,-1090,-3850,0.317693055,5.05376339,1.605545521,0.024245527
5,1872,118,-7230,8285,-2958,-7858,1436,-4471,-1106,5801,187,-5838,345,-8441,-6227,-2674,-11634,-8160,-3096,-1144,-44,9526,-2838,-3378,0.322580636,5.05376339,1.630246162,0.024253322
5,2719,2972,-6633,9322,-3202,-6592,995,-3881,-1238,5358,282,-6191,2213,-9861,-5878,-2828,-10942,-6828,-2281,-122,-968,9002,-4590,-2606,0.322580636,5.05376339,1.630246162,0.024261128
5,3354,4773,-5950,9055,-3684,-5679,753,-3859,-1405,4238,570,-6189,3054,-10792,-5318,-2501,-9870,-4860,212,596,-1839,8464,-6642,-920,0.322580636,5.05376339,1.630246162,0.024268931
5,4194,5995,-4745,8294,-4170,-4522,665,-3890,-1605,3556,990,-6086,3495,-11487,-4651,-2025,-9681,-2856,2890,1584,-2597,7510,-7509,216,0.327468216,5.05376339,1.654946923,0.024276856
5,4676,6150,-3597,7744,-4210,-3726,133,-3275,-1991,3476,737,-6204,3693,-11829,-3527,-1489,-9340,-1194,4230,2125,-2561,6111,-7907,409,0.327468216,5.05376339,1.654946923,0.024284801
5,5242,5669,-2133,7148,-3859,-2689,-12,-3188,-2230,3798,574,-6547,3660,-11834,-2218,-709,-9222,302,4118,1857,-2327,4471,-7871,-1815,0.327468216,5.05376339,1.654946923,0.024292734
5,5440,4869,-1105,7012,-3782,-2084,-197,-2871,-2620,4110,446,-6790,3587,-11584,-882,-261,-8969,1319,4716,1332,-2402,4274,-7084,-4133,0.317693055,5.043988228,1.60244,0.024300393
5,5481,3734,104,7019,-3687,-1132,-366,-2554,-2906,4452,608,-6885,3562,-11225,42,514,-8760,2337,5687,817,-2877,4115,-5766,-4707,0.317693055,5.05376339,1.605545521,0.024308058
5,5473,2956,850,6893,-3698,-600,-694,-1929,-3270,4477,334,-6802,3461,-10477,1275,945,-8198,3701,5919,331,-3363,4097,-2601,-7701,0.317693055,5.05376339,1.605545521,0.024315732
5,5347,2206,1582,6638,-3753,-56,-856,-1584,-3444,4455,0,-6841,3416,-9656,2356,1202,-7906,4767,4699,1047,-3543,4661,1534,-8719,0.312805474,5.043988228,1.577787161,0.024323262
5,5170,1324,2303,6656,-3864,726,-930,-1085,-3584,4215,-128,-6892,3485,-8760,3349,1488,-7432,5338,4300,2034,-3685,6039,2023,-6431,0.337243408,5.043988228,1.701051831,0.024331385
5,4908,938,2787,6463,-3915,1352,-856,-798,-3794,4162,140,-6953,3802,-8065,4016,1440,-6772,6246,3875,2573,-3456,7177,1352,-3621,0.361681342,5.043988228,1.824316382,0.024340104
5,4495,425,3356,6131,-4587,2213,-664,-272,-4031,4010,296,-7212,4174,-7239,4772,1884,-5837,7033,1642,2414,-2767,7801,-308,-2026,0.317693055,5.043988228,1.60244,0.02434776
5,4252,114,3669,5625,-5004,2770,-525,7,-4112,3903,697,-7676,4319,-6173,5454,2298,-4892,8040,-485,1390,-1132,10316,-1274,-5283,0.317693055,5.05376339,1.605545521,0.024355439
5,3834,-602,4227,5106,-5211,3438,-420,193,-4172,3855,1181,-8430,4122,-5273,5860,2698,-3883,8608,-1457,946,-335,10521,157,-9245,0.317693055,5.05376339,1.605545521,0.024363102
5,3472,-1305,4872,5331,-5937,3816,-286,413,-4219,3872,2882,-9110,3766,-4443,6016,2692,-3338,9477,-840,891,-1297,480,-5795,-7333,0.322580636,5.043988228,1.627092957,0.024370875
5,3238,-1793,5590,5171,-6968,3822,-516,578,-4282,3660,4466,-8912,3866,-3241,5976,2537,-2670,10397,63,-187,-847,-985,-8973,-3151,0.303030312,5.05376339,1.531443477,0.024378171
5,3158,-1759,5904,4107,-6822,4230,-1005,784,-4284,3162,4800,-8940,4151,-1889,6149,2852,-1824,10293,-65,208,-758,3588,-7971,260,0.317693055,5.043988228,1.60244,0.024385838
5,3005,-1973,6171,2668,-6681,5021,-1251,1092,-4334,3355,3433,-9363,4279,-814,6553,3017,-288,10038,833,-37,-552,8377,-3924,-2825,0.312805474,5.05376339,1.580844879,0.024393374
5,2539,-2782,6568,1749,-7084,5927,-984,1538,-4316,3815,1659,-9679,4025,-379,6943,2833,1316,9639,1745,128,-245,10327,462,-3715,0.303030312,5.05376339,1.531443477,0.024400691
5,2081,-3269,6686,1157,-7561,6448,-248,1320,-4198,4298,1322,-9542,3738,-265,7492,2838,2883,9276,1900,641,-638,8017,754,-2825,0.312805474,5.05376339,1.580844879,0.024408238
5,1615,-3640,6552,106,-7739,6886,805,1025,-3920,4502,1899,-9195,3312,-267,7849,2937,4672,9065,1302,237,-1256,8931,230,-2787,0.307917893,5.05376339,1.556144118,0.024415687
5,1310,-3824,6442,-640,-7809,7043,1178,1036,-3528,4250,2345,-8869,3068,-206,7744,3285,5657,9070,1468,207,-2005,9802,-79,-3820,0.317693055,5.05376339,1.605545521,0.024423389
5,911,-3777,6568,-841,-7248,6911,1262,1350,-3142,4013,2837,-8746,3215,-7,6958,3769,6467,8817,1579,400,-2001,7027,-1390,-3914,0.312805474,5.05376339,1.580844879,0.024430947
5,480,-3142,6510,-1562,-6845,6793,1159,1549,-2763,3526,3572,-8573,3753,577,6173,4162,7730,8605,1635,768,-1393,4592,-2842,-3188,0.317693055,5.05376339,1.605545521,0.024438616
5,-74,-2382,6449,-2030,-6261,6176,981,1843,-2698,3647,3716,-8673,4209,1607,4844,3929,8507,8303,2121,897,-530,4370,-3006,-2408,0.317693055,5.05376339,1.605545521,0.024446309
5,-527,-1645,6270,-3115,-5902,5966,1031,2060,-2547,3437,3487,-8573,4277,2727,3672,3569,9257,7578,2320,476,-568,6728,-2021,-2417,0.322580636,5.05376339,1.630246162,0.024454113
5,-1124,-1001,5941,-4238,-5497,6146,1165,2153,-2398,3709,3198,-8143,4110,3326,2725,3031,10081,6120,1745,364,-764,7463,69,-2919,0.327468216,5.043988228,1.651745796,0.024461998
5,-1861,-216,5499,-5369,-5094,6097,1297,2093,-2101,3431,2756,-7557,4240,3799,2189,2730,10242,4967,1354,102,-882,7124,1458,-3723,0.312805474,5.05376339,1.580844879,0.024469541
5,-2420,429,4837,-7258,-4686,5970,1385,1723,-1857,3503,2645,-7259,4763,4495,2019,2928,10683,4530,909,262,-627,6997,1800,-4131,0.317693055,5.05376339,1.605545521,0.024477229
5,-2961,392,4186,-8841,-4848,5394,1483,1774,-1602,3206,2563,-7288,4726,5428,2173,3109,11133,4573,468,329,-355,7024,894,-4093,0.317693055,5.05376339,1.605545521,0.024484914
5,-3348,-147,3601,-9994,-5185,5090,1546,2051,-1505,3054,2615,-7408,4491,6461,2745,3459,11775,4417,251,565,-1,6967,-748,-3181,0.317693055,5.05376339,1.605545521,0.024492584
5,-3786,-1507,3121,-9208,-6273,5339,1625,2433,-1482,2890,2712,-7623,3554,7617,3107,2874,12569,4095,282,667,158,6656,-1526,-2281,0.317693055,5.05376339,1.605545521,0.024500242
5,-4179,-2260,2944,-8088,-6565,5822,1817,2675,-1363,2952,2640,-8332,2864,8198,3014,3533,12170,3915,727,444,60,6936,-1967,-1574,0.312805474,5.05376339,1.580844879,0.0245078
5,-5024,-2314,2528,-8442,-5709,6322,2046,2786,-1134,3293,2451,-8792,3333,8655,2777,4724,12283,3757,1339,41,-82,6712,-1751,-2319,0.317693055,5.043988228,1.60244,0.024515463
5,-5855,-2243,2152,-9017,-5476,6408,2315,2532,-660,4125,2178,-8874,4080,9600,2168,6034,13384,4096,1659,-232,-155,6803,-1578,-2738,0.317693055,5.05376339,1.605545521,0.024523133
5,-6801,-2124,1832,-9567,-5884,5557,2608,2118,-317,5270,1942,-9058,5078,10785,1108,7162,15407,3708,1911,-362,-208,6821,-1366,-3395,0.317693055,5.05376339,1.605545521,0.024530811
5,-7910,-2180,1251,-10552,-5041,3756,3050,2168,171,6829,1975,-9500,5039,12789,-1520,8732,17865,1121,1887,-525,-124,6371,-858,-4020,0.322580636,5.05376339,1.630246162,0.024538593
5,-8801,-1990,606,-11757,-4268,2759,3198,2626,612,8289,2391,-9499,3636,14340,-4380,9228,18430,-3839,1964,-724,-176,6515,-641,-3558,0.317693055,5.043988228,1.60244,0.024546264
5,-9698,-2136,-519,-13102,-3762,1054,3023,3145,988,9016,2947,-8628,1882,15455,-6838,8869,17916,-7738,2073,-1119,-238,6098,-11,-3133,0.307917893,5.05376339,1.556144118,0.024553698
5,-9900,-2518,-1395,-13437,-3199,-896,2618,3644,990,8748,2986,-8142,-589,15645,-8437,8806,16406,-12294,2191,-1736,-267,5307,129,-3581,0.312805474,5.05376339,1.580844879,0.02456129
5,-9658,-3280,-2865,-12922,-2148,-4326,2357,4522,776,7703,2767,-7856,-985,15708,-10205,7765,14132,-17519,2156,-2411,-212,4825,87,-4123,0.307917893,5.05376339,1.556144118,0.024568709
5,-9342,-3383,-4004,-12293,-1307,-5340,2353,5947,272,5384,2196,-7332,647,13856,-12874,5693,8265,-22208,1956,-2639,-95,4433,-140,-4694,0.312805474,5.043988228,1.577787161,0.024576245
5,-8621,-1964,-5786,-10258,-79,-6419,2557,6702,-76,3458,1965,-6642,2262,11629,-15196,3725,7844,-21910,1813,-3279,29,3900,-812,-5602,0.317693055,5.043988228,1.60244,0.024583898
5,-7960,-7,-7394,-8956,657,-7549,2557,6485,-374,1637,1961,-5441,1132,8677,-15332,3736,6152,-20411,2272,-3930,343,4315,-1695,-5782,0.312805474,5.05376339,1.580844879,0.024591452
5,-7083,1496,-9004,-8698,979,-8651,1975,4824,-364,301,1997,-4182,415,5129,-14533,4418,2152,-19775,2710,-4241,871,5250,-3163,-5363,0.307917893,5.05376339,1.556144118,0.024598911
5,-5448,2249,-10492,-6088,1162,-9684,578,1488,-9,-1909,439,-2873,910,1928,-13208,4157,-2196,-17552,3269,-4524,1120,5867,-3924,-5416,0.312805474,5.05376339,1.580844879,0.024606464
5,-3966,2522,-11053,-3459,1504,-10218,437,-251,585,-2606,-1887,-3421,1391,-1053,-11949,3623,-4361,-15472,3423,-4771,769,6135,-3309,-6308,0.317693055,5.05376339,1.605545521,0.024614135
5,-1752,2262,-11071,106,1182,-10181,1469,-1750,1566,-682,-2501,-4379,1162,-2840,-10590,3364,-6955,-13559,3309,-4810,-281,6344,-2784,-6821,0.317693055,5.05376339,1.605545521,0.02462182
5,-191,1831,-10625,3107,1275,-9610,1683,-4150,1612,1504,-2188,-4857,453,-4920,-9740,2235,-9049,-11545,2350,-5108,-730,7174,-2086,-6751,0.327468216,5.043988228,1.651745796,0.024629725
5,1813,1248,-9511,7196,587,-8880,1895,-6407,1122,3316,-1123,-5605,-751,-7212,-8878,1520,-11781,-10209,909,-6063,-1072,7807,125,-6153,0.317693055,5.05376339,1.605545521,0.024637399
5,3135,804,-8420,9741,-131,-8417,1972,-7182,277,4016,860,-6188,-1704,-9342,-8014,423,-14125,-8937,206,-6384,-1358,10250,-119,-6528,0.327468216,5.043988228,1.651745796,0.024645312
5,4048,616,-7421,11704,-1109,-8002,1652,-6916,-363,4161,1746,-6436,-1846,-10868,-6804,-315,-17324,-7995,-50,-5617,-1617,11143,-926,-4959,0.312805474,5.05376339,1.580844879,0.024652857
5,5250,1637,-6044,15320,-2966,-7236,812,-6330,-1150,4651,2091,-7127,-376,-12401,-5945,-993,-20321,-7072,363,-4365,-2093,10634,-2731,-3400,0.322580636,5.05376339,1.630246162,0.024660658
5,6215,3707,-4913,16771,-3862,-6803,77,-5849,-1662,4640,1441,-7639,3002,-13908,-4935,-1210,-21018,-5489,1120,-3323,-2616,10038,-3567,-2310,0.307917893,5.05376339,1.556144118,0.024668081
5,7280,7245,-2843,15920,-4453,-5313,-433,-5044,-2318,4347,268,-8543,6891,-15209,-3852,-358,-19527,-3567,2427,-2134,-3066,9202,-4578,-1730,0.312805474,5.05376339,1.580844879,0.024675637
5,7783,9016,-1095,13996,-4712,-3326,-541,-4513,-2944,4066,95,-9192,9261,-15835,-2239,1155,-15443,-1440,3938,-473,-3550,8084,-5474,-1120,0.317693055,5.05376339,1.605545521,0.024683323
5,8160,9135,790,9887,-4421,-25,-459,-4537,-3779,3767,-205,-9645,10712,-15888,-263,3726,-11004,1832,5255,-11,-3579,6050,-5980,-947,0.317693055,5.05376339,1.605545521,0.024690988
5,8185,7579,1857,6751,-4282,2069,-270,-3480,-4526,4001,-102,-10037,10142,-14987,3003,6043,-7296,5151,4890,-264,-3339,4850,-5849,-2013,0.327468216,5.05376339,1.654946923,0.024698904
5,8036,4152,3197,4268,-4988,4424,553,-2074,-5324,3707,108,-10333,8041,-13364,6161,7468,-5494,7764,3364,-417,-3012,4716,-4849,-4215,0.322580636,5.05376339,1.630246162,0.02470668
5,7738,1361,4254,2738,-5150,5648,945,-1406,-5672,3335,660,-10609,6353,-11561,8620,8600,-4305,8798,2286,-236,-2614,5078,-3861,-4621,0.317693055,5.05376339,1.605545521,0.024714341
5,7528,-1446,5260,3009,-5224,6516,1106,-790,-5748,3164,737,-10442,5036,-9900,9858,9700,-3126,9994,2051,-528,-2472,5172,-2485,-3865,0.317693055,5.05376339,1.605545521,0.024722006
5,7116,-3710,5905,3970,-5591,7336,1135,-362,-6107,2394,855,-10196,4618,-7764,10526,10350,-1430,11323,2082,-136,-2442,7123,-1048,-3298,0.312805474,5.05376339,1.580844879,0.02472958
5,6965,-4764,6191,4797,-5091,7986,1519,-528,-6599,2325,862,-10080,4426,-5650,10380,11263,-405,12102,3602,795,-2973,7893,-385,-2815,0.317693055,5.05376339,1.605545521,0.024737233
5,6517,-5182,6272,5712,-4562,9197,2151,-861,-7145,2350,1736,-9695,4095,-3673,9557,12177,1729,13058,4660,1396,-3358,8431,-30,-3679,0.317693055,5.05376339,1.605545521,0.024744913
5,5733,-5068,6459,6078,-4654,11185,2353,-1186,-7196,3514,2063,-9503,3144,-2418,8870,12406,2482,14455,3472,2309,-2881,7324,-1401,-5534,0.317693055,5.05376339,1.605545521,0.0247526
5,4437,-4799,6766,4808,-5628,13486,2616,-858,-6840,4528,2213,-10060,2424,-1110,8465,12766,2710,15675,1030,2637,-2061,6237,-1967,-6191,0.317693055,5.05376339,1.605545521,0.024760284
5,3298,-4814,7131,3405,-5572,14407,2687,-16,-6339,5188,1807,-10754,2729,284,8669,13241,2736,15652,569,2407,-2041,5202,-2495,-5274,0.317693055,5.05376339,1.605545521,0.024767969
5,1726,-4695,7649,537,-5340,14594,3036,1357,-5538,5989,1612,-11429,3925,1996,9088,14121,3546,15270,1863,2141,-2310,4492,-3570,-2573,0.317693055,5.05376339,1.605545521,0.024775654
5,355,-4468,7879,-3385,-5107,14795,3532,1861,-4989,6191,2142,-11023,4923,3615,10394,15991,6910,14118,1875,847,-2340,5348,-4294,-3376,0.317693055,5.043988228,1.60244,0.024783315
5,-1043,-4949,7968,-7988,-5313,14493,3838,1583,-4616,6057,2690,-9621,5158,6765,11720,18164,11661,12897,1833,709,-1794,9480,-3717,-4606,0.312805474,5.05376339,1.580844879,0.024790846
5,-3236,-6972,8398,-11644,-5035,11809,3820,654,-4325,6316,2783,-8405,5077,10576,13002,19123,15834,10785,2403,1797,-1375,9683,-4013,-4322,0.312805474,5.05376339,1.580844879,0.024798406
5,-4479,-7777,8452,-11344,-4410,8995,3564,1509,-4050,6865,2806,-8183,6917,15561,11555,20488,17794,7570,1435,1810,-1197,5351,-3949,-5769,0.317693055,5.05376339,1.605545521,0.024806064
5,-5956,-5946,7251,-13837,-3743,7730,3393,3274,-3402,7327,2773,-6927,9494,18866,8703,23618,19054,1814,932,848,-833,2436,-4820,-4983,0.322580636,5.043988228,1.627092957,0.024813838
5,-7097,-4367,6159,-16278,-2712,7685,3531,3826,-2696,7071,2869,-6039,13159,21595,5744,28265,20509,-8423,1106,-115,-715,2841,-3915,-2001,0.327468216,5.043988228,1.651745796,0.024821715
5,-10338,-3656,5619,-12377,2438,13869,3558,4353,-1716,7284,3219,-4930,12961,21884,-2316,25103,23212,-16113,1975,-168,-548,4366,-3279,-1347,0.312805474,5.05376339,1.580844879,0.024829263
5,-13283,-2252,4859,-10528,6649,13676,3138,4690,-816,8072,3872,-3909,10017,17011,-9675,14629,25246,-11605,2670,-286,-500,6202,-1377,-2579,0.317693055,5.043988228,1.60244,0.024836911
5,-16049,-582,2127,-15176,7496,3292,1715,4026,863,9590,3383,-4174,5855,12106,-14727,17495,19590,-9188,3503,-444,-985,7641,673,-4599,0.312805474,5.05376339,1.580844879,0.024844449
5,-16589,-940,-669,-18583,4042,-7571,918,3777,1853,11620,1441,-5719,384,13444,-14881,22436,11759,-15620,3364,-1010,-1897,7710,1423,-5828,0.317693055,5.043988228,1.60244,0.024852093
5,-15265,-2227,-3210,-19254,1961,-13455,852,5736,1977,12636,-854,-9101,-454,18627,-15496,22301,4603,-25809,2650,-1332,-2124,7260,1120,-5469,0.322580636,5.05376339,1.630246162,0.024859888
5,-12782,-2810,-5345,-13080,1312,-11776,1907,11168,517,8926,-1916,-13538,-729,20514,-17501,15246,3498,-32651,2487,-1443,-1866,5659,-543,-4672,0.317693055,5.05376339,1.605545521,0.024867574
5,-11329,-1784,-6668,-7968,238,-9955,2802,14751,-1323,2332,-2678,-14748,955,17162,-18407,5465,1478,-31047,2803,-1607,-1361,4497,-2256,-3694,0.312805474,5.05376339,1.580844879,0.024875119
5,-10216,606,-9668,-9133,676,-9470,2690,14037,-2959,-7554,-2780,-12051,201,7801,-16231,3132,189,-27995,3321,-2096,-1108,4047,-2912,-2996,0.322580636,5.043988228,1.627092957,0.024882894
5,-8055,501,-11270,-9318,445,-12305,1828,10396,-2135,-13692,-2380,-8217,1349,982,-12007,2073,-6048,-24325,4327,-2449,-1120,4651,-2453,-2717,0.322580636,5.05376339,1.630246162,0.024890669
5,-4088,-213,-11714,-1600,271,-13882,1048,4298,239,-13997,-2028,-4404,3169,-4414,-11124,2730,-5599,-20942,5705,-3261,-1021,5156,-1282,-3607,0.322580636,5.043988228,1.627092957,0.02489843
5,-1532,730,-11575,2775,700,-13260,1804,-2312,1992,-8917,-2044,-6177,2534,-7185,-11245,4895,-4227,-16977,6571,-4355,-895,6087,-458,-4781,0.322580636,5.05376339,1.630246162,0.024906239
5,470,1082,-11401,3420,1138,-12299,3789,-11492,2233,-1585,-329,-9423,-281,-8524,-10969,5694,-7656,-13832,7058,-4884,-1057,5923,-415,-6411,0.322580636,5.05376339,1.630246162,0.024914037
5,2706,-28,-10742,6054,1089,-10483,3720,-15813,908,3865,1444,-9794,-2557,-9804,-9914,5088,-11749,-12003,6554,-5539,-1532,5403,-648,-7054,0.322580636,5.05376339,1.630246162,0.024921816
5,4111,-859,-10114,7436,712,-9952,3571,-16451,-1266,8092,3390,-8722,-3379,-11049,-8215,4450,-14122,-11097,5363,-6319,-1773,5292,-504,-6548,0.322580636,5.05376339,1.630246162,0.024929594
5,5798,-1080,-9214,10090,-196,-9212,2669,-12864,-3565,10425,4963,-7028,-2978,-12168,-6736,3269,-17146,-10307,3643,-6518,-1203,6300,-732,-7068,0.322580636,5.05376339,1.630246162,0.024937371
5,7067,-188,-8113,12846,-1069,-8767,1854,-8412,-4335,9741,4477,-6354,-1366,-12895,-5887,2254,-19288,-8626,1071,-6269,-228,7239,696,-6506,0.327468216,5.05376339,1.654946923,0.024945274
5,8451,2195,-6148,14557,-2151,-7785,491,-3790,-4541,8095,1830,-6805,850,-13912,-4615,1651,-20547,-6815,-1075,-5558,439,8428,422,-6318,0.322580636,5.05376339,1.630246162,0.024953062
5,9206,4026,-4330,14643,-2236,-6616,-161,-2622,-4622,5940,-402,-6918,3144,-15078,-2980,2139,-20047,-4717,-1765,-4948,360,9829,-633,-6070,0.317693055,5.05376339,1.605545521,0.024960726
5,9806,5329,-1722,14560,-2064,-4895,-8,-2872,-4962,4715,-349,-7728,4395,-15860,-1209,3894,-18873,-3019,-1791,-3722,-317,10510,-2412,-4986,0.317693055,5.05376339,1.605545521,0.024968393
5,10004,5498,96,13604,-1745,-3326,-324,-4384,-5106,2051,-531,-7518,5649,-16112,291,5528,-17257,-1067,-1097,-1984,-1245,10627,-3779,-3581,0.327468216,5.05376339,1.654946923,0.024976285
5,10039,5037,1859,12388,-2107,-1505,-778,-4595,-5446,4852,1565,-9786,7025,-15699,2443,6318,-15344,1097,-67,-769,-1954,10232,-5592,-1770,0.327468216,5.05376339,1.654946923,0.024984185
5,9799,4034,3989,10713,-3054,1166,-808,-3999,-5696,3729,1315,-9349,8163,-14902,4667,6815,-13573,3890,1975,441,-2830,8485,-6642,-117,0.317693055,5.05376339,1.605545521,0.024991849
5,9441,3071,5452,9366,-3482,2862,-446,-4054,-5607,4916,1513,-10686,8900,-13860,6912,8385,-11365,5303,4132,543,-3432,7116,-6895,364,0.317693055,5.043988228,1.60244,0.024999503
5,8847,1523,6963,7468,-3377,4473,-481,-2835,-5279,5564,867,-11128,9628,-12697,8493,10607,-9248,6394,4786,75,-3613,5842,-6170,-399,0.312805474,5.05376339,1.580844879,0.025007056
5,8259,373,7882,6649,-2994,5789,-224,-2324,-5280,5232,961,-10852,10390,-10623,10203,11903,-6358,7163,4246,1,-3307,6054,-5461,-1820,0.312805474,5.05376339,1.580844879,0.02501463
5,7640,-729,8558,6739,-4494,8220,-148,-1864,-5545,5023,905,-10802,10771,-8474,11400,13175,-4571,8771,3217,805,-2640,6683,-5388,-2207,0.317693055,5.043988228,1.60244,0.025022279
5,6919,-1051,9006,6439,-4551,9661,139,-1745,-5712,5624,725,-10933,10956,-6434,11861,14821,-1577,9444,2911,1132,-2148,5920,-5022,-3545,0.307917893,5.043988228,1.553134203,0.025029743
5,5860,-1163,9529,5504,-3927,11439,670,-842,-5879,6610,219,-10476,11128,-4774,11361,17008,2323,10631,3033,690,-2237,4208,-3426,-5476,0.317693055,5.05376339,1.605545521,0.025037395
5,4641,-728,9651,3814,-1719,12549,1091,-117,-5762,6906,-556,-10220,10902,-2039,10545,19738,5806,11039,3798,29,-2719,4115,-1320,-8011,0.312805474,5.05376339,1.580844879,0.025044952
5,2769,-148,9597,1045,-1000,13970,1843,1392,-4535,7474,-503,-9007,11033,1654,9097,20432,9622,10737,3394,867,-2730,5215,788,-8733,0.317693055,5.043988228,1.60244,0.025052605
5,51,391,9403,-5035,-1100,15092,1932,1193,-3539,5924,315,-7374,11219,5061,7795,20947,11835,9387,3480,2402,-2618,7579,802,-5353,0.317693055,5.043988228,1.60244,0.025060249
5,-2240,-293,9137,-10797,-1222,14710,1555,-56,-2826,5562,416,-6504,10943,7612,6920,21932,15522,6233,2334,3490,-2266,7849,103,-3287,0.312805474,5.043988228,1.577787161,0.025067778
5,-4759,-1600,7953,-15952,-1388,9986,1518,442,-2093,6107,158,-6390,11566,12042,5987,22897,18694,573,983,2670,-1721,6210,436,-2989,0.312805474,5.05376339,1.580844879,0.025075343
5,-6018,-2672,6959,-17077,-1843,7783,1690,2004,-1915,6652,398,-6687,11840,16678,2516,22390,20613,-5655,-1043,1026,-1328,8069,-1011,-4980,0.317693055,5.043988228,1.60244,0.025082998
5,-7467,-3851,5604,-14243,-2315,7561,2047,4250,-1837,7007,1427,-7598,10557,19175,-2406,20538,20065,-10417,-943,1039,-797,7065,-2509,-6661,0.307917893,5.043988228,1.553134203,0.025090417
5,-8838,-2999,4362,-11795,-719,9168,1923,6128,-1670,6887,2401,-8001,9616,19802,-6818,16585,19010,-15780,-703,2523,-546,4784,-6449,-5003,0.317693055,5.05376339,1.605545521,0.025098089
5,-10644,-2134,3024,-11731,436,9958,1242,6898,-1117,6825,2978,-7609,7287,17192,-9724,8845,19884,-13399,-210,1620,-64,1920,-6888,-5610,0.312805474,5.05376339,1.580844879,0.025105655
5,-12772,-1257,952,-12609,454,5630,893,5846,-561,7145,2888,-7274,4343,12954,-11843,9043,16558,-10084,1349,-203,172,662,-5729,-4221,0.312805474,5.05376339,1.580844879,0.025113186
5,-13444,-1823,-496,-14484,135,-676,678,3942,84,8319,2051,-7374,1076,11605,-12457,10258,13162,-10012,2370,-1907,-196,1809,-3783,-3315,0.312805474,5.05376339,1.580844879,0.025120758
5,-12936,-3929,-2259,-15167,-2238,-9601,689,3812,381,9197,553,-8353,-1428,12774,-13264,14171,8831,-14053,3098,-1894,-716,5446,-1836,-3352,0.317693055,5.05376339,1.605545521,0.025128435
5,-11633,-5120,-3225,-13983,-2963,-11113,1361,5297,232,8414,-635,-10063,-2511,16127,-14189,15185,3681,-22173,3322,-1739,-1272,7014,830,-5059,0.327468216,5.05376339,1.654946923,0.025136329
5,-10002,-5525,-4340,-11008,-2855,-9414,2262,8158,-1147,4205,-1399,-11877,-2239,19182,-15395,8287,3999,-30960,3209,-2006,-1733,8168,2390,-5577,0.317693055,5.05376339,1.605545521,0.025144005
5,-8954,-6016,-5325,-8331,-3248,-7794,2423,9560,-2483,-138,-1685,-11639,-3363,15724,-15226,3701,2830,-24656,2342,-2116,-1799,7736,1825,-4212,0.332355827,5.05376339,1.679647684,0.025152026
5,-8030,-6066,-6961,-8743,-3195,-6297,2038,8284,-3430,-5226,-720,-8561,-4865,9456,-13027,296,4026,-23597,1385,-2419,-1530,6189,-366,-3566,0.332355827,5.05376339,1.679647684,0.025160063
5,-7010,-6459,-7906,-8320,-2741,-7669,1125,5491,-2820,-7553,-496,-5739,-6224,5354,-10875,-1924,-142,-23021,1312,-3137,-1163,5264,-1849,-4015,0.322580636,5.05376339,1.630246162,0.025167862
5,-5516,-6287,-8808,-6015,-2679,-9305,1045,804,-924,-5844,-1110,-5057,-3393,-457,-9850,-1428,-2241,-20828,1885,-3581,-864,5867,-3236,-4799,0.322580636,5.05376339,1.630246162,0.025175657
5,-3418,-4159,-9422,-568,-2708,-10200,1950,-2850,391,-2560,-1505,-7169,-1149,-4392,-10689,-446,-1309,-18023,2730,-3814,-851,5803,-4052,-5342,0.317693055,5.05376339,1.605545521,0.025183311
5,-2073,-2024,-9676,1194,-2784,-10313,3109,-6743,733,2598,-820,-10596,-1049,-7491,-11854,770,-1183,-15829,3682,-4240,-1349,4714,-4346,-4944,0.317693055,5.05376339,1.605545521,0.025190961
5,-256,-669,-9722,2134,-3115,-10279,3175,-8846,66,6203,464,-9493,-2896,-8782,-11876,1668,-3575,-14108,4989,-5223,-1939,4479,-5146,-4293,0.327468216,5.05376339,1.654946923,0.025198862
5,991,-926,-9452,3241,-3405,-9715,2997,-10246,-1217,8366,1587,-7518,-5047,-9885,-11115,35,-6853,-12803,6588,-6971,-2869,6417,-4114,-4385,0.317693055,5.05376339,1.605545521,0.025206558
5,2246,-1996,-9049,5711,-3612,-9449,2796,-8422,-2666,9051,2609,-6755,-6032,-10985,-9742,-430,-9674,-12452,6542,-7203,-3113,8651,-1887,-4600,0.322580636,5.05376339,1.630246162,0.025214342
5,2976,-1984,-8725,8180,-4073,-9359,2361,-5448,-3192,8153,2502,-6645,-5642,-11624,-8503,-1151,-13691,-11694,4747,-6086,-2566,10068,1110,-5392,0.317693055,5.05376339,1.605545521,0.025222007
5,4232,-166,-7904,11941,-4676,-9415,1765,-2198,-3531,6800,1187,-6409,-3566,-11439,-7942,-1184,-16842,-10371,1679,-3081,-1508,9598,1764,-6076,0.317693055,5.05376339,1.605545521,0.025229685
5,5031,2509,-6774,13328,-4418,-8082,1530,-1228,-3835,5650,423,-6564,-281,-12272,-7450,-2511,-18719,-7689,-775,-1424,-728,8174,756,-5968,0.312805474,5.043988228,1.577787161,0.025237238
5,5634,5118,-5315,13088,-4567,-6989,1066,-1685,-4018,3368,176,-6655,3169,-13877,-6250,-1274,-18458,-5562,-1278,-815,-661,7678,-751,-5569,0.317693055,5.043988228,1.60244,0.025244895
5,6476,6682,-3090,11167,-3925,-5700,1121,-2562,-3903,3413,1467,-6768,5382,-13562,-4280,1651,-16666,-2902,-1291,87,-837,7296,-2409,-4411,0.327468216,5.05376339,1.654946923,0.025252813
5,6917,6457,-1230,9667,-3407,-4238,342,-2207,-3920,3364,1565,-6720,6260,-12509,-1571,3011,-14230,600,-403,1031,-1103,7005,-3796,-3248,0.317693055,5.05376339,1.605545521,0.025260473
5,7002,5404,1059,7882,-2906,-1635,135,-2814,-3909,3676,1901,-6838,6484,-10979,389,4156,-11125,3783,906,1366,-1591,6031,-5076,-1681,0.317693055,5.05376339,1.605545521,0.025268162
5,6883,3975,2499,6861,-2933,424,-319,-2991,-3905,4243,1457,-7070,5617,-9310,2759,4463,-8958,5739,2913,1087,-2106,5971,-5855,-287,0.317693055,5.043988228,1.60244,0.025275815
5,6486,1888,4177,7044,-3428,2391,-375,-2629,-3842,5141,1013,-7725,5589,-8499,4349,3498,-9014,5775,4049,786,-2673,6556,-5966,-214,0.312805474,5.043988228,1.577787161,0.025283372
5,6088,1020,5251,7757,-3961,3400,-396,-2001,-3825,5380,634,-7557,6026,-8151,5025,4118,-7918,6756,4144,930,-2821,7232,-6660,-703,0.317693055,5.043988228,1.60244,0.025291041
5,5559,594,6130,7021,-3925,3928,-381,-1676,-3650,5341,261,-7988,6499,-7034,5398,5657,-6431,8345,3667,1070,-2769,6693,-5778,-3086,0.312805474,5.05376339,1.580844879,0.025298586
5,5022,421,6432,5941,-3850,4035,-421,-1193,-3682,4767,-404,-8410,7086,-4692,6023,6567,-3989,10005,3262,697,-2840,5047,-4756,-6327,0.317693055,5.043988228,1.60244,0.02530623
5,4661,221,6568,6328,-3849,5180,-201,-627,-3757,4320,-691,-8877,6904,-2314,6444,6622,-2731,10175,3049,516,-2889,3636,-1387,-7996,0.312805474,5.05376339,1.580844879,0.025313793
5,3833,905,7018,5524,-4275,7197,54,-312,-3924,3890,-392,-9043,7276,-1535,6801,5597,-2164,9361,3231,931,-2800,5250,268,-5762,0.312805474,5.05376339,1.580844879,0.025321355
5,3214,1161,7493,3988,-4412,8521,424,154,-4036,4038,38,-9235,8055,-1092,7261,6439,-1508,9220,3200,2485,-2527,6812,671,-3099,0.322580636,5.043988228,1.627092957,0.025329133
5,2281,1070,7830,1877,-4091,8756,585,598,-4074,3934,79,-9582,8526,-314,8341,9314,2352,10108,2385,2896,-2121,7684,-105,-2071,0.327468216,5.043988228,1.651745796,0.025337033
5,1622,590,8073,-87,-3155,9361,958,1243,-4131,3867,-348,-10445,7020,3092,9176,11126,4038,11450,566,1786,-1332,10529,-292,-3732,0.327468216,5.043988228,1.651745796,0.025344925
5,384,-361,8104,-3953,-2648,10800,1718,1919,-4201,4067,600,-10310,6489,5103,10493,11781,6549,10007,-702,1503,-188,11795,-1031,-7795,0.322580636,5.05376339,1.630246162,0.025352735
5,-729,-1033,8088,-7033,-2449,11564,1896,2160,-4186,3888,2464,-9626,6884,6574,11073,13128,9590,8533,-725,1802,-752,3575,-3991,-6409,0.322580636,5.05376339,1.630246162,0.025360517
5,-1978,-1701,7893,-9839,-2358,11049,1496,1614,-4046,3201,3878,-9163,8480,8276,10730,15212,13710,6562,-806,378,-612,-938,-7452,-3912,0.317693055,5.05376339,1.605545521,0.025368202
5,-3337,-2320,6976,-12629,-3519,9509,1118,1172,-3765,2918,3962,-7997,10287,11341,8759,16473,16215,3943,-818,-349,-159,1659,-7404,-2178,0.317693055,5.05376339,1.605545521,0.025375869
5,-4238,-2476,5938,-15039,-3757,8848,607,1137,-3476,2856,3052,-6660,11314,14648,5737,18895,19797,38,398,148,-697,5390,-3990,-2639,0.307917893,5.05376339,1.556144118,0.025383297
5,-5670,-3576,4587,-15687,-4023,9221,438,1540,-3360,3534,1848,-6739,11336,17018,2871,18142,24084,-5674,664,198,-131,8560,-1709,-3745,0.317693055,5.05376339,1.605545521,0.025390973
5,-7172,-4583,3701,-13502,-3268,9820,992,3073,-3127,4661,1002,-7058,8409,17935,-1546,12904,25149,-7891,806,788,291,8708,-229,-3461,0.317693055,5.05376339,1.605545521,0.025398642
5,-9401,-3944,2217,-12844,-2466,10576,1757,4004,-2705,5464,1392,-7412,5802,15134,-5586,8231,24506,-6523,1681,397,-582,7340,-876,-3217,0.317693055,5.05376339,1.605545521,0.025406325
5,-10745,-3318,860,-12707,-3210,8108,2357,3992,-2092,6566,2013,-8125,4374,12494,-8964,8881,22084,-3910,2490,-55,-1555,7806,-2288,-3922,0.317693055,5.05376339,1.605545521,0.025413996
5,-12107,-3433,-827,-15095,-3609,3108,2775,3721,-1338,8596,2380,-9576,2082,11490,-10517,9430,18152,-4735,3088,-360,-2415,6862,-2534,-4869,0.327468216,5.05376339,1.654946923,0.02542188
5,-12613,-5007,-1787,-15805,-3713,-196,2902,4139,-1127,10071,2154,-10504,-271,11300,-10729,12146,13422,-7702,3126,-264,-2159,6382,-2901,-4922,0.322580636,5.05376339,1.630246162,0.025429685
5,-12589,-6575,-2331,-14447,-3550,-3603,2971,5287,-1417,9558,1521,-11152,-1685,12675,-11085,12651,10571,-13624,2908,7,-1512,5399,-2934,-4244,0.312805474,5.05376339,1.580844879,0.02543724
5,-11956,-7436,-3021,-13279,-2444,-6979,3148,6219,-1857,7628,354,-11462,-1544,13760,-12425,12282,9087,-17767,3756,73,-972,5369,-1612,-3410,0.317693055,5.05376339,1.605545521,0.025444906
5,-11348,-7258,-3875,-12254,-2641,-8565,3739,7240,-2520,4594,-569,-11308,-2080,13912,-13943,11064,7274,-23361,4430,-294,-1081,5843,-475,-3868,0.317693055,5.05376339,1.605545521,0.02545259
5,-10019,-5902,-5321,-10281,-2746,-9136,4146,7640,-2912,2158,-400,-10402,-1840,12733,-15089,6971,5218,-24733,4119,-650,-1286,6657,1004,-4273,0.312805474,5.05376339,1.580844879,0.025460126
5,-9194,-4339,-6806,-10020,-2470,-8662,4026,7372,-2923,-724,800,-8474,-1515,8205,-14810,3760,4337,-23991,3496,-936,-1411,6686,2030,-4347,0.312805474,5.05376339,1.580844879,0.025467698
5,-7691,-2990,-8833,-9901,-2197,-9168,3488,6503,-2352,-2417,1427,-6907,-1317,2635,-13003,1117,3053,-23458,3050,-1289,-1297,6101,2441,-4350,0.312805474,5.05376339,1.580844879,0.025475258
5,-6001,-2487,-9828,-7706,-1874,-9948,3081,4241,-841,-3644,1275,-5175,-240,-1362,-11493,904,-127,-20950,2799,-1444,-899,6175,2013,-4137,0.312805474,5.043988228,1.577787161,0.025482815
5,-3642,-945,-10466,-3589,-1200,-10463,3438,2020,474,-3598,1089,-5144,1587,-5334,-11097,2672,-572,-17810,2390,-1540,-412,6396,1249,-3728,0.312805474,5.05376339,1.580844879,0.025490381
5,-2163,567,-10538,-1713,-555,-9804,4002,-760,1437,-2637,1362,-5742,1712,-7849,-11191,3372,-336,-13791,1930,-1865,229,5881,29,-3395,0.332355827,5.05376339,1.679647684,0.025498398
5,-901,1320,-10506,-495,-238,-8899,4030,-5479,1811,296,1805,-6435,311,-9205,-10986,4346,-719,-11727,1839,-2187,602,5672,-1709,-3261,0.312805474,5.05376339,1.580844879,0.025505958
5,568,1116,-10218,641,-308,-7703,3803,-8546,1258,3412,2008,-7042,-1187,-9381,-10209,4711,-2529,-9798,2423,-2804,566,5231,-2917,-3449,0.312805474,5.043988228,1.577787161,0.025513511
5,1574,555,-9832,1876,-539,-7044,3543,-9782,-439,7466,3015,-6833,-2826,-9358,-9522,3699,-5401,-8099,3233,-3731,173,5344,-3597,-4378,0.312805474,5.043988228,1.577787161,0.025521053
5,2682,-273,-8997,3764,-1042,-6580,3191,-8763,-1645,8685,3643,-5490,-3742,-9627,-8670,1927,-8193,-6984,3859,-4672,-673,4741,-3892,-5141,0.312805474,5.05376339,1.580844879,0.025528628
5,3351,-696,-8329,5621,-1460,-6190,2674,-5658,-2708,7849,3337,-5169,-3596,-10054,-7716,1141,-10527,-6407,4376,-5250,-1351,4343,-3940,-6019,0.317693055,5.043988228,1.60244,0.025536271
5,4274,-237,-7155,9266,-2314,-6011,2181,-2787,-3155,6279,2876,-5593,-2759,-10543,-6927,-235,-13238,-5959,4364,-5978,-1823,4383,-3453,-6118,0.317693055,5.043988228,1.60244,0.025543926
5,4868,1201,-6186,10985,-2873,-5441,1428,-847,-3501,4657,1618,-5998,-881,-11395,-6392,-1243,-14942,-5024,3929,-6348,-1557,5649,-2797,-6190,0.317693055,5.05376339,1.605545521,0.025551602
5,5593,3183,-4607,11401,-3472,-4735,1007,-1097,-3676,3332,1118,-6147,1212,-12675,-5473,-589,-15195,-4002,3002,-6084,-991,7943,-1315,-6117,0.312805474,5.043988228,1.577787161,0.02555914
5,6070,3969,-3241,11131,-3493,-4537,590,-2831,-3599,2523,-382,-6336,2684,-13529,-4260,664,-14890,-2659,2204,-5121,-580,9636,574,-5648,0.312805474,5.05376339,1.580844879,0.02556668
5,6420,4069,-1889,10695,-3423,-4074,718,-2171,-4506,3102,711,-6809,3453,-13660,-2663,2115,-14804,-1511,1684,-4251,-638,10908,771,-4989,0.307917893,5.05376339,1.556144118,0.025574129
5,6870,3527,-31,10040,-3644,-2861,648,-2875,-5054,2481,1513,-7089,4628,-13475,-1202,2335,-14914,139,1015,-3526,-1028,11692,-59,-3710,0.317693055,5.05376339,1.605545521,0.025581811
5,7177,2857,1353,9368,-3946,-1866,100,-3309,-5576,3513,2353,-8091,6060,-13172,941,3340,-14260,1478,800,-1982,-1814,10933,-1720,-2331,0.322580636,5.05376339,1.630246162,0.025589602
5,7470,1898,3095,8018,-4034,-399,-195,-3242,-5927,4139,2534,-8525,7336,-12253,3426,4441,-13052,3222,1042,-922,-2563,9156,-2432,-1572,0.322580636,5.05376339,1.630246162,0.02559741
5,7557,1069,4136,6787,-3880,520,-563,-2628,-6298,4766,2271,-8256,8181,-10491,5936,6258,-11003,4439,2018,-327,-2817,7918,-3662,-925,0.317693055,5.05376339,1.605545521,0.025605099
5,7462,-684,5532,5828,-4023,1825,-605,-2369,-6304,4783,2186,-8561,8269,-8890,8101,7715,-8528,5955,3243,136,-2875,6465,-4949,-629,0.327468216,5.05376339,1.654946923,0.025613025
5,7298,-1921,6297,6745,-4326,3152,-630,-1579,-6320,4683,1721,-8987,8070,-6901,9179,8446,-6351,6836,3329,-189,-2642,5465,-5749,-668,0.327468216,5.05376339,1.654946923,0.025620932
5,6833,-2416,7029,7278,-4134,5120,-445,-1366,-6373,4552,1905,-8815,8337,-5753,9817,8565,-4734,7069,2572,-613,-2483,5252,-6556,-1479,0.317693055,5.05376339,1.605545521,0.025628606
5,6251,-2419,7434,7416,-4561,6598,-312,-1232,-6409,4656,1843,-8749,9226,-5166,9881,9571,-3695,7541,2320,-154,-2518,6469,-7145,-2722,0.317693055,5.05376339,1.605545521,0.025636271
5,5525,-1715,7637,6464,-5028,7968,-64,-1023,-6205,5273,1571,-8706,10071,-4477,9841,11127,-1027,8894,3150,303,-2674,5421,-5979,-3380,0.322580636,5.05376339,1.630246162,0.025644075
5,4264,-1242,7773,3976,-5743,8897,150,-759,-5778,5852,1022,-8816,10416,-2846,9646,13542,2380,10774,3488,21,-2725,4361,-3837,-4124,0.322580636,5.043988228,1.627092957,0.025651857
5,3266,-1555,8025,2579,-5489,9156,469,193,-5155,6690,425,-9289,9727,282,9048,14336,5956,12236,3635,-283,-2831,4843,-1477,-5112,0.322580636,5.05376339,1.630246162,0.025659671
5,1543,-2371,8143,96,-5701,9691,1021,946,-4705,7528,320,-9670,8401,3842,8292,14713,8180,12438,3183,297,-2682,6086,-82,-5750,0.327468216,5.05376339,1.654946923,0.025667584
5,188,-3149,8102,-2590,-6084,10445,1676,2329,-3958,7416,1306,-9553,7599,6393,8000,14466,9993,11242,2405,1227,-2189,8173,796,-5782,0.317693055,5.05376339,1.605545521,0.02567526
5,-1668,-4504,7766,-6504,-6723,10340,1810,1989,-3395,7233,1831,-9023,7030,9141,8193,13820,11819,8527,708,2465,-1710,8518,591,-4679,0.327468216,5.05376339,1.654946923,0.025683146
5,-3032,-5536,7425,-8590,-6922,9195,1908,984,-2872,7043,1957,-9270,6854,11527,8546,14574,13830,5877,-680,2608,-1370,7504,-195,-3591,0.327468216,5.05376339,1.654946923,0.025691042
5,-4450,-6501,6999,-10135,-6889,7474,2125,1575,-2600,6835,2189,-9437,7059,14504,8066,15558,14985,2202,-1321,2225,-1092,7029,-1478,-4276,0.317693055,5.05376339,1.605545521,0.025698738
5,-5143,-6694,6635,-11313,-6057,6397,2381,3136,-2311,6404,2876,-9018,7803,17241,6610,17392,15452,-580,-634,1078,-673,7670,-4153,-8039,0.312805474,5.043988228,1.577787161,0.025706278
5,-5849,-6863,6265,-12062,-5550,5590,2425,3915,-2056,6336,3501,-8564,9042,18990,4812,18586,16136,-5205,262,1933,-386,4046,-5290,-7282,0.317693055,5.043988228,1.60244,0.025713937
5,-7113,-7559,5909,-11693,-3962,6803,2324,4287,-1794,6308,3801,-7844,8399,19652,1441,17919,18229,-11157,-944,314,554,-670,-9288,-5314,0.322580636,5.043988228,1.627092957,0.025721718
5,-8516,-8397,5810,-10784,-1940,7527,1915,4538,-1206,5904,3556,-6710,5964,19945,-2303,14800,19749,-12075,-633,-784,558,2598,-8506,-1593,0.322580636,5.05376339,1.630246162,0.025729522
5,-10476,-8154,5038,-10208,-359,6358,1396,4371,-612,5837,2739,-6031,3065,16920,-5137,11607,18874,-11552,2600,-1040,-654,3641,-3202,-2809,0.312805474,5.043988228,1.577787161,0.025737049
5,-11429,-6579,3748,-11488,219,3459,1012,4109,197,6507,868,-6218,1171,15264,-6586,12669,14168,-13327,4007,-1173,-1060,4974,-194,-4972,0.317693055,5.043988228,1.60244,0.025744706
5,-12031,-5011,1522,-14235,-1793,-926,1299,4375,576,7435,-157,-7362,1371,14867,-7752,11457,10713,-15215,3404,-928,-1118,6466,2002,-6132,0.312805474,5.043988228,1.577787161,0.025752235
5,-11540,-4775,105,-14351,-3368,-4187,2186,6276,553,7429,-508,-9480,2066,15174,-9076,9652,9381,-18456,1833,-677,-1078,6938,2545,-4881,0.317693055,5.05376339,1.605545521,0.025759898
5,-10835,-4456,-992,-12597,-3894,-5709,2831,8162,138,5440,15,-10538,2366,15074,-11442,6908,8436,-21103,1117,-1230,-852,7449,1897,-3481,0.312805474,5.05376339,1.580844879,0.02576744
5,-9769,-3201,-2347,-10703,-3089,-6809,3181,9011,-321,2734,1021,-10673,3635,14308,-13418,2967,6560,-23218,713,-1671,-641,7436,-599,-2761,0.312805474,5.043988228,1.577787161,0.025774969
5,-9294,-1651,-3863,-11123,-4067,-6937,2735,7708,-283,-588,1613,-8958,1493,10196,-14417,1613,7987,-20381,743,-2090,-753,7480,-4417,-4593,0.317693055,5.05376339,1.605545521,0.025782632
5,-8258,-1249,-5696,-10692,-3623,-7251,2184,5184,179,-1937,1607,-7009,164,6407,-13703,1430,5968,-19392,1153,-2339,-1129,6008,-6561,-5928,0.312805474,5.05376339,1.580844879,0.025790185
5,-7219,-1166,-6822,-9437,-3640,-7388,2014,997,683,-1251,1325,-5574,-1027,2851,-11742,300,4169,-18288,2363,-3074,-1581,3677,-8287,-5095,0.317693055,5.043988228,1.60244,0.025797844
5,-5662,-1404,-7916,-6955,-3031,-7853,2274,-1702,884,537,1398,-5703,-1707,579,-10555,347,1338,-16813,4721,-4411,-2397,3577,-7026,-3363,0.317693055,5.043988228,1.60244,0.025805507
5,-4411,-1266,-8423,-4391,-2658,-8073,2422,-4731,885,3769,1502,-5995,-1103,-1810,-9826,-460,-436,-14733,6563,-5434,-2782,5179,-3587,-2851,0.312805474,5.05376339,1.580844879,0.025813067
5,-2957,-361,-8719,-1380,-2230,-7959,2227,-5866,605,5845,1336,-6086,-306,-4318,-9932,-747,-1562,-12499,7349,-6084,-2660,6880,31,-4072,0.317693055,5.05376339,1.605545521,0.025820741
5,-2011,479,-8646,515,-2343,-7781,2211,-5503,-15,7537,514,-5966,-148,-6211,-10179,-743,-1898,-11060,7487,-5845,-2287,8235,1334,-6414,0.322580636,5.05376339,1.630246162,0.025828524
5,-1221,1156,-8339,2012,-2472,-7522,2184,-4481,-373,7739,111,-5140,-381,-7247,-10284,-664,-2958,-9451,5916,-4995,-1747,8146,1329,-6863,0.322580636,5.05376339,1.630246162,0.025836328
5,-380,1685,-8038,2589,-2282,-7332,2093,-3177,-701,7084,-274,-4968,-977,-8187,-9914,243,-4119,-8113,3801,-4352,-1153,7296,919,-6815,0.317693055,5.05376339,1.605545521,0.02584401
5,77,1921,-7883,3230,-2038,-7020,2119,-2012,-876,6052,-13,-5225,-1294,-8460,-8929,423,-5597,-7157,627,-3902,-471,6709,1108,-6319,0.317693055,5.05376339,1.605545521,0.025851684
5,652,2484,-7771,4499,-2213,-6799,1821,-1379,-1090,4907,451,-5473,-1020,-8644,-8249,-95,-6584,-6341,-1507,-3502,-141,7139,803,-5933,0.327468216,5.05376339,1.654946923,0.025859568
5,1210,3148,-7466,6528,-2536,-7178,1148,-1381,-1248,3069,214,-6080,-380,-8463,-8082,-193,-9103,-6109,-2334,-2596,-86,7852,-872,-4825,0.327468216,5.05376339,1.654946923,0.025867471
5,2249,4968,-6624,8765,-3124,-6960,911,-2271,-1289,2730,-98,-6126,1203,-8257,-8120,-1908,-10773,-5197,-2427,-1270,-468,8150,-2502,-3774,0.322580636,5.05376339,1.630246162,0.025875285
5,3015,6404,-5724,9205,-3612,-6457,610,-2628,-1574,1942,231,-6117,2882,-9088,-7943,-2467,-11951,-4434,-1650,-201,-1204,7979,-3940,-2883,0.322580636,5.05376339,1.630246162,0.025883067
5,3963,7766,-4310,9269,-3964,-5494,391,-3653,-1750,2207,998,-6170,4602,-10170,-6988,-2569,-12508,-3858,-320,607,-1869,8372,-6018,-1525,0.322580636,5.05376339,1.630246162,0.025890861
5,4653,8143,-3080,9204,-4312,-4332,-162,-4384,-2077,3100,719,-6547,5648,-11159,-5495,-2401,-12368,-2612,2131,1664,-2266,7287,-7070,350,0.317693055,5.05376339,1.605545521,0.025898512
5,5191,7790,-1757,9155,-4471,-3257,-454,-4345,-2435,4209,120,-6992,6288,-12405,-4170,-784,-11626,-1252,3677,1530,-2680,6098,-7353,7,0.317693055,5.05376339,1.605545521,0.025906177
5,5650,6583,-180,8362,-3892,-2076,-677,-3953,-2681,5288,-579,-7127,6423,-13085,-2068,1168,-10946,74,3834,942,-2815,5916,-6390,-1255,0.317693055,5.05376339,1.605545521,0.025913885
5,5702,5215,878,7912,-3489,-1332,-747,-3222,-2779,5563,-794,-7394,6400,-13016,44,2759,-10450,1714,3853,1235,-2639,6272,-6118,-3219,0.317693055,5.05376339,1.605545521,0.025921563
5,5584,3569,2064,7478,-3335,-325,-778,-2271,-2894,5107,-890,-7284,6446,-12210,2007,4050,-9482,3026,4261,1376,-2578,5141,-5350,-4762,0.312805474,5.05376339,1.580844879,0.025929108
5,5404,2621,2743,6825,-3582,737,-810,-1340,-2980,4195,-794,-7493,6594,-11064,3268,5360,-8204,5196,4193,1162,-2409,3422,-4312,-5246,0.312805474,5.05376339,1.580844879,0.025936665
5,5080,1292,3431,5415,-3824,1663,-856,-680,-3031,3663,-886,-7675,6389,-9107,4835,6709,-6469,6926,2888,824,-2183,4549,-2313,-5351,0.312805474,5.05376339,1.580844879,0.025944196
5,4984,-166,3665,5255,-3819,2093,-794,-169,-3108,2977,-604,-7877,5423,-6584,6066,7303,-4861,8220,2696,1846,-2101,7355,-1246,-4923,0.317693055,5.043988228,1.60244,0.025951849
5,4784,-2295,4285,5555,-3909,2346,-764,-55,-3331,2440,-312,-7978,4119,-4221,6574,7089,-3472,8983,2603,2789,-2001,9637,154,-4395,0.307917893,5.05376339,1.556144118,0.0259593
5,4663,-3726,4856,6695,-4461,3171,-378,221,-3609,2330,466,-8188,2332,-2734,6487,6388,-4091,9142,1970,3042,-1933,8391,506,-4998,0.307917893,5.05376339,1.556144118,0.025966728
5,4542,-4228,5278,8000,-4422,4230,-289,72,-3773,2636,1247,-8424,2371,-1654,6229,5048,-5674,7988,639,1616,-1586,7464,167,-6207,0.312805474,5.05376339,1.580844879,0.025974266
5,4230,-3434,5696,8362,-4979,5769,-309,-254,-3943,3464,2035,-8985,3942,-1973,5868,4618,-6102,7277,-558,1305,-1044,6647,-1861,-5371,0.312805474,5.05376339,1.580844879,0.025981814
5,4018,-2578,6051,8207,-5528,6436,-379,-266,-4224,4101,2691,-9581,5075,-2749,5582,4923,-5408,7694,-1528,1274,-285,6270,-3684,-3955,0.322580636,5.05376339,1.630246162,0.02598962
5,3844,-1671,6738,7735,-6530,6500,-525,16,-4549,4522,3029,-9732,6036,-2884,5401,5183,-4214,8681,-1126,1209,-321,3957,-5338,-4678,0.317693055,5.05376339,1.605545521,0.025997296
5,3777,-1267,7120,6092,-6805,6644,-682,330,-4930,4324,2423,-9916,6453,-2464,5503,6570,-2757,9552,-501,21,-447,1874,-5341,-5567,0.307917893,5.05376339,1.556144118,0.026004745
5,3709,-1681,7593,4124,-6644,7533,-420,800,-5161,3817,1397,-10442,6464,-1433,5946,7202,-1794,9281,-527,-192,-222,3770,-4884,-3864,0.317693055,5.043988228,1.60244,0.026012389
5,3547,-2294,8015,3556,-5991,8498,534,1492,-5504,3281,458,-10876,6649,-805,6597,8283,-1346,8431,384,219,319,5899,-4369,-2473,0.312805474,5.043988228,1.577787161,0.026019936
5,3143,-2557,8463,2738,-5102,9903,1583,1818,-5726,3341,134,-11583,6958,-396,7352,10394,-556,7759,477,522,440,6385,-2752,-2887,0.312805474,5.043988228,1.577787161,0.026027465
5,2240,-2113,8775,-891,-3570,11618,3097,3193,-5623,4555,1585,-11402,8211,514,8918,13331,1990,7696,634,381,13,6312,-184,-3942,0.317693055,5.05376339,1.605545521,0.026035126
5,1051,-2329,8881,-5403,-3872,12581,3890,3288,-4717,4366,3852,-9320,9108,2141,11151,16579,6019,8086,584,211,-659,7478,1053,-3715,0.332355827,5.05376339,1.679647684,0.026043156
5,-635,-4204,9437,-9261,-3525,12162,3183,1067,-3532,4224,4962,-7456,9574,5684,12900,20829,8868,8315,-199,110,-1218,8789,1120,-3213,0.317693055,5.05376339,1.605545521,0.026050834
5,-1949,-5525,9960,-9215,-2681,11118,2464,807,-2958,4602,4470,-6830,10165,9416,12533,23665,12565,7331,-235,113,-1380,9193,-1092,-2842,0.317693055,5.05376339,1.605545521,0.026058501
5,-3846,-4751,9639,-10881,-681,10504,2120,1826,-2533,5303,3862,-6723,11885,14427,11130,27164,15533,2550,827,615,-1437,7458,-4581,-3534,0.317693055,5.05376339,1.605545521,0.026066178
5,-5523,-3374,8798,-13521,580,10550,2173,3722,-1769,6687,3671,-5972,14246,18143,7916,28855,16649,-4363,2374,1015,-1137,5606,-7037,-3919,0.322580636,5.05376339,1.630246162,0.026073989
5,-8075,-2151,7465,-15213,1629,11576,2124,3697,-1036,8022,3485,-4876,15919,19628,3052,31178,16684,-8932,3942,773,-1019,3956,-8452,-3177,0.317693055,5.05376339,1.605545521,0.026081664
5,-10487,-1785,6732,-12734,4077,13314,1413,3137,-38,9111,3319,-4066,15409,20920,-3739,27918,17230,-18534,4825,208,-1545,5359,-5599,-1573,0.322580636,5.05376339,1.630246162,0.026089439
5,-13122,-435,5734,-10559,5859,11493,445,3137,799,10109,2997,-4608,13534,21621,-8305,15374,17314,-14392,4940,-66,-2032,6978,-2101,-1138,0.317693055,5.05376339,1.605545521,0.026097106
5,-14849,1642,3065,-13506,3606,1783,-123,4191,1997,11480,1678,-6762,11000,16239,-12645,10983,13104,-12342,4861,-312,-2037,8178,1166,-2871,0.322580636,5.05376339,1.630246162,0.026104884
5,-14863,1925,583,-16232,-98,-4390,154,6292,2281,12097,798,-9665,8391,14226,-14486,13157,8760,-17704,4175,-315,-1983,8342,2171,-4074,0.317693055,5.05376339,1.605545521,0.026112545
5,-13799,768,-1735,-16474,-1661,-7369,1192,10796,1364,10194,607,-13274,6401,14749,-14925,11594,6739,-24500,3097,10,-1825,8011,2563,-4485,0.317693055,5.05376339,1.605545521,0.026120216
5,-12737,446,-3148,-14794,-454,-8119,1983,13327,-2,6142,647,-13979,3132,14567,-14929,6783,7957,-27384,2151,538,-1271,7551,2884,-4613,0.317693055,5.05376339,1.605545521,0.026127892
5,-11166,159,-5345,-11636,-880,-9695,2299,13464,-1153,1736,492,-12633,1680,11065,-14606,2868,4330,-24435,776,888,-728,6535,2889,-4592,0.322580636,5.05376339,1.630246162,0.026135689
5,-9802,783,-7119,-10924,238,-10288,1642,10534,-1448,-3800,1026,-9048,1967,5603,-13765,2262,2465,-22325,-126,682,29,5850,2110,-4337,0.312805474,5.05376339,1.580844879,0.026143242
5,-7801,1703,-8725,-8200,-772,-10878,340,7649,-814,-7494,1667,-5831,2359,1411,-12233,2282,-359,-20944,-417,363,560,5719,570,-3711,0.317693055,5.05376339,1.605545521,0.026150901
5,-6083,2455,-9662,-5457,-969,-11249,-110,3159,986,-7545,882,-2651,2997,-902,-11269,815,-2190,-17861,109,-114,688,5814,-1482,-2253,0.307917893,5.05376339,1.556144118,0.026158325
5,-4389,2776,-10083,-2749,-671,-10918,669,-1481,2351,-4226,526,-3509,3028,-3995,-10617,501,-2599,-14768,1364,-573,524,6160,-2562,-504,0.312805474,5.043988228,1.577787161,0.02616586
5,-2335,2534,-10096,124,-118,-9309,1329,-7038,3389,292,69,-6783,1400,-6716,-10202,858,-2628,-12487,2367,-951,296,6521,-3298,300,0.322580636,5.05376339,1.630246162,0.026173647
5,-922,2019,-9828,1799,-265,-8675,1154,-10149,3209,4086,351,-6696,-286,-8786,-9656,1474,-4052,-11085,2733,-1628,182,6055,-2985,-1224,0.312805474,5.05376339,1.580844879,0.026181195
5,904,1054,-9168,3723,-665,-8493,895,-12034,1854,8236,1513,-5567,-2559,-9511,-9071,1836,-6597,-9667,2121,-2214,38,5804,-2824,-3395,0.317693055,5.043988228,1.60244,0.026188837
5,1983,567,-8575,5394,-1189,-8407,763,-10930,609,8991,2176,-4588,-3683,-9749,-8447,1346,-9518,-8592,1894,-2665,-70,5664,-2668,-4301,0.312805474,5.043988228,1.577787161,0.026196372
5,3067,794,-7814,7258,-1792,-7983,871,-8435,-309,8374,2491,-4400,-3511,-10012,-7828,431,-11388,-7653,1992,-3088,-62,5784,-2462,-4704,0.317693055,5.043988228,1.60244,0.02620401
5,3941,1700,-7116,9211,-2318,-7776,603,-4819,-1110,6777,3256,-4876,-2308,-10457,-7268,-592,-14201,-7322,2414,-3432,48,5824,-2252,-4670,0.317693055,5.043988228,1.60244,0.02621166
5,4880,3284,-6039,11233,-3081,-7716,-139,-3240,-1503,5715,2484,-5575,393,-11064,-7029,-1805,-16238,-6772,2625,-3577,279,5858,-1993,-4607,0.322580636,5.043988228,1.627092957,0.026219431
5,6018,6527,-4255,12058,-3799,-6491,-932,-2666,-2007,4310,1068,-5802,3926,-12374,-6191,-2235,-16279,-5496,2625,-3877,444,5564,-2092,-4712,0.322580636,5.043988228,1.627092957,0.026227199
5,6663,8573,-2703,11915,-4229,-5273,-1335,-3830,-2228,2440,1201,-6211,7120,-14077,-4896,-1874,-15257,-4122,2639,-4206,494,5341,-2421,-4835,0.317693055,5.05376339,1.605545521,0.026234856
5,7190,9936,-645,10524,-4140,-4004,-1231,-4709,-2577,5048,749,-7511,8948,-15204,-3309,602,-12592,-3098,2677,-4482,399,5254,-2936,-4838,0.312805474,5.05376339,1.580844879,0.026242439
5,7410,9643,895,9014,-3519,-2926,-1209,-3512,-3037,4760,622,-7520,9940,-15177,-1875,3149,-10039,-1121,2588,-4698,292,5412,-2945,-4624,0.327468216,5.05376339,1.654946923,0.026250344
5,7250,7899,2659,7221,-3640,-1070,-1107,-3577,-3369,5605,773,-8354,9628,-14268,423,4501,-8431,1937,2103,-4982,568,6825,-2377,-4814,0.317693055,5.05376339,1.605545521,0.026258005
5,6912,5913,3764,6263,-4385,282,-1025,-2376,-3603,6310,329,-9043,8691,-13020,2703,5642,-8049,4550,1337,-4676,826,8561,-1629,-4886,0.322580636,5.043988228,1.627092957,0.026265761
5,6533,2982,5188,5305,-4325,1443,-927,-1243,-3747,6346,286,-9402,8207,-10964,4749,7234,-8020,6080,-58,-4074,725,10352,-1268,-4892,0.317693055,5.05376339,1.605545521,0.026273433
5,6241,1028,6144,5225,-4057,2309,-726,-374,-4114,6275,719,-9704,8089,-8874,5986,8214,-7165,8184,-1487,-3225,291,10754,-1431,-4197,0.322580636,5.05376339,1.630246162,0.026281217
5,5793,-352,6963,5440,-4836,3734,-578,-15,-4417,5330,1227,-9648,8541,-5987,7206,9183,-5026,9865,-2097,-2297,-619,10833,-2321,-3495,0.322580636,5.05376339,1.630246162,0.026289007
5,5531,-1151,7153,5501,-5502,5969,-604,86,-4645,4689,1435,-10151,8535,-3494,8034,9070,-3260,10295,-1759,-1412,-1357,10206,-3986,-2356,0.317693055,5.05376339,1.605545521,0.026296664
5,4996,-1825,7557,5159,-6185,7568,-575,-125,-4800,4438,1043,-10246,8265,-1963,8246,9499,-947,10134,-149,-67,-2305,9445,-5561,-801,0.332355827,5.05376339,1.679647684,0.026304686
5,4199,-2314,7880,5688,-6683,9035,-100,-423,-4867,4650,420,-10345,7936,-1417,7771,9422,690,9838,1468,1008,-2728,7802,-6344,67,0.317693055,5.05376339,1.605545521,0.026312351
5,3604,-2175,8054,5665,-6124,10177,288,-640,-4939,4851,530,-10312,7643,-1161,7389,10206,1765,9670,3033,1127,-2633,5585,-6750,470,0.322580636,5.05376339,1.630246162,0.026320156
5,2385,-1593,8446,4390,-5285,11112,773,-241,-4957,5547,580,-10177,7680,-755,6557,11317,3077,10266,3223,515,-2325,4464,-7030,-568,0.307917893,5.05376339,1.556144118,0.026327597
5,1205,-1125,8671,2104,-4304,11346,1317,600,-4948,6084,569,-10364,7857,780,5979,13526,4443,10618,2610,-37,-2204,4694,-7017,-2144,0.322580636,5.05376339,1.630246162,0.026335387
5,-161,-905,8675,-1839,-3042,11054,1717,1423,-4433,7184,697,-10046,7990,2956,6223,16079,7223,10223,2693,172,-2363,5570,-6317,-4143,0.317693055,5.05376339,1.605545521,0.026343051
5,-2366,-1808,8429,-7857,-2453,10498,1855,2244,-3173,7404,842,-7951,7590,7164,6936,17279,9904,9068,3554,481,-2897,4679,-4835,-4605,0.322580636,5.05376339,1.630246162,0.026350835
5,-3968,-3077,8405,-10125,-2152,9160,1680,2083,-2354,7083,740,-6833,8166,12016,7524,17887,11772,5183,4877,79,-3651,4439,-3055,-4328,0.317693055,5.05376339,1.605545521,0.026358508
5,-5739,-3418,7631,-11933,-1827,7823,1426,2701,-1801,6592,812,-5885,9968,16383,7108,19621,13839,1647,4926,215,-3935,4656,-111,-5503,0.317693055,5.05376339,1.605545521,0.026366184
5,-6913,-2955,6641,-13758,-1899,7063,1194,4087,-1580,6547,745,-5706,11308,18891,4695,22187,17418,-4584,3042,1233,-3451,6223,1011,-6493,0.317693055,5.05376339,1.605545521,0.02637385
5,-8886,-3336,5713,-12823,-943,8605,1098,5462,-1075,6630,738,-5053,10587,20499,932,22282,20345,-11164,1956,2462,-2738,7194,1234,-5944,0.327468216,5.05376339,1.654946923,0.026381753
5,-10733,-3386,4926,-10825,1053,9689,1176,5858,-450,6800,794,-5145,8422,20988,-4539,18401,20329,-12786,1939,2428,-2356,7909,1230,-4576,0.322580636,5.05376339,1.630246162,0.026389537
5,-13313,-2491,3220,-10843,2464,6853,1352,5890,540,7537,706,-6622,5744,18176,-8364,12016,18231,-10877,961,1869,-2303,4176,-700,-6622,0.327468216,5.043988228,1.651745796,0.026397422
5,-14270,-2121,1686,-12494,362,1620,1488,5512,1168,9144,628,-8283,4029,16108,-10478,11673,13118,-11114,452,-606,-1431,1689,-3196,-6391,0.312805474,5.05376339,1.580844879,0.026404971
5,-14298,-2362,299,-14383,-1185,-3278,1684,5697,1282,10544,536,-10510,2301,16183,-10620,11225,8152,-14866,490,-876,291,6083,-9293,-3857,0.317693055,5.05376339,1.605545521,0.026412636
5,-13565,-3562,-1049,-14839,-2753,-7496,2305,7600,528,9716,360,-12713,1260,17580,-11014,10532,8037,-21078,1083,702,142,4613,-7889,-3200,0.312805474,5.05376339,1.580844879,0.026420176
5,-12589,-4022,-1967,-13271,-2506,-8823,3157,8933,-526,6646,159,-13194,242,17479,-12034,6937,8272,-24883,1222,-1216,-584,4332,-4818,-2567,0.312805474,5.05376339,1.580844879,0.026427731
5,-11374,-3350,-3640,-13039,-2003,-9746,3776,9373,-1695,1868,368,-11949,-598,14857,-13275,4133,8467,-29343,1739,-1395,-975,5726,523,-1199,0.307917893,5.043988228,1.553134203,0.026435189
5,-10160,-2378,-5312,-12293,-2128,-10318,3606,8680,-2073,-1012,671,-9993,134,11747,-13971,1582,7043,-27980,527,-584,-590,10073,1481,-2818,0.312805474,5.05376339,1.580844879,0.026442736
5,-8021,-196,-7993,-12305,-2930,-10247,2994,7021,-1836,-4120,2080,-6903,223,6299,-13495,614,6009,-26305,-212,299,239,11446,363,-3820,0.312805474,5.05376339,1.580844879,0.026450302
5,-6286,909,-9670,-11445,-2747,-9790,2684,5056,-1268,-5423,2590,-5162,625,1315,-12113,-445,4586,-22740,-579,847,-484,10529,-1466,-2524,0.317693055,5.043988228,1.60244,0.026457958
5,-3876,1081,-11084,-7986,-2267,-9118,3295,720,47,-4742,3385,-4794,908,-3495,-11092,-682,2903,-19596,496,691,-1308,8471,-4026,-2775,0.312805474,5.05376339,1.580844879,0.026465496
5,-2095,1160,-11493,-5202,-2028,-8577,3853,-3451,1027,-2737,3869,-5833,881,-6397,-10745,833,2031,-15900,1929,479,-1706,6581,-5481,-3234,0.312805474,5.05376339,1.580844879,0.026473055
5,-529,1188,-11506,-3266,-1790,-8141,4011,-7244,1600,-395,4008,-7691,35,-8778,-10434,2448,1065,-12656,2053,529,-1660,4794,-6392,-3442,0.312805474,5.05376339,1.580844879,0.026480598
5,1166,871,-11160,-1297,-1660,-7671,3507,-10300,1304,3973,3922,-10085,-1558,-9577,-10045,3365,-228,-10304,3810,228,-1725,4362,-5030,-3056,0.317693055,5.043988228,1.60244,0.026488243
5,2214,163,-10794,-302,-1618,-6954,2900,-11096,224,7639,4231,-9796,-2937,-9387,-9339,3497,-2199,-8780,5623,-221,-1914,5448,-3144,-3123,0.312805474,5.043988228,1.577787161,0.026495775
5,3242,-1012,-10217,850,-1397,-5851,2087,-10643,-1484,10431,3595,-7632,-4241,-9259,-8672,2501,-4286,-7157,6098,-492,-2025,6589,-138,-3909,0.312805474,5.05376339,1.580844879,0.026503338
5,3739,-1632,-9800,2574,-1444,-5027,2152,-8686,-2388,9599,2794,-6555,-4429,-9228,-7929,1198,-6492,-6129,5621,-539,-2007,6970,1430,-4427,0.312805474,5.05376339,1.580844879,0.026510892
5,4169,-1541,-8877,6717,-2105,-4609,2473,-4337,-2830,6373,2452,-6745,-4121,-9793,-7729,12,-8351,-5069,4659,-408,-1901,7061,2358,-4703,0.322580636,5.05376339,1.630246162,0.026518676
5,4459,-409,-8138,9972,-2868,-4331,2235,-2073,-2864,4114,2752,-6958,-3378,-10803,-7876,-759,-11115,-4910,3820,-313,-1570,6902,2808,-5053,0.312805474,5.05376339,1.580844879,0.026526224
5,4849,1766,-7539,12303,-3910,-4443,1668,-1403,-2731,1274,3318,-7269,-1127,-11574,-7988,-1112,-13988,-4493,2702,-305,-1225,6321,2583,-5012,0.317693055,5.05376339,1.605545521,0.026533883
5,5611,5472,-6206,13742,-4874,-4217,1670,-2878,-2693,1406,2836,-7207,2094,-13000,-8016,-1400,-16067,-3822,2071,-470,-878,5725,1357,-4450,0.317693055,5.05376339,1.605545521,0.026541555
5,6237,7899,-4534,13836,-5427,-3486,1304,-2342,-3075,1595,3819,-7098,5585,-14788,-7421,-338,-16398,-2676,1911,-943,-701,4601,298,-3736,0.317693055,5.05376339,1.605545521,0.026549233
5,6970,9649,-2086,11878,-4981,-2035,716,-3469,-3361,1686,3646,-7068,8772,-16129,-5545,1927,-15304,-1275,1783,-1360,-640,4248,-645,-2907,0.332355827,5.05376339,1.679647684,0.026557256
5,7269,9305,-185,9268,-3998,-644,242,-3666,-3655,2505,3488,-7613,10542,-16653,-2556,4885,-13325,390,1969,-2081,-468,4315,-749,-2749,0.322580636,5.05376339,1.630246162,0.026565026
5,7322,7400,2307,7172,-3640,1280,225,-3415,-4353,3218,2828,-8062,11981,-16036,324,7986,-11626,2269,2311,-3222,-83,4993,-615,-3293,0.317693055,5.05376339,1.605545521,0.026572704
5,7379,5633,3792,5555,-3345,2751,310,-2790,-5034,3600,2653,-8447,11988,-13490,4427,10347,-9358,5042,3045,-4023,199,5884,-842,-4402,0.322580636,5.05376339,1.630246162,0.026580494
5,7585,1938,5337,3004,-3318,4382,709,-2032,-5932,3235,2708,-9258,10214,-9721,8291,13497,-7541,7948,3735,-4550,232,6243,-1662,-5198,0.312805474,5.05376339,1.580844879,0.026588047
5,7439,-1631,6706,3003,-3492,6085,1239,-1420,-6727,3145,3255,-9584,8560,-6704,11348,15011,-5256,10271,4490,-4775,-196,6276,-2744,-5456,0.312805474,5.05376339,1.580844879,0.026595596
5,7024,-4424,7532,4764,-3636,7756,1304,-1258,-7347,4060,4701,-9336,7397,-3911,12719,15530,-4147,9869,4982,-5114,-546,6307,-3384,-5293,0.317693055,5.043988228,1.60244,0.026603244
5,5999,-5688,8349,6056,-4392,10083,1011,-1058,-7497,5210,4870,-9339,8297,-2132,13266,16140,-2545,9698,4389,-5599,-804,6403,-2610,-4746,0.317693055,5.05376339,1.605545521,0.026610898
5,5270,-5825,8933,6539,-4461,11300,774,-535,-7453,6480,4099,-9146,8951,-866,12787,17294,2,10120,2121,-5833,-481,7618,-1518,-5032,0.317693055,5.043988228,1.60244,0.026618561
5,3784,-5189,9476,5332,-4224,12401,921,573,-7160,7509,2745,-9372,9080,433,11646,18823,2871,11015,247,-5507,-4,9055,158,-5920,0.307917893,5.05376339,1.556144118,0.026625996
5,2367,-4824,9892,3745,-3699,12564,1238,2348,-6716,8207,1400,-9667,9106,3066,10541,19455,5809,11474,-1155,-4647,329,10515,353,-6493,0.312805474,5.05376339,1.580844879,0.026633549
5,14,-4473,10175,-1327,-3399,12288,1680,2836,-5484,8543,1121,-8973,9052,6264,9556,19735,8201,10398,-1209,-3803,-121,10922,-195,-5763,0.317693055,5.043988228,1.60244,0.026641203
5,-1890,-5048,10128,-6237,-4056,11811,1449,1805,-4665,9284,853,-8041,8978,10038,9742,20045,10291,8589,-1038,-2659,-787,10946,-1639,-4106,0.312805474,5.05376339,1.580844879,0.026648747
5,-4131,-6692,10023,-10573,-4734,9628,1231,1634,-3686,9163,-43,-8715,8904,12970,10264,21014,12723,4756,-285,-876,-1602,10025,-3474,-2476,0.312805474,5.05376339,1.580844879,0.026656307
5,-5266,-7340,9670,-12026,-4727,7345,1330,2818,-2814,8379,46,-8297,10113,17234,9806,22573,15082,-1412,1279,298,-2167,8673,-4647,-1698,0.317693055,5.05376339,1.605545521,0.026663974
5,-6097,-7873,9385,-11924,-4177,7073,1453,4129,-1966,7583,736,-7537,10509,20294,7170,21898,17983,-7106,2628,443,-2559,6810,-5572,-1281,0.303030312,5.05376339,1.531443477,0.026671287
5,-7515,-7811,9014,-8200,-2805,8936,1375,4705,-1435,6945,1290,-7503,8888,20868,2979,20195,19406,-11055,4016,7,-2899,5877,-6050,-1838,0.312805474,5.05376339,1.580844879,0.026678838
5,-8999,-6429,8086,-8859,-496,9517,1108,5620,-1042,6607,940,-7250,8198,19235,-982,14605,18372,-11870,3959,-381,-3252,5699,-5988,-3085,0.317693055,5.043988228,1.60244,0.026686484
5,-11118,-4478,6376,-10950,814,7571,746,5963,-330,6450,63,-6771,6426,16645,-3183,12744,15993,-11587,3612,66,-3195,5610,-5758,-3234,0.317693055,5.05376339,1.605545521,0.026694169
5,-12069,-2984,4798,-12197,249,4022,632,5838,142,6817,-1112,-7069,5718,14842,-5239,11016,13676,-12019,3475,790,-3116,4969,-5231,-3155,0.312805474,5.05376339,1.580844879,0.026701715
5,-12233,-1756,2634,-13090,-869,-1335,868,6554,454,7827,-2022,-8736,5070,14063,-6986,9733,11862,-13413,4009,1248,-2933,5132,-4666,-3378,0.317693055,5.043988228,1.60244,0.026709376
5,-12069,-1719,854,-14895,-2110,-5546,1442,7764,469,7269,-2430,-9668,4572,14682,-8636,8500,9675,-16386,4841,943,-3138,4226,-3309,-4454,0.307917893,5.05376339,1.556144118,0.02671681
5,-11354,-2731,-732,-15068,-2829,-7121,2343,8942,-231,4227,-1865,-9970,2977,14864,-9256,8291,9438,-19579,5769,239,-3330,4450,-800,-6123,0.312805474,5.05376339,1.580844879,0.026724353
5,-10318,-4530,-2146,-13184,-2709,-7556,2594,8989,-843,1439,-1280,-9668,1104,14257,-9919,3904,7664,-22969,4746,654,-3153,5524,326,-6587,0.317693055,5.05376339,1.605545521,0.026732011
5,-9523,-5142,-3239,-10905,-2191,-7825,2356,7462,-957,-1896,-1180,-7764,262,11647,-10055,1415,5762,-22654,3750,1686,-2560,6273,443,-5819,0.332355827,5.05376339,1.679647684,0.026740029
5,-8435,-4677,-4715,-8436,-2450,-8918,2487,5609,-562,-2772,-1087,-6431,144,7758,-10100,-300,3893,-21057,2272,2383,-2254,6973,-60,-3088,0.322580636,5.043988228,1.627092957,0.026747784
5,-7451,-3417,-5881,-6549,-2092,-9296,2652,3077,13,-2274,-600,-5472,-457,4800,-10114,-747,2734,-19387,1086,1543,-1808,7124,78,-3302,0.312805474,5.05376339,1.580844879,0.026755333
5,-6117,-1778,-7390,-4759,-1579,-8830,2905,-808,654,-676,-492,-5139,-439,1222,-10597,-866,1935,-16793,953,920,-1588,6589,-913,-5257,0.312805474,5.05376339,1.580844879,0.026762914
5,-5105,-872,-8208,-3165,-1774,-8864,3188,-3666,743,679,-245,-5284,-826,-1712,-11235,-302,1001,-14753,1001,683,-1375,4857,-2992,-6213,0.317693055,5.05376339,1.605545521,0.026770592
5,-3514,83,-8891,-1036,-1888,-8887,3430,-6060,45,3061,244,-6850,-1199,-3481,-11556,240,-1137,-13758,1096,117,-875,6302,-4570,-3226,0.322580636,5.043988228,1.627092957,0.026778363
5,-2299,530,-9188,220,-2267,-8504,3612,-6399,-682,5094,1492,-7320,-2113,-4620,-11393,-1144,-2649,-12009,1300,822,-579,8317,-5582,-2885,0.317693055,5.05376339,1.605545521,0.026786027
5,-1059,499,-9137,1702,-2736,-8035,3135,-6735,-1559,6900,3194,-6396,-3374,-6433,-11174,-2233,-3930,-10939,749,824,-330,6601,-4794,-3212,0.317693055,5.043988228,1.60244,0.026793679
5,579,296,-8649,3512,-3622,-7671,2437,-6196,-2116,6674,3793,-5912,-4230,-8017,-10888,-2340,-5807,-9993,378,-175,-368,5307,-3227,-1912,0.307917893,5.05376339,1.556144118,0.026801135
5,1680,411,-8205,4459,-4335,-7452,1671,-4037,-2677,4589,3542,-6529,-4480,-8906,-10099,-2152,-7430,-8964,323,-122,-386,6667,-1929,-1163,0.317693055,5.05376339,1.605545521,0.0268088
5,3052,853,-7470,5734,-4867,-7109,1167,-2875,-3032,3457,3036,-6818,-4230,-9141,-9114,-2315,-9729,-7594,929,278,-571,7769,-1781,-1992,0.317693055,5.05376339,1.605545521,0.026816465
5,4004,1372,-6742,6509,-4980,-6445,964,-2640,-3372,2729,2733,-7147,-3128,-9524,-7996,-3322,-12206,-6005,1406,595,-791,8022,-1048,-3022,0.317693055,5.05376339,1.605545521,0.026824124
5,5155,2475,-5718,7533,-5361,-5049,719,-3377,-3724,1571,2241,-7247,-925,-10453,-6312,-4014,-13090,-4749,1225,732,-864,7736,-1330,-2757,0.317693055,5.05376339,1.605545521,0.026831789
5,5880,3461,-4664,8380,-5818,-3786,694,-3937,-3965,2228,2806,-7609,1703,-11855,-4648,-4323,-13133,-3793,1231,503,-1037,6925,-1999,-1829,0.317693055,5.05376339,1.605545521,0.026839454
5,6615,4530,-3487,8988,-6246,-3129,458,-3687,-4350,3062,2802,-7683,3551,-13021,-3338,-3572,-12088,-2391,1566,360,-1092,7160,-2932,-1983,0.312805474,5.043988228,1.577787161,0.026846986
5,7421,5540,-1861,8867,-6280,-2069,337,-3577,-4456,3929,3260,-8149,5066,-14001,-2344,-1525,-10649,-891,1868,550,-968,7309,-3652,-2595,0.327468216,5.043988228,1.651745796,0.026854865
5,7790,5695,-623,7953,-5970,-943,73,-3215,-4619,4505,3320,-8302,5738,-14490,-592,-224,-9416,1234,2374,648,-856,6407,-4205,-2387,0.312805474,5.05376339,1.580844879,0.026862416
5,7877,4767,928,6089,-5743,974,33,-2814,-4742,4875,3437,-8562,5909,-14675,1682,1705,-8721,2674,3123,477,-845,5712,-2877,-1770,0.317693055,5.05376339,1.605545521,0.026870074
5,7749,3505,2069,5337,-6035,2292,-33,-2231,-4985,5004,3606,-8544,6004,-14726,4058,3339,-8081,4076,3518,1,-1095,6090,-1303,-2119,0.317693055,5.05376339,1.605545521,0.02687774
5,7403,1646,3522,4516,-6308,3950,-97,-1537,-5180,5058,3596,-8761,6378,-14789,5720,5542,-7772,5250,3434,-105,-1199,7107,591,-2963,0.317693055,5.05376339,1.605545521,0.026885405
5,7063,426,4542,4008,-6360,4370,-63,-992,-5298,4911,3489,-9225,7120,-13537,7721,8413,-6456,7445,2595,-117,-1031,7460,1574,-3857,0.312805474,5.05376339,1.580844879,0.026892947
5,6782,-1339,5619,2509,-6111,5016,56,-197,-5421,4387,3299,-9494,7579,-10757,9464,11552,-4626,9930,1453,48,-706,7397,1577,-4028,0.317693055,5.05376339,1.605545521,0.026900601
5,6551,-3202,6208,2802,-5689,5931,338,346,-5447,3742,3231,-9880,7092,-7791,10624,14331,-1648,12915,856,130,-471,6794,1167,-3531,0.322580636,5.05376339,1.630246162,0.026908394
5,5955,-4780,6985,4138,-5815,8405,1016,254,-5308,3291,3169,-10364,6001,-3985,10850,15231,-210,13250,617,-103,-187,6150,452,-3361,0.327468216,5.05376339,1.654946923,0.026916316
5,4740,-5302,7759,5007,-5351,11377,1432,-200,-5000,4108,3587,-10320,6244,-1670,10447,15505,354,11917,789,-478,64,6121,-271,-3239,0.307917893,5.05376339,1.556144118,0.026923751
5,3475,-4711,8216,4313,-5270,12794,1749,-328,-4147,5914,3647,-9531,7367,-536,9906,16203,1419,11273,914,-679,177,5984,-1001,-3361,0.317693055,5.043988228,1.60244,0.026931405
5,1646,-4163,8778,-425,-4940,13567,1900,-312,-3361,6624,3476,-8870,7863,438,9931,17929,3880,10774,1250,-1027,67,5870,-1253,-3344,0.322580636,5.05376339,1.630246162,0.026939198
5,285,-4997,9381,-3877,-4546,13620,1751,248,-2565,7289,3078,-7939,7888,3022,10436,19697,6372,9442,1611,-1521,-109,5881,-1198,-3566,0.317693055,5.05376339,1.605545521,0.026946887
5,-1547,-5624,9919,-6312,-3445,12576,1559,846,-2194,7495,2426,-7485,9169,6582,11120,21275,7761,6633,1899,-1944,-309,5997,-1110,-3725,0.312805474,5.05376339,1.580844879,0.026954442
5,-2544,-5373,9722,-7479,-3015,11220,1590,1947,-1962,7054,2036,-7604,11796,10340,10245,21640,9959,2915,2215,-2377,-320,5798,-1433,-3793,0.317693055,5.05376339,1.605545521,0.026962109
5,-3817,-5284,9282,-7237,-2030,11492,1826,3694,-1841,6392,1715,-7562,12310,12719,7472,21081,14014,-349,2378,-3000,-127,5565,-1509,-3735,0.317693055,5.05376339,1.605545521,0.026969766
5,-5038,-4803,9062,-5619,-700,12356,2046,4757,-1743,5721,1731,-7271,10589,13589,4761,18897,15677,-4224,2653,-3598,152,5310,-1889,-4074,0.317693055,5.05376339,1.605545521,0.026977438
5,-6389,-3445,8316,-6105,980,12205,2094,5766,-1539,4983,1942,-6908,8210,13190,1494,15701,15081,-5416,3162,-4450,325,5060,-2269,-4459,0.322580636,5.05376339,1.630246162,0.026985226
5,-8204,-1429,6970,-9675,1821,9441,1972,6030,-1189,4824,2025,-6688,7215,12540,-834,14493,13699,-5304,3827,-4980,289,4874,-2968,-5908,0.317693055,5.05376339,1.605545521,0.026992876
5,-9185,-713,5842,-12287,1224,6279,1727,6203,-696,5327,1560,-6760,7382,13911,-2329,14103,12929,-5502,4501,-4907,-106,4792,-4029,-6823,0.317693055,5.05376339,1.605545521,0.027000543
5,-9852,-799,4311,-13948,-131,1610,1595,6458,-506,5531,817,-7217,7178,15188,-3118,11766,12027,-7407,4618,-5063,-390,4388,-3278,-6177,0.312805474,5.05376339,1.580844879,0.027008088
5,-10010,-1370,3192,-14103,-1104,-623,1629,6737,-448,5440,235,-7861,6195,16470,-4247,9630,12275,-11414,3779,-5902,-97,5494,-1891,-5624,0.322580636,5.05376339,1.630246162,0.027015869
5,-9735,-2125,1643,-13612,-2053,-2798,1669,6842,-510,4608,-303,-8070,4158,17109,-5528,8735,13644,-15989,1921,-6044,784,8923,226,-5853,0.312805474,5.05376339,1.580844879,0.027023416
5,-9541,-2991,505,-13226,-1979,-3932,1700,6201,-645,3699,-439,-7448,2465,16642,-7343,6385,13567,-18047,-947,-4871,1123,11032,1155,-5450,0.322580636,5.05376339,1.630246162,0.027031193
5,-9242,-3334,-764,-12636,-1910,-4994,1758,4315,-772,2472,-670,-6267,1595,15362,-9067,3680,12153,-20038,-2691,-3386,852,12059,440,-4723,0.317693055,5.05376339,1.605545521,0.027038859
5,-8599,-2696,-2466,-10946,-2071,-5931,1690,2588,-830,2109,-768,-5494,2731,12907,-11556,1781,8504,-20027,-2712,-2057,-222,12032,-1755,-3920,0.317693055,5.05376339,1.605545521,0.027046524
5,-8161,-865,-3816,-9484,-1587,-6053,1620,864,-881,2688,-938,-5301,4493,9209,-13366,-46,7260,-17948,-1524,-607,-994,10644,-4022,-2786,0.307917893,5.05376339,1.556144118,0.027053967
5,-7710,2167,-5909,-8762,-2412,-6854,1632,-145,-839,3378,-690,-5358,3684,5727,-13003,404,6828,-16141,489,811,-1922,9459,-6053,-1685,0.322580636,5.05376339,1.630246162,0.02706176
5,-6730,2858,-7021,-8536,-2725,-8278,1613,-1245,-498,4593,-55,-6154,2078,4468,-12167,1208,3529,-14682,2352,1709,-2583,7331,-7093,-990,0.312805474,5.05376339,1.580844879,0.027069315
5,-5227,2000,-8055,-6666,-2339,-9445,1525,-1768,-76,5567,867,-6258,659,3568,-10907,1583,710,-14101,3806,1636,-2741,5100,-8275,102,0.332355827,5.05376339,1.679647684,0.027077334
5,-4073,1277,-8472,-4504,-2102,-9398,1149,-2506,180,6008,1336,-5556,-29,2776,-10040,723,-1120,-13065,3759,596,-2808,4205,-8824,265,0.322580636,5.05376339,1.630246162,0.027085118
5,-2732,250,-8651,-1811,-2424,-8675,442,-3142,-184,5602,898,-5045,-503,1223,-9587,-1205,-2438,-12094,3056,159,-2772,5093,-8726,-1676,0.312805474,5.05376339,1.580844879,0.02709266
5,-1838,-654,-8599,-604,-2432,-8290,430,-3075,-742,4912,313,-5354,-1138,-351,-9139,-2181,-3596,-11237,3041,571,-2751,5731,-7704,-3321,0.312805474,5.043988228,1.577787161,0.027100218
5,-875,-1575,-8221,1620,-3107,-8281,731,-2774,-1205,4003,311,-5862,-2004,-2105,-8749,-3018,-5214,-10997,4358,574,-2803,4984,-6491,-4104,0.317693055,5.043988228,1.60244,0.027107876
5,466,-2557,-7456,4491,-3744,-9298,700,-2800,-1259,3690,325,-5766,-3303,-3657,-8604,-3377,-7386,-11195,6185,-36,-3446,4596,-4054,-5213,0.307917893,5.05376339,1.556144118,0.027115311
5,1310,-2738,-6888,6163,-4063,-9206,816,-3220,-1162,2933,50,-6211,-3842,-5340,-8054,-4257,-9476,-11556,6763,104,-3646,3741,-29,-8611,0.307917893,5.043988228,1.553134203,0.027122749
5,2279,-1882,-6391,7873,-4366,-8261,901,-3458,-1215,2674,340,-6522,-3299,-6910,-6884,-5381,-12052,-11366,4832,941,-3432,5346,1919,-7885,0.307917893,5.05376339,1.556144118,0.027130187
5,3045,-364,-5944,9219,-5181,-7617,846,-4242,-1627,2987,383,-6802,-1216,-9436,-6069,-6246,-13558,-10499,3595,2388,-3335,8650,2557,-4926,0.312805474,5.043988228,1.577787161,0.027137727
5,4322,2468,-5181,10482,-6316,-7086,656,-4729,-2085,3639,308,-7366,1552,-11498,-5288,-5547,-13257,-8510,3307,2818,-2919,8779,2228,-2002,0.337243408,5.05376339,1.704348445,0.027145866
5,5261,4518,-4409,10417,-6420,-6363,601,-4788,-2622,4238,85,-7710,3668,-12760,-4643,-4634,-12359,-6507,1050,1433,-2133,5574,180,-3132,0.312805474,5.043988228,1.577787161,0.02715339
5,6149,6265,-3075,9437,-6219,-4051,743,-4457,-3244,4886,635,-7853,4706,-13537,-3603,-3630,-11022,-3801,-1099,-30,-1456,3182,-2043,-4348,0.307917893,5.043988228,1.553134203,0.027160816
5,6532,6844,-2085,8752,-5932,-2068,700,-3686,-3555,5086,1543,-8082,5772,-14378,-2537,-2238,-9912,-1636,-1,464,-148,8126,-6671,-2589,0.312805474,5.043988228,1.577787161,0.027168367
5,6771,7010,-1135,8207,-5986,-334,513,-2438,-3934,4774,2398,-8402,6502,-15032,-898,-1058,-8690,651,-383,2019,1256,7594,-7812,-2995,0.317693055,5.05376339,1.605545521,0.027176039
5,6891,6528,190,7543,-6415,1729,361,-1562,-4156,4220,2977,-8657,7185,-15630,627,115,-7858,2687,-728,829,704,4793,-6281,-2027,0.317693055,5.05376339,1.605545521,0.027183712
5,6757,5982,1280,6626,-6858,3015,139,-551,-4335,3229,3319,-9151,7826,-15839,2144,2206,-6927,3834,1499,-741,-730,4112,-2152,-1687,0.317693055,5.05376339,1.605545521,0.027191401
5,6421,5097,2908,5304,-6996,4281,193,-130,-4377,2639,3514,-9307,8787,-15549,3377,4846,-5786,5076,2691,-790,-1020,7700,-38,-3285,0.322580636,5.05376339,1.630246162,0.027199186
5,5974,4235,4151,3578,-6607,4832,515,118,-4523,2366,3915,-9382,9550,-14373,5100,7760,-3973,6669,934,519,-952,7976,311,-4045,0.322580636,5.043988228,1.627092957,0.027206974
5,5377,2301,5432,957,-5679,5520,689,138,-4844,2583,3855,-9536,9464,-11785,7058,10432,-1505,9529,-141,1001,-728,8560,1934,-2757,0.317693055,5.05376339,1.605545521,0.027214641
5,4991,303,6022,-1407,-5195,6155,1155,509,-5180,3075,3427,-10350,8202,-7333,9588,14249,2504,12652,-1172,806,-263,8453,1325,-904,0.312805474,5.05376339,1.580844879,0.027222207
5,4137,-3267,6072,-5613,-4910,8198,1884,824,-5002,3207,3872,-10206,4940,-3250,11830,16077,5956,14971,-2057,870,397,8472,-1388,-914,0.317693055,5.05376339,1.605545521,0.027229873
5,3250,-6875,6332,-6254,-6067,9860,2123,-149,-4753,3918,4672,-8903,2910,1476,14078,15457,6167,13870,-1068,885,288,7288,-5090,-1277,0.317693055,5.05376339,1.605545521,0.027237531
5,2150,-9876,6963,-4318,-7684,11101,1492,-1612,-4380,5087,4357,-7428,3040,3452,14725,15054,6275,12806,874,764,-190,5999,-7834,-3012,0.312805474,5.05376339,1.580844879,0.027245089
5,990,-10872,7875,720,-7448,10688,1078,-1036,-3787,5755,3407,-7180,4013,4637,13142,14925,6806,11935,2857,240,-848,4492,-7142,-2471,0.327468216,5.05376339,1.654946923,0.027252985
5,49,-9631,8119,1626,-6682,10136,793,687,-2837,6570,1874,-7497,5336,5706,11251,14573,7902,11039,4398,-96,-1613,5047,-5182,-2571,0.327468216,5.043988228,1.651745796,0.027260875
5,-1309,-7107,8103,701,-5076,9821,979,1531,-2203,7193,1126,-8146,6780,7833,8696,13982,8171,8842,5815,-818,-2057,6296,-2188,-2850,0.327468216,5.05376339,1.654946923,0.027268769
5,-2416,-4882,7769,-857,-4260,9754,1562,2329,-1758,6971,693,-9035,8807,9843,6398,13575,8145,5561,5921,-1360,-2112,7298,-91,-3344,0.317693055,5.05376339,1.605545521,0.027276436
5,-3870,-2168,7125,-4118,-3677,9869,1950,2860,-1635,6564,1000,-9099,10276,11139,4389,12926,8915,3259,4931,-1239,-1943,7939,2020,-3675,0.317693055,5.05376339,1.605545521,0.027284125
5,-4902,-1190,6757,-6482,-3630,10177,2202,4068,-1621,5395,1651,-8904,10932,11580,2991,12308,10366,1111,3186,-924,-1853,8085,3350,-3930,0.317693055,5.05376339,1.605545521,0.027291803
5,-5772,-1044,6553,-7908,-3175,10044,2205,5130,-1519,4451,2105,-8615,10594,12011,2231,13815,10950,-1065,2153,-524,-1440,7894,3800,-3656,0.317693055,5.05376339,1.605545521,0.027299479
5,-7086,-621,5747,-9310,-2140,9555,2069,6026,-1261,3774,2490,-8372,10585,12792,1428,13191,11366,-2557,1344,-260,-649,7011,3342,-2857,0.312805474,5.05376339,1.580844879,0.027307021
5,-8172,-1011,5123,-10249,-1563,8433,1720,6478,-662,3740,2384,-8384,9780,12384,-477,12088,13565,-4132,288,-425,4,6150,2364,-2520,0.312805474,5.05376339,1.580844879,0.027314585
5,-9583,-1719,4427,-9522,12,6749,1502,6388,-104,4138,2017,-8362,8022,11558,-3827,10517,15771,-5999,-93,-838,821,4853,734,-2978,0.317693055,5.043988228,1.60244,0.027322238
5,-10540,-979,3376,-9893,1222,5173,1335,5759,474,4376,1380,-7992,6245,9963,-6483,10619,14459,-9419,1,-1816,1248,4315,-543,-3362,0.317693055,5.05376339,1.605545521,0.027329909
5,-11403,532,1209,-12229,1595,1750,1259,5095,644,4022,1117,-7394,5487,9024,-9638,9899,12659,-11808,84,-2214,1426,5202,-2430,-3742,0.312805474,5.05376339,1.580844879,0.027337462
5,-11495,1034,-665,-13941,371,-1402,1070,4271,400,2987,990,-6638,4265,8575,-11886,7898,12356,-13529,516,-2528,1583,6175,-4093,-3865,0.312805474,5.05376339,1.580844879,0.027345015
5,-10710,386,-3052,-13893,-1241,-5412,1173,3981,-158,2251,447,-6455,2824,8696,-13496,6161,11143,-16093,912,-2876,1474,6587,-4861,-4108,0.317693055,5.043988228,1.60244,0.027352681
5,-9975,-507,-4654,-12665,-1214,-6820,1716,4072,-884,1931,74,-6485,295,8509,-14382,4019,9480,-18515,1456,-3437,1011,5301,-5289,-4406,0.317693055,5.05376339,1.605545521,0.027360367
5,-9059,-1268,-5963,-10183,-915,-8655,1797,3963,-1018,1814,119,-6161,-1104,7413,-15555,2642,5008,-19427,2280,-4653,-13,3848,-5349,-4173,0.317693055,5.043988228,1.60244,0.027368037
5,-7934,-947,-7484,-7477,-589,-9808,1666,3734,-884,1721,-684,-6273,-1749,5804,-16003,1188,1575,-19846,3206,-5541,-987,3954,-5476,-4837,0.307917893,5.05376339,1.556144118,0.027375473
5,-7083,-167,-8300,-5008,-948,-10394,2029,2264,-304,2076,-1062,-6233,-1410,3901,-15614,-540,-2407,-18684,4135,-5608,-1514,4116,-5210,-6001,0.312805474,5.05376339,1.580844879,0.027383022
5,-5575,986,-9040,-1062,-1390,-10994,2166,30,154,2742,-458,-5631,-1348,967,-15071,-1749,-4941,-16405,4330,-5982,-1266,5629,-2990,-5808,0.312805474,5.05376339,1.580844879,0.027390581
5,-4029,1830,-9420,1247,-1840,-11765,1929,-2076,366,3519,-55,-5422,-2114,-1828,-14125,-1800,-8286,-15239,3428,-6339,-340,8158,-769,-5604,0.312805474,5.05376339,1.580844879,0.027398154
5,-2067,2628,-9295,3811,-2196,-12151,1944,-3564,198,4509,390,-4688,-2361,-4337,-12829,-2364,-10454,-13444,2385,-5559,-58,11184,592,-6307,0.317693055,5.043988228,1.60244,0.027405815
5,-726,2956,-9023,5438,-2806,-12038,2078,-4745,-509,5458,1330,-4628,-2223,-6476,-11313,-2443,-12659,-12334,1116,-4042,-300,11280,424,-5337,0.312805474,5.05376339,1.580844879,0.027413363
5,863,3242,-8516,6714,-3334,-10849,1908,-4830,-1181,5907,1853,-4878,-1608,-7704,-9844,-2575,-14487,-10914,656,-3561,-1255,9934,-765,-4557,0.322580636,5.05376339,1.630246162,0.027421145
5,2015,3717,-7851,7646,-3825,-9821,1414,-4539,-1892,6237,1995,-5271,6,-9083,-7683,-2972,-15611,-8767,898,-3354,-2150,9063,-2455,-4035,0.317693055,5.05376339,1.605545521,0.027428813
5,3237,4391,-6721,8207,-4193,-9014,918,-4045,-2126,6081,1854,-5758,2064,-10137,-5883,-2872,-15492,-6261,1703,-2814,-2617,8104,-3222,-3329,0.332355827,5.043988228,1.676398873,0.027436806
5,4649,5171,-4627,8675,-4454,-8046,240,-3656,-2150,5587,1357,-6457,3314,-10632,-4424,-2147,-14730,-4374,2325,-1678,-2834,7623,-3692,-2703,0.322580636,5.05376339,1.630246162,0.02744462
5,5497,5555,-2801,9821,-4653,-7404,-407,-3522,-2080,4612,752,-6287,4302,-10652,-3556,-1784,-14360,-2221,2694,-793,-2749,6755,-4087,-1436,0.366568923,5.05376339,1.852552652,0.027453467
5,6048,5814,-870,9281,-4572,-5816,-603,-3692,-2171,4541,818,-6636,4973,-10490,-1968,-1348,-13210,-144,2737,-396,-2580,6418,-4724,-550,0.317693055,5.05376339,1.605545521,0.027461138
5,6190,5416,48,8104,-4292,-4573,-729,-3514,-2413,4662,975,-7187,5317,-10111,-3,-502,-12252,1078,2681,-278,-2569,6335,-5149,-969,0.322580636,5.05376339,1.630246162,0.027468918
5,6301,4206,1244,6955,-4384,-2849,-867,-3255,-2665,5018,834,-7743,5358,-9227,2004,-39,-10429,2377,2452,-54,-2681,6442,-5595,-1662,0.307917893,5.05376339,1.556144118,0.027476346
5,6334,3146,2130,6780,-5038,-1595,-735,-2516,-2970,5161,266,-8286,5054,-8659,3223,-77,-9250,3987,2129,545,-2709,6596,-5484,-2553,0.317693055,5.05376339,1.605545521,0.027484005
5,6291,2240,2914,7065,-5433,-310,-571,-1982,-3081,5211,55,-8458,4843,-8127,4584,287,-8166,5031,2286,1008,-2780,6643,-5493,-3049,0.312805474,5.05376339,1.580844879,0.027491542
5,6065,1256,3865,6110,-5558,935,-440,-1428,-3021,5035,96,-8700,4888,-7679,5749,921,-7247,5630,3012,1250,-3026,5836,-4419,-4175,0.317693055,5.05376339,1.605545521,0.027499219
5,5944,487,4143,6777,-5935,1609,-486,-984,-2950,4703,48,-8787,5181,-7096,6564,1338,-6242,6307,3929,1123,-3258,4710,-2816,-5016,0.317693055,5.05376339,1.605545521,0.02750688
5,5450,143,4630,5540,-5818,2684,-278,-744,-3121,4210,-27,-8839,5653,-6710,6933,1810,-4830,7245,4067,1113,-3200,4898,-2413,-5631,0.317693055,5.05376339,1.605545521,0.027514556
5,5040,-417,4983,5374,-6820,3471,484,-444,-3457,4105,175,-8911,6092,-6101,7260,2542,-3307,8230,3415,1701,-2793,6108,-1767,-6103,0.322580636,5.05376339,1.630246162,0.027522322
5,4670,-639,5168,5196,-6761,4316,767,-128,-3762,4244,561,-9101,6271,-5354,7380,3212,-1767,9005,2422,2098,-2656,5817,-1139,-5308,0.312805474,5.05376339,1.580844879,0.027529852
5,4406,-746,5334,4304,-6784,4830,1097,63,-3986,4251,626,-9264,6240,-4312,7424,4110,-418,9644,2077,1751,-2728,5261,-1011,-2227,0.317693055,5.05376339,1.605545521,0.027537527
5,3932,-1216,5569,3237,-6759,5600,1475,287,-4063,4172,683,-9588,5933,-3374,7371,5067,1184,10398,1104,711,-2462,7199,-1231,-1699,0.312805474,5.05376339,1.580844879,0.027545078
5,3462,-1661,5747,2189,-6318,6415,1822,257,-4168,4244,1189,-9918,5282,-2033,7410,6159,2844,10845,1361,-9,-1659,12010,-1893,-4840,0.317693055,5.043988228,1.60244,0.027552713
5,2752,-2137,5904,994,-6216,7617,2064,540,-4165,4728,1590,-10187,4710,-690,7777,7041,4094,10934,916,1980,-1049,8397,-3914,-5916,0.312805474,5.043988228,1.577787161,0.027560253
5,1683,-2845,6059,-1065,-5955,8930,2284,779,-3704,4670,2593,-9699,4389,578,8415,8343,5103,10844,-1131,2292,435,4251,-7172,-3636,0.312805474,5.043988228,1.577787161,0.027567808
5,679,-3826,6271,-2776,-6128,9195,2079,-149,-3156,4185,2651,-8939,3969,1608,9087,9465,6604,10833,-1066,1760,749,3370,-6059,-698,0.317693055,5.043988228,1.60244,0.027575465
5,-670,-5470,6936,-3720,-5972,8688,1764,-1391,-2738,4007,2280,-8088,3334,3316,9445,10388,7674,10558,556,31,-217,2979,-3116,-1656,0.322580636,5.043988228,1.627092957,0.027583247
5,-1411,-5889,7311,-3968,-5153,7743,1665,-1316,-2464,4208,2350,-7259,4406,5976,9222,11243,8042,8707,1397,-543,-836,5533,-1074,-2901,0.312805474,5.05376339,1.580844879,0.027590796
5,-2362,-4869,6826,-7379,-3567,7249,1813,-80,-2378,4631,2704,-7090,7181,9030,8657,13166,9148,6220,1011,155,-581,7690,940,-3912,0.317693055,5.043988228,1.60244,0.027598444
5,-3285,-4231,6205,-9854,-3355,7428,2051,1872,-2278,5287,3074,-7044,9116,11269,7845,15624,11673,2088,-10,517,-616,8258,1657,-3527,0.327468216,5.043988228,1.651745796,0.027606329
5,-4389,-4073,5627,-10635,-3420,7911,2129,2960,-2246,5259,3058,-6912,10811,13850,6319,16942,14778,-2719,-775,672,-783,9653,1186,-2878,0.307917893,5.043988228,1.553134203,0.027613746
5,-5350,-4164,5328,-9139,-2285,9153,1969,3929,-2144,5032,3204,-6520,10422,14813,2698,16199,17653,-6391,-974,685,-671,8414,-2685,-2480,0.312805474,5.05376339,1.580844879,0.027621306
5,-6720,-3979,4917,-7733,-909,10186,1635,4509,-1872,4974,3260,-6436,7940,13879,-1874,11714,19665,-6951,219,823,-480,6420,-5835,-3683,0.312805474,5.043988228,1.577787161,0.027628846
5,-8569,-3580,3972,-9042,-399,7769,1193,4918,-1177,5561,2970,-6708,5446,12321,-5398,8592,18676,-5062,1212,970,-486,4910,-8274,-3478,0.307917893,5.043988228,1.553134203,0.027636273
5,-9449,-3568,2997,-11134,-1634,4012,951,4744,-709,6593,2493,-7552,2152,11468,-6674,8780,15446,-6597,3193,458,-899,3881,-7190,-1658,0.322580636,5.05376339,1.630246162,0.027644077
5,-9680,-3996,1586,-13745,-3473,-1035,726,4812,-640,7637,1758,-8500,-245,12786,-6909,7870,12858,-9796,5623,-336,-1486,5705,-2185,-923,0.317693055,5.05376339,1.605545521,0.027651742
5,-9300,-4663,630,-14323,-4302,-3376,890,5749,-1153,7318,568,-9438,-2403,14349,-6611,7058,12746,-15111,6134,-631,-2167,7248,1230,-1432,0.317693055,5.05376339,1.605545521,0.027659427
5,-8473,-5769,-701,-13501,-4306,-4135,1423,6684,-1727,5669,-90,-9778,-3874,14873,-7416,4254,14346,-19315,5519,-971,-2161,8067,3712,-3533,0.312805474,5.05376339,1.580844879,0.027666997
5,-8000,-5969,-1816,-12254,-3406,-3879,2095,7550,-2463,2171,-297,-9123,-3826,13592,-8871,1091,12919,-22250,3493,-1224,-1802,7873,3955,-5262,0.322580636,5.05376339,1.630246162,0.027674787
5,-7531,-5217,-3343,-12166,-2237,-3427,2175,7498,-2871,-282,4,-7820,-2511,10030,-10647,-1306,11201,-21585,1719,-593,-1180,7598,3224,-5627,0.317693055,5.05376339,1.605545521,0.027682452
5,-6490,-3262,-5796,-11618,-2612,-4091,1866,6353,-3138,-3071,939,-6093,-2187,5421,-10851,-2232,10119,-18624,903,-125,-498,5940,2037,-4838,0.322580636,5.05376339,1.630246162,0.027690237
5,-5493,-2397,-7350,-10843,-2918,-5003,1878,4559,-2850,-4209,1617,-5346,-2533,1705,-10335,-1744,8423,-16651,637,-216,19,4546,697,-3951,0.312805474,5.05376339,1.580844879,0.027697783
5,-4377,-2192,-8606,-7935,-2416,-5790,1788,691,-1277,-3556,2710,-5029,-3505,-229,-10050,-527,6516,-13869,717,-982,551,3683,-494,-3649,0.312805474,5.05376339,1.580844879,0.027705356
5,-3603,-2184,-9065,-5524,-2399,-6658,1681,-2619,405,-2036,2419,-5674,-4670,-1358,-10214,499,3635,-11752,988,-1700,689,3542,-1972,-3725,0.317693055,5.05376339,1.605545521,0.02771304
5,-2705,-2159,-9173,-3097,-2048,-6989,1702,-5686,1665,-74,2053,-6888,-5225,-1693,-10680,867,500,-10015,1490,-2912,544,3699,-2501,-3890,0.317693055,5.05376339,1.605545521,0.02772071
5,-2152,-1919,-9113,-1407,-2015,-7111,1619,-8979,2052,3762,1755,-8528,-4872,-1660,-11055,591,-1602,-9809,2009,-3731,180,4122,-2679,-3795,0.317693055,5.05376339,1.605545521,0.027728381
5,-1367,-1041,-9109,1281,-2388,-7756,1436,-10111,1226,7235,2206,-8750,-4250,-1764,-11667,-596,-3868,-9264,2591,-4193,-68,5064,-3175,-3921,0.322580636,5.05376339,1.630246162,0.027736181
5,-531,-149,-8945,3687,-2856,-8238,1214,-9393,-460,10296,2896,-7071,-3396,-2145,-12132,-1731,-5949,-9261,3575,-5251,88,6179,-2771,-4980,0.322580636,5.043988228,1.627092957,0.027743978
5,389,875,-8752,5575,-3720,-8073,1006,-7864,-1472,10563,3001,-6210,-3234,-3078,-12257,-2586,-8735,-8788,4300,-5610,354,6790,-2220,-6762,0.317693055,5.05376339,1.605545521,0.027751662
5,1524,1795,-8513,6342,-5112,-7299,620,-3930,-2110,8267,1900,-6484,-3171,-4572,-10673,-4089,-11886,-8305,4588,-5141,454,6844,-2187,-7439,0.322580636,5.05376339,1.630246162,0.027759451
5,2337,1677,-7926,6494,-5593,-6431,458,-1300,-2131,5854,1171,-6751,-2617,-6306,-7320,-5988,-16375,-7648,4500,-5170,509,6577,-2128,-6670,0.312805474,5.05376339,1.580844879,0.027767012
5,3855,1310,-6270,9089,-5828,-6361,67,-1288,-2069,2832,1022,-6805,-938,-8935,-4768,-5941,-18828,-6730,2946,-5913,644,7787,-1743,-5825,0.312805474,5.05376339,1.580844879,0.027774546
5,5122,1679,-4607,11765,-5886,-6642,386,-2124,-2246,3005,1883,-7452,1017,-10688,-2818,-4525,-17751,-5180,1013,-6103,406,10350,-1075,-5376,0.322580636,5.05376339,1.630246162,0.02778233
5,6227,3085,-2402,12716,-5240,-5512,142,-1945,-2634,2010,2204,-7409,2419,-11580,-1858,-2941,-16307,-3380,-1236,-5426,200,11953,-363,-5787,0.327468216,5.043988228,1.651745796,0.027790243
5,6587,4030,-1115,11832,-5040,-3501,-411,-2938,-2919,3357,1856,-7829,3435,-12072,-583,-1765,-14660,-856,-1956,-3677,-480,12539,-1558,-5600,0.317693055,5.043988228,1.60244,0.027797902
5,6711,4361,369,9891,-5210,-514,-799,-2879,-3163,4330,1270,-8315,4517,-12685,632,-892,-12477,1554,-1169,-1642,-1481,11330,-1822,-3410,0.307917893,5.043988228,1.553134203,0.027805321
5,6581,3664,1518,8854,-5402,1210,-894,-2355,-3373,5331,885,-9012,5088,-13370,2356,845,-10775,3532,706,-676,-2105,8933,-3690,-1940,0.307917893,5.05376339,1.556144118,0.02781277
5,6343,2689,2462,8756,-5887,2408,-695,-1349,-3562,5116,862,-9455,5535,-13301,3915,1971,-10032,5546,2268,-97,-2741,6278,-4627,-1406,0.317693055,5.05376339,1.605545521,0.027820447
5,6034,1997,3347,8580,-6733,3536,-431,-305,-3717,4588,1208,-10259,6176,-12785,4997,3505,-8897,6643,3426,-432,-3049,5418,-5132,-1225,0.312805474,5.05376339,1.580844879,0.027828014
5,5798,1773,4001,7809,-7087,4117,-273,393,-3843,3699,1237,-10734,7124,-12003,5525,5256,-7291,8342,4080,-962,-3090,5116,-5977,-942,0.312805474,5.05376339,1.580844879,0.02783558
5,5498,1247,4828,6511,-6844,4886,90,823,-4163,2755,1208,-10998,7801,-10215,6003,7036,-5050,10302,3941,-1132,-2986,6148,-5751,-1605,0.317693055,5.043988228,1.60244,0.027843235
5,5089,552,5396,5641,-6510,5041,375,777,-4452,2360,945,-11009,7803,-7460,6339,8468,-2914,12226,3009,-124,-2882,6687,-5584,-2217,0.307917893,5.05376339,1.556144118,0.027850661
5,4666,-543,5700,5273,-5716,6277,721,382,-4655,2295,688,-10891,7003,-4254,6495,9458,-15,13329,2883,835,-2779,6410,-5250,-2188,0.307917893,5.05376339,1.556144118,0.027858108
5,4043,-980,5783,5019,-5765,7664,1002,664,-4765,2753,-387,-10490,5698,-2166,6386,9407,1110,13308,3579,1206,-2707,4632,-4018,-2707,0.312805474,5.043988228,1.577787161,0.027865656
5,3107,-1167,6056,4747,-5876,9345,1567,612,-4627,2918,-541,-9959,5458,-274,5745,8705,1204,12187,4659,419,-3019,4475,-2838,-3965,0.312805474,5.05376339,1.580844879,0.027873211
5,2323,-827,6327,4110,-5657,10349,2233,654,-4172,3360,-155,-9633,6069,629,4942,8537,1776,11094,4419,532,-3158,6193,-1089,-5892,0.312805474,5.05376339,1.580844879,0.027880749
5,1411,-199,6535,2200,-4962,11077,2598,914,-3719,3538,205,-9303,6938,1188,4645,9272,2958,10288,3357,1368,-2832,7549,-407,-6046,0.322580636,5.05376339,1.630246162,0.027888533
5,98,-13,6618,-2345,-3792,11341,2888,1657,-3191,3927,890,-8760,7466,1954,5072,11122,5255,9338,2613,2170,-2318,8296,261,-4651,0.322580636,5.05376339,1.630246162,0.027896343
5,-1092,-586,6385,-6128,-2942,11548,2989,2221,-2958,4184,1475,-7999,7727,4119,6409,13595,8210,8135,1557,2512,-2027,7787,-609,-3720,0.322580636,5.05376339,1.630246162,0.027904138
5,-2285,-1873,6127,-8568,-2875,10197,2785,2826,-2960,3631,2093,-7031,8340,7444,7102,14416,11295,6186,234,2335,-2085,6922,-1975,-2749,0.317693055,5.05376339,1.605545521,0.027911803
5,-3172,-2246,5567,-9464,-2945,9846,2412,3356,-3119,3201,2369,-7007,9371,10675,6598,15372,13011,3807,-583,1579,-1990,6222,-2879,-3176,0.317693055,5.05376339,1.605545521,0.027919477
5,-4440,-2214,4503,-10091,-3148,9745,2037,4513,-3406,3137,1835,-7393,10424,12350,4614,15723,13911,643,-695,1147,-1278,9814,-6221,-4873,0.312805474,5.05376339,1.580844879,0.027927015
5,-5599,-2186,3754,-10077,-2839,9740,1939,5187,-3370,3684,1859,-7807,11543,13405,2805,15524,14572,-2121,1434,1104,-1150,5856,-3423,-6117,0.317693055,5.05376339,1.605545521,0.027934685
5,-7348,-2866,3292,-8551,-1676,9284,1949,5553,-3060,4504,2045,-7927,10907,13651,-1231,14209,17135,-4554,1110,1390,-407,2568,-7056,-4217,0.322580636,5.05376339,1.630246162,0.027942473
5,-8872,-3118,3042,-7298,-712,7608,1913,4546,-2138,5612,2340,-7073,8256,13360,-6027,10100,17944,-4178,197,759,1095,3180,-8373,-2599,0.322580636,5.05376339,1.630246162,0.027950279
5,-10238,-3128,2510,-7825,-1321,4873,1604,3096,-1325,6532,2239,-6710,5867,12211,-10022,7855,15357,-5105,-605,388,1039,5122,-5373,-700,0.322580636,5.05376339,1.630246162,0.027958073
5,-11607,-3154,1465,-9211,-2506,-16,1244,2130,-689,8206,1128,-7010,3189,11424,-12175,7975,11711,-7393,1631,-866,-428,5679,-863,-2598,0.327468216,5.05376339,1.654946923,0.027965985
5,-11779,-2794,301,-10854,-3006,-2429,1300,2550,-631,9026,235,-7551,627,11779,-12973,9440,8360,-13029,1994,-368,-904,7318,1264,-4331,0.317693055,5.043988228,1.60244,0.027973641
5,-11674,-3345,-873,-11886,-2686,-5022,1902,4430,-745,9038,-622,-8703,-1829,14047,-12910,8636,7249,-17449,1485,457,-820,7734,2123,-4991,0.317693055,5.05376339,1.605545521,0.027981326
5,-11377,-4412,-1619,-10129,-2918,-6304,2670,6421,-925,7952,-565,-9297,-3120,14610,-13856,3905,7311,-19039,520,937,-922,7313,1355,-3900,0.317693055,5.05376339,1.605545521,0.027989028
5,-10595,-4268,-2529,-7875,-2912,-7851,3262,7903,-1139,5208,384,-9264,-4068,12995,-14903,1994,3681,-21647,271,974,-901,8173,-1,-2471,0.317693055,5.043988228,1.60244,0.027996689
5,-9893,-2852,-3780,-8866,-3738,-7605,3125,7674,-1194,3049,1114,-8496,-3462,10679,-14270,-110,1401,-21542,-511,968,-525,8324,-2113,-1195,0.317693055,5.05376339,1.605545521,0.028004365
5,-8928,-1468,-5467,-9931,-4396,-6768,2752,6875,-1154,1288,1358,-7701,-2807,7028,-11333,-2980,-28,-20353,-1353,1026,41,8047,-5960,-1749,0.312805474,5.05376339,1.580844879,0.028011929
5,-7562,-1668,-6175,-7890,-4094,-7165,2353,5246,-943,-617,1483,-6474,-1923,2276,-9202,-6618,-773,-18441,737,1180,-57,5683,-7841,-2484,0.312805474,5.05376339,1.580844879,0.028019482
5,-5889,-1854,-6367,-4839,-4075,-8596,2388,3446,-632,-1402,1410,-5825,-905,-1014,-8564,-6020,-1070,-16705,2690,458,-323,2739,-8556,-2885,0.312805474,5.05376339,1.580844879,0.028027046
5,-3828,-887,-6486,-1869,-3943,-9525,3057,1142,-93,-1085,2155,-5752,-794,-3856,-8401,-4480,-836,-14864,4984,-894,-1403,3379,-6372,-3225,0.312805474,5.043988228,1.577787161,0.028034586
5,-2532,182,-6616,-1534,-3721,-9791,3145,-842,219,229,2984,-5591,-1335,-5368,-8187,-3263,-1497,-13125,6488,-1898,-2666,5412,-2679,-3469,0.317693055,5.043988228,1.60244,0.028042259
5,-1021,973,-6994,-1713,-3755,-9383,2582,-3144,264,2284,3048,-5593,-1804,-5888,-7664,-2624,-2122,-11666,6974,-2448,-2904,6546,1608,-4873,0.307917893,5.05376339,1.556144118,0.028049687
5,-71,814,-7120,-1667,-3596,-8959,2362,-4269,-250,3442,2618,-5546,-2429,-6037,-7060,-2494,-2929,-10061,5761,-2360,-2624,6748,4057,-6234,0.312805474,5.05376339,1.580844879,0.028057242
5,1157,33,-6906,-541,-3450,-8157,2533,-4934,-1192,4811,2484,-5181,-3271,-6195,-6260,-2949,-3782,-9002,3724,-2013,-2069,6707,4761,-6351,0.307917893,5.043988228,1.553134203,0.02806465
5,2042,-552,-6677,625,-3585,-7707,2233,-4926,-1605,5951,2835,-4925,-4100,-6514,-5447,-3102,-4825,-8086,2528,-1881,-1294,5817,3895,-5909,0.307917893,5.05376339,1.556144118,0.028072091
5,3080,-943,-6194,2230,-3470,-7348,1730,-4239,-1792,6760,2511,-5013,-4430,-6799,-4589,-3294,-6661,-7476,1618,-2130,-604,4209,2034,-4997,0.312805474,5.05376339,1.580844879,0.028079633
5,3680,-901,-5734,3199,-3645,-6829,1176,-3154,-1913,6615,1872,-5112,-4220,-7136,-3930,-3700,-8331,-6162,1444,-2753,378,3485,1087,-3957,0.317693055,5.05376339,1.605545521,0.028087322
5,4215,-741,-5222,3842,-3874,-6622,823,-2453,-1967,5969,1344,-5483,-3508,-7604,-2988,-3645,-9602,-5075,1569,-3414,1389,3282,-609,-3843,0.312805474,5.043988228,1.577787161,0.028094862
5,4984,-652,-4264,4929,-4013,-6531,620,-2153,-1999,4835,897,-5795,-2485,-7896,-2255,-3477,-10645,-4292,1751,-4135,2100,5393,-1683,-4807,0.312805474,5.05376339,1.580844879,0.02810242
5,5557,-519,-3384,6193,-4161,-6266,399,-2543,-2087,3726,1217,-6144,-1642,-8331,-1535,-3754,-11113,-3769,1460,-3909,2765,7225,-1930,-6436,0.317693055,5.05376339,1.605545521,0.028110096
5,6152,91,-2331,6958,-4329,-5246,408,-3723,-2208,3407,573,-6384,-798,-8793,-524,-3938,-11686,-2897,942,-3336,2538,7654,-2495,-6710,0.312805474,5.05376339,1.580844879,0.028117631
5,6419,462,-1621,7007,-4718,-4230,349,-3513,-2571,3792,955,-6578,439,-9485,387,-3532,-11114,-1339,774,-3759,1915,7008,-3270,-5551,0.317693055,5.05376339,1.605545521,0.028125321
5,6653,648,-812,6857,-4921,-3166,325,-4276,-2702,4843,1109,-6999,1347,-10016,1566,-2877,-10231,-105,-49,-5476,552,7534,-3848,-4092,0.332355827,5.05376339,1.679647684,0.028133342
5,6782,779,-162,7248,-5192,-2534,125,-4029,-2691,6095,1234,-7613,2168,-10325,2404,-2149,-9807,810,-1036,-6458,-678,9817,-3699,-3558,0.327468216,5.05376339,1.654946923,0.028141238
5,6894,1089,540,7716,-5417,-1898,-69,-3373,-2704,6698,934,-7980,2742,-10301,3036,-1422,-9213,2122,-1826,-5817,-1339,11727,-3524,-4046,0.312805474,5.05376339,1.580844879,0.02814878
5,6863,1516,1437,7656,-6018,-666,-245,-2315,-2763,6628,456,-8343,3439,-10283,3434,-1002,-8493,3695,-1002,-3198,-1893,11675,-3866,-3584,0.317693055,5.05376339,1.605545521,0.028156441
5,6732,1642,2087,7239,-6442,429,-345,-1799,-2813,6327,128,-8708,4184,-10225,4098,-271,-7779,5155,158,-803,-2077,9420,-4615,-2519,0.317693055,5.05376339,1.605545521,0.028164135
5,6320,1451,2937,6793,-6855,1857,-338,-1264,-2897,5630,65,-9215,5137,-9816,4857,818,-7029,6416,1948,-132,-2093,7050,-5514,-1849,0.327468216,5.05376339,1.654946923,0.028172065
5,5841,1335,3425,6316,-7204,2726,-268,-1179,-2934,5229,196,-9564,5822,-9505,5577,1790,-5731,8024,3584,-175,-2096,5403,-5928,-1781,0.317693055,5.05376339,1.605545521,0.028179757
5,5247,1058,4059,5234,-7752,3555,-112,-1141,-3009,4991,299,-9864,6456,-8582,5964,3357,-4072,9620,4302,-947,-2351,4782,-6017,-2060,0.322580636,5.05376339,1.630246162,0.028187562
5,4914,576,4537,5044,-7985,4181,44,-864,-3046,4855,445,-9970,6756,-6991,6179,4686,-2153,11007,4895,-1364,-2692,5548,-5549,-2754,0.317693055,5.05376339,1.605545521,0.028195223
5,4492,195,5064,4647,-7233,5094,277,-571,-3123,4606,341,-9986,6934,-4952,6054,5535,-772,11961,4660,-1117,-3070,6221,-4463,-3239,0.317693055,5.05376339,1.605545521,0.028202895
5,4020,-84,5407,3700,-6820,6137,580,-314,-3235,4736,-69,-10118,6789,-2975,5817,6619,1506,12300,4131,-390,-3331,6604,-3518,-3682,0.312805474,5.05376339,1.580844879,0.028210435
5,3322,-242,5451,2629,-6472,7323,1016,-64,-3240,5255,-439,-9879,6587,-1469,5710,7500,3573,12100,3404,163,-3347,6510,-2413,-3479,0.307917893,5.05376339,1.556144118,0.028217884
5,2178,-459,5350,731,-6489,8588,1371,297,-3050,5431,-519,-9150,6408,353,5653,8019,5249,11681,3667,802,-3284,6752,-1692,-3052,0.312805474,5.05376339,1.580844879,0.028225444
5,1299,-724,5345,-88,-6375,8923,1547,84,-2746,5247,-418,-8348,6241,2120,5406,8021,6182,10949,3379,783,-3093,6726,-932,-3636,0.317693055,5.043988228,1.60244,0.028233089
5,157,-972,5503,-1159,-5734,8842,1540,-88,-2413,4824,-424,-8093,6153,3731,4770,8237,7048,10114,2987,1179,-3002,7219,-328,-5441,0.312805474,5.05376339,1.580844879,0.028240651
5,-777,-929,5373,-3102,-4807,8733,1541,582,-2233,4939,-455,-7951,6548,5198,4477,9110,8214,8258,2096,2049,-2882,6853,-696,-6008,0.303030312,5.043988228,1.528481364,0.028247967
5,-2056,-1069,4872,-5451,-4433,8312,1763,2226,-2051,4373,56,-7361,7089,7344,4128,9344,9864,6195,1490,2541,-2527,6306,-1319,-5131,0.312805474,5.05376339,1.580844879,0.02825552
5,-2673,-1561,4515,-5549,-4535,7612,1917,2646,-1969,3629,308,-7092,7263,9357,3259,8602,10566,4262,681,2637,-2152,6065,-2255,-3053,0.317693055,5.043988228,1.60244,0.028263181
5,-3405,-1995,4127,-5110,-4637,6991,2109,2442,-2055,2945,494,-7214,7080,10533,1902,7541,11312,3060,734,2297,-1869,5937,-2973,-2233,0.322580636,5.043988228,1.627092957,0.028270978
5,-4032,-2057,3695,-5280,-4507,6840,2110,2623,-2290,2934,638,-7444,6387,11140,714,6821,11916,1218,-214,1669,-1436,7348,-3991,-3650,0.317693055,5.043988228,1.60244,0.028278623
5,-4708,-2436,3335,-5325,-4279,6993,1998,2998,-2534,2917,826,-8020,4635,11095,-401,5137,13361,42,737,715,-1043,8319,-3928,-6361,0.312805474,5.05376339,1.580844879,0.02828617
5,-5701,-3095,3199,-5285,-3490,6797,2018,3122,-2567,3493,1236,-8363,2094,10038,-1660,4055,13331,-680,421,1470,-605,5213,-6360,-4474,0.317693055,5.05376339,1.605545521,0.028293831
5,-6335,-3276,2889,-5852,-3581,6112,2051,3122,-2484,4088,1814,-8225,434,9145,-2377,3690,12608,-1497,-1062,1434,711,4082,-7605,-1530,0.307917893,5.043988228,1.553134203,0.028301256
5,-7055,-3080,2187,-8022,-4072,4398,1841,2572,-2311,4681,2197,-7625,-21,8854,-2626,3455,11522,-2402,-129,617,521,4175,-5996,-348,0.317693055,5.05376339,1.605545521,0.028308932
5,-7440,-2964,1670,-9467,-4294,2881,1476,2338,-2197,5066,1866,-7256,310,9084,-2807,4115,11084,-3762,2808,-530,-554,3645,-1738,-2345,0.312805474,5.05376339,1.580844879,0.028316496
5,-7704,-3035,1045,-10634,-4129,901,1441,2547,-2083,5533,1007,-7109,645,10028,-3346,4097,11809,-5108,2917,-321,-1109,6210,-132,-4424,0.317693055,5.043988228,1.60244,0.028324157
5,-7831,-3433,571,-10856,-3704,-253,1844,3042,-1961,5808,944,-7018,65,10765,-4350,3747,12629,-6395,1814,401,-1003,7536,1455,-4941,0.322580636,5.043988228,1.627092957,0.028331947
5,-8011,-4168,-175,-10898,-3566,-1668,2363,3759,-1650,5580,1586,-6771,-808,11009,-5348,3398,12452,-8184,88,630,-910,8362,1945,-4291,0.317693055,5.05376339,1.605545521,0.028339643
5,-8050,-4475,-766,-11170,-3153,-2748,2602,3853,-1246,5358,2306,-6626,-1777,11138,-6009,3894,10841,-10915,-359,496,-803,8388,1189,-2955,0.317693055,5.05376339,1.605545521,0.028347306
5,-7889,-4513,-1346,-10717,-3096,-4107,2637,3683,-731,5507,3069,-6472,-1350,11534,-7085,3643,8879,-13707,-175,201,-447,6761,-2118,-3006,0.317693055,5.05376339,1.605545521,0.028354971
5,-7714,-4103,-2144,-9703,-3008,-5252,2440,3318,-518,5642,3236,-6256,434,11588,-8849,2077,7584,-15161,992,-231,-391,5089,-5896,-5684,0.322580636,5.05376339,1.630246162,0.028362766
5,-7616,-3164,-2693,-8513,-3087,-5444,2032,2567,-392,5902,3110,-6147,1752,10441,-10689,-135,5931,-15548,2344,-401,-636,4255,-6005,-4954,0.307917893,5.05376339,1.556144118,0.028370218
5,-7792,-1203,-3580,-7947,-3395,-5669,1335,1304,-231,6686,2018,-6069,1486,8732,-11115,-1737,5929,-15030,3569,-951,-1413,3197,-4059,-3544,0.312805474,5.05376339,1.580844879,0.028377764
5,-7695,-400,-4432,-8075,-3851,-7088,1003,592,-97,7270,1025,-5823,237,6255,-10537,-1556,4242,-15482,5255,-1741,-1656,4411,-1443,-3279,0.312805474,5.05376339,1.580844879,0.028385321
5,-6856,-147,-5449,-7542,-3849,-8684,926,296,185,7416,10,-5558,-157,4804,-9743,-1133,2319,-16302,5744,-2607,-2033,5797,748,-3465,0.312805474,5.05376339,1.580844879,0.028392857
5,-6014,-111,-6068,-6493,-3907,-9493,1090,690,367,7055,-137,-5545,-387,3348,-9279,-1821,1434,-16201,5098,-3005,-2235,6153,1042,-4172,0.317693055,5.05376339,1.605545521,0.028400552
5,-4696,-144,-6743,-4691,-3752,-9826,1304,1778,330,5875,-42,-5859,-539,1987,-9307,-2543,370,-15690,4805,-3275,-1974,6030,906,-4888,0.317693055,5.05376339,1.605545521,0.028408229
5,-3790,-103,-7120,-3284,-3458,-9609,1375,2305,235,4801,444,-5882,-874,-210,-9371,-2865,-593,-14869,4689,-3542,-1110,6525,834,-5075,0.317693055,5.05376339,1.605545521,0.028415907
5,-2874,-32,-7401,-2011,-3421,-9544,994,2068,193,3466,753,-5640,-1244,-2427,-9304,-2695,-1883,-14323,4018,-3584,-31,6831,949,-4950,0.317693055,5.05376339,1.605545521,0.028423585
5,-1469,255,-7445,70,-3473,-9437,755,1274,292,2589,621,-5438,-1278,-4358,-9224,-2781,-3668,-13732,3177,-3624,567,5899,1208,-4527,0.317693055,5.05376339,1.605545521,0.028431263
5,-442,706,-7341,1422,-3593,-9291,716,-208,405,2069,666,-5043,-1328,-5836,-8860,-3036,-5459,-12337,1921,-3453,976,5263,-33,-4429,0.317693055,5.05376339,1.605545521,0.028438931
5,888,1372,-6992,3156,-3939,-9223,668,-2302,469,2107,579,-5368,-1105,-7467,-8065,-2930,-7872,-11419,1283,-4555,979,4908,-1297,-4688,0.317693055,5.05376339,1.605545521,0.028446622
5,1906,2033,-6613,4772,-3996,-9369,640,-3507,590,2801,570,-5826,-292,-8881,-7153,-3057,-10189,-10489,461,-5632,765,6300,-1959,-5229,0.307917893,5.05376339,1.556144118,0.028454067
5,3239,3433,-5863,7489,-3999,-9226,333,-4786,615,4249,132,-5385,880,-10278,-6380,-3118,-11732,-9587,-736,-5942,573,8586,-2846,-6250,0.317693055,5.05376339,1.605545521,0.028461738
5,4095,4775,-5218,8777,-4179,-8834,273,-5272,419,5224,-284,-5923,2076,-11159,-5468,-2521,-12758,-7940,-1594,-4963,177,9767,-3029,-6212,0.317693055,5.05376339,1.605545521,0.028469423
5,5166,6216,-4109,9108,-4153,-7640,114,-5045,-53,5997,-592,-6105,3347,-12018,-4601,-1722,-13082,-5575,-1637,-3809,-224,10033,-3492,-4938,0.312805474,5.043988228,1.577787161,0.028476974
5,5784,6701,-2968,8844,-4045,-6415,-21,-4653,-514,6530,-982,-6222,4385,-12500,-3198,-822,-12900,-3297,-918,-3010,-839,8672,-4379,-2792,0.317693055,5.05376339,1.605545521,0.028484629
5,6274,6667,-1690,8816,-3758,-5086,-95,-3741,-967,6465,-1075,-6645,5135,-12452,-1705,494,-12293,-1780,405,-2756,-1510,8124,-5042,-2049,0.327468216,5.05376339,1.654946923,0.02849254
5,6652,5911,58,8719,-3627,-3151,-164,-3121,-1228,5773,-1027,-6864,5368,-12345,-140,1189,-11316,219,1647,-2721,-2187,7539,-6168,-2132,0.317693055,5.05376339,1.605545521,0.028500224
5,6781,4954,1145,8221,-3658,-1835,-28,-2492,-1614,4333,-882,-7488,5573,-11952,1054,2034,-10590,2035,3039,-2409,-2706,7642,-5775,-2810,0.317693055,5.043988228,1.60244,0.028507881
5,6795,3447,2386,7778,-3888,-344,51,-2297,-1969,3506,-686,-8100,5849,-11277,2559,2669,-9696,3549,3662,-1610,-3104,7556,-4964,-3280,0.312805474,5.05376339,1.580844879,0.028515436
5,6785,2505,3145,7469,-4233,752,86,-2024,-2379,2945,-664,-8368,5961,-10256,3999,2986,-8421,4958,3576,-874,-2918,7388,-3695,-3222,0.312805474,5.05376339,1.580844879,0.028523002
5,6576,1482,3672,6217,-4832,2635,299,-2145,-2699,2539,-899,-8880,5965,-9499,5485,3989,-6640,6429,3277,-282,-2577,6478,-2578,-2388,0.312805474,5.043988228,1.577787161,0.028530542
5,6295,436,4217,4887,-4922,3769,388,-2356,-2893,2856,-1255,-9381,5506,-8525,6502,4858,-5090,7309,2848,337,-2240,6744,-1961,-1787,0.312805474,5.05376339,1.580844879,0.028538104
5,6218,-854,4301,5609,-5120,4620,561,-2278,-3100,3439,-1471,-9467,5238,-7517,7391,5603,-3862,8004,2449,1621,-1952,7818,-1787,-1869,0.312805474,5.043988228,1.577787161,0.02854564
5,5932,-1354,4573,5397,-4789,5792,865,-2037,-3462,3247,-1395,-9762,5363,-6647,7624,6324,-2995,8476,1780,2472,-1664,8177,-1474,-2916,0.312805474,5.043988228,1.577787161,0.028553164
5,5744,-1548,4730,5180,-4971,7105,1353,-1807,-4034,3129,-857,-9311,5619,-5667,7665,7220,-1297,8928,1890,2525,-1310,6263,-659,-5467,0.307917893,5.05376339,1.556144118,0.028560584
5,5339,-1551,4936,4522,-4993,8717,1520,-1307,-4581,3227,-893,-9442,6015,-5125,7574,8326,145,9441,931,2610,-1306,6248,603,-6565,0.312805474,5.05376339,1.580844879,0.028568139
5,4823,-1605,5157,4195,-4616,9441,1918,-876,-4901,3037,-755,-9180,6257,-4325,7160,9957,1613,9915,328,3108,-1447,6091,-1348,-4935,0.312805474,5.05376339,1.580844879,0.028575713
5,3873,-1256,5346,3290,-3542,10426,2156,-1138,-4938,2876,-339,-9012,6312,-3007,6746,11089,2709,10367,415,3472,-1031,6379,-3198,-3152,0.317693055,5.05376339,1.605545521,0.028583379
5,3040,-714,5261,545,-2773,11312,2234,-1115,-5043,3114,-30,-9078,6544,-1004,7076,12978,4208,10493,-594,3100,-623,5672,-4416,-3684,0.312805474,5.05376339,1.580844879,0.028590927
5,1509,-996,5210,-4074,-3317,12437,2413,-68,-5004,3071,1041,-8350,7031,798,7827,14445,6798,10733,-10,2376,-791,5509,-4762,-4082,0.317693055,5.05376339,1.605545521,0.028598586
5,386,-2395,5444,-5256,-4440,12368,2301,310,-4787,2897,1428,-7673,6878,3446,8061,14981,10840,10702,674,1658,-1028,8265,-4845,-5892,0.312805474,5.05376339,1.580844879,0.02860613
5,-708,-3743,5691,-4631,-4604,11529,1844,153,-4486,3417,1575,-7580,5719,6701,7075,15313,13156,9987,1532,2480,-1461,10259,-4212,-4024,0.327468216,5.05376339,1.654946923,0.028614029
5,-2378,-4192,5366,-4818,-3902,10576,1535,822,-4285,4492,1617,-8346,5248,9992,5342,14768,13640,8137,1505,2803,-1349,5333,-3703,-5131,0.317693055,5.05376339,1.605545521,0.028621718
5,-3686,-3782,4808,-6446,-4264,9696,1378,2019,-3911,5498,2062,-8899,5781,11937,3876,13014,14180,5621,-259,1140,-374,1092,-5160,-7915,0.317693055,5.05376339,1.605545521,0.028629394
5,-5259,-3145,3786,-9759,-5248,8151,1470,2388,-3592,5618,2387,-8624,6809,14061,2222,12095,14626,2228,934,-361,-323,929,-4560,-4767,0.322580636,5.05376339,1.630246162,0.028637188
5,-6185,-3404,3232,-10903,-5384,6745,1529,1853,-3254,6079,2538,-7594,7068,16071,333,11784,16208,-1763,1288,-297,-85,3188,-5315,-3653,0.312805474,5.05376339,1.580844879,0.028644742
5,-7564,-4349,2933,-10320,-4950,6546,1456,1761,-3116,6727,2238,-7195,4639,16607,-1892,9473,18257,-3661,1849,-243,-99,4806,-4142,-3668,0.307917893,5.05376339,1.556144118,0.028652191
5,-8704,-4693,2526,-10044,-4254,5987,1552,2055,-2930,7562,1815,-7123,2840,15688,-3817,7392,17973,-5453,2501,-360,-667,6811,-851,-4934,0.332355827,5.05376339,1.679647684,0.028660215
5,-10015,-5411,1753,-10450,-3284,3545,1750,2646,-2524,8773,1363,-7266,371,14092,-5048,6770,15777,-7170,2246,-274,-947,7567,1523,-4451,0.322580636,5.05376339,1.630246162,0.028667998
5,-10587,-5671,1073,-10996,-3395,-178,1774,3108,-2183,9325,823,-7204,-786,13403,-6468,6228,12659,-9205,1392,7,-1101,7259,1558,-3119,0.322580636,5.05376339,1.630246162,0.02867578
5,-10580,-5821,316,-11067,-3794,-3602,1851,4241,-2024,9324,-176,-7809,-612,14094,-8214,5841,11069,-11278,331,-235,-983,7046,734,-3001,0.317693055,5.05376339,1.605545521,0.028683458
5,-9962,-5887,-729,-9502,-4812,-7309,2028,5825,-2123,8422,-1034,-9064,-612,14639,-10288,5319,8885,-14082,215,-291,-658,7296,-2210,-4535,0.312805474,5.05376339,1.580844879,0.028691038
5,-9493,-5156,-1375,-8333,-4746,-7101,2612,8123,-2369,5665,-1636,-10514,-53,15192,-12025,3771,6213,-17219,1135,-162,-335,6088,-4132,-4606,0.317693055,5.05376339,1.605545521,0.028698696
5,-8526,-3568,-2306,-7181,-4016,-7766,3163,8861,-2538,3085,-1356,-10435,757,13961,-14067,2033,4865,-19663,2611,-762,-368,5125,-5243,-4033,0.322580636,5.05376339,1.630246162,0.028706474
5,-8185,-1942,-3634,-7471,-3992,-7552,3571,7855,-2491,187,15,-8994,-1838,11466,-14131,662,6463,-20525,4120,-1292,-984,4949,-5047,-3383,0.312805474,5.05376339,1.580844879,0.028714074
5,-7175,-1736,-5374,-8764,-5555,-8253,3296,5889,-2100,-1407,966,-7465,-3744,9106,-12468,-519,4391,-20854,5553,-2200,-1748,5040,-2534,-3960,0.312805474,5.05376339,1.580844879,0.028721642
5,-6308,-2559,-6308,-9341,-4893,-8569,2832,3229,-1402,-2025,1472,-5964,-5061,5839,-10433,-2479,1254,-21006,5874,-3024,-2398,5475,149,-4937,0.312805474,5.043988228,1.577787161,0.028729189
5,-4563,-3535,-7355,-8166,-4309,-9148,2311,-560,-430,-1129,1196,-4924,-3371,1991,-8133,-4001,-396,-19667,5477,-3139,-2454,6001,1957,-5375,0.312805474,5.05376339,1.580844879,0.02873674
5,-2994,-3641,-7666,-4573,-4212,-9873,2113,-2586,-99,-59,467,-4983,-1203,-1818,-7801,-3612,-630,-18132,4592,-3127,-1993,5585,2182,-5118,0.317693055,5.043988228,1.60244,0.028744385
5,-1447,-2607,-7921,-1458,-3707,-10248,2286,-3602,-114,2025,-404,-6053,-582,-4855,-8392,-2767,-108,-16680,3510,-3368,-925,5482,1222,-4614,0.317693055,5.05376339,1.605545521,0.028752053
5,105,-1185,-8235,-573,-3029,-9156,2752,-3883,-355,3753,-292,-6367,-1096,-6891,-8357,-2091,-1330,-14538,3195,-3957,124,4933,-281,-4083,0.312805474,5.043988228,1.577787161,0.028759591
5,1095,-1066,-8286,137,-2979,-8016,3032,-4451,-937,5777,437,-6275,-2348,-9030,-8023,-1484,-2204,-12499,3149,-4279,579,5393,-1477,-4361,0.327468216,5.05376339,1.654946923,0.028767519
5,2451,-1564,-8033,1229,-3154,-7628,2898,-4805,-1483,6700,1259,-5892,-3748,-10570,-7303,-753,-3911,-11143,3177,-4496,564,5252,-2391,-5545,0.317693055,5.043988228,1.60244,0.02877518
5,3309,-2133,-7623,2261,-2683,-7177,2560,-4456,-2194,6496,1775,-5409,-4281,-11179,-6569,-259,-6042,-9576,3100,-4732,254,6311,-2776,-6666,0.312805474,5.05376339,1.580844879,0.028782716
5,3948,-2493,-7137,4537,-2600,-6607,2307,-3626,-2710,5796,1806,-5683,-4371,-11588,-6046,-542,-7804,-8182,2598,-4790,-74,6717,-2108,-6910,0.317693055,5.043988228,1.60244,0.02879037
5,4283,-1937,-6842,5952,-2790,-6439,1951,-2609,-3084,5140,1613,-6156,-3541,-11853,-5407,-263,-9486,-7011,1149,-5213,-212,7830,-1241,-6850,0.322580636,5.05376339,1.630246162,0.028798167
5,4663,-700,-6559,7375,-3098,-6021,1240,-2311,-3426,4187,1174,-6378,-1863,-11835,-4947,-546,-10745,-5423,192,-4568,-421,10744,-1196,-5771,0.317693055,5.05376339,1.605545521,0.028805824
5,5261,1385,-5576,9045,-3729,-5483,900,-3276,-3512,3444,-427,-6341,-518,-12081,-4793,-492,-11689,-4198,-525,-3186,-702,11389,-2215,-3686,0.322580636,5.05376339,1.630246162,0.028813612
5,5711,2771,-4459,9904,-3879,-5001,1039,-3447,-3842,4031,-85,-6926,955,-12263,-4648,-8,-12444,-2546,-418,-1971,-1080,10045,-3879,-1882,0.312805474,5.05376339,1.580844879,0.028821163
5,6079,3824,-2881,10217,-4268,-3926,1118,-3678,-4009,3550,1117,-6855,2472,-12563,-4047,71,-13273,-840,-165,-1214,-1468,8422,-4968,-1311,0.317693055,5.05376339,1.605545521,0.028828843
5,6198,4056,-1752,9924,-4649,-2815,404,-4003,-3945,4292,2232,-7380,4267,-12907,-2821,426,-13451,1210,754,-739,-1828,7381,-6103,-892,0.327468216,5.05376339,1.654946923,0.028836736
5,6251,3733,-122,9413,-5016,-1668,-162,-3934,-3853,4847,1882,-7732,5409,-12903,-1107,2084,-13065,2612,2401,-255,-2203,6861,-6354,-1165,0.332355827,5.043988228,1.676398873,0.028844738
5,6266,3445,1072,8776,-4781,-913,-669,-3299,-3925,5234,1462,-7958,6403,-12173,1265,3822,-12127,4653,3363,-172,-2586,5862,-5977,-1605,0.332355827,5.05376339,1.679647684,0.028852772
5,6055,2505,2522,6990,-4789,820,-803,-2955,-4097,5230,1409,-8039,6875,-10540,2935,5118,-10658,7243,3813,-329,-2888,5265,-5062,-2168,0.317693055,5.05376339,1.605545521,0.028860424
5,5823,1150,3410,5586,-5121,2266,-853,-2562,-4228,5320,1295,-8461,6902,-8197,5542,6336,-8529,9368,3482,-297,-3099,5492,-4523,-2742,0.317693055,5.05376339,1.605545521,0.028868096
5,5508,-502,4150,4809,-5489,3490,-955,-1870,-4198,5473,729,-8811,6691,-6008,7869,6737,-7229,10072,3337,-248,-3241,5693,-3706,-2960,0.327468216,5.05376339,1.654946923,0.028876014
5,4901,-2611,4986,4738,-6543,4768,-930,-1251,-4097,5468,85,-9146,6523,-4771,9627,7205,-4703,10672,3119,-31,-3251,6047,-2662,-3095,0.322580636,5.05376339,1.630246162,0.028883809
5,4465,-3890,5204,4975,-7013,5665,-681,-237,-3897,5371,-644,-9440,5949,-3505,10428,7809,-2347,11279,2590,168,-3165,6236,-1359,-3619,0.317693055,5.05376339,1.605545521,0.028891485
5,3755,-4906,5334,5146,-7440,6461,-302,487,-3908,5005,-847,-9538,5101,-2234,10603,8286,-82,11662,2100,569,-3030,6843,-87,-4570,0.317693055,5.05376339,1.605545521,0.028899152
5,3437,-5707,5515,5946,-7552,6667,490,993,-4154,4489,-383,-9716,4346,-702,9843,8586,1086,12078,1550,1912,-2722,8392,915,-6139,0.322580636,5.05376339,1.630246162,0.028906934
5,2877,-5679,5701,6214,-6928,7380,970,872,-4371,4002,388,-9615,4012,232,8607,8352,1993,11955,810,3470,-2126,7477,720,-5163,0.312805474,5.05376339,1.580844879,0.028914476
5,2238,-5301,5803,5304,-7030,8165,1225,560,-4628,4565,1321,-9322,3810,1186,7848,8159,2641,12001,-296,3782,-1696,6527,-7,-3762,0.312805474,5.043988228,1.577787161,0.028922008
5,1283,-4728,5859,2675,-6838,8840,1418,932,-4764,5203,1613,-9159,3801,2144,7557,8395,3649,11529,-1329,3070,-1010,6355,-1708,-1349,0.317693055,5.043988228,1.60244,0.028929681
5,398,-4862,5845,-15,-6906,9265,1567,1664,-4715,5921,1626,-9031,3776,3325,8232,8868,4515,11203,-2469,1692,-561,10409,-5033,-4632,0.317693055,5.043988228,1.60244,0.028937342
5,-467,-5361,5997,-1513,-7028,9014,1779,2538,-4353,5970,1499,-8806,4106,4436,8789,9430,5667,10234,136,1756,-246,9355,-4010,-9252,0.317693055,5.05376339,1.605545521,0.028945031
5,-1501,-5837,6338,-2118,-6222,8409,1914,2633,-4114,6070,1949,-8889,4975,6011,8616,10283,6793,8747,-1003,2506,96,329,-9732,-5456,0.312805474,5.05376339,1.580844879,0.028952595
5,-2230,-5600,6566,-3205,-5961,7929,1921,3090,-3860,5409,2738,-8603,6309,8121,7773,10943,9012,7295,-1178,119,1054,486,-10079,-14,0.322580636,5.043988228,1.627092957,0.028960396
5,-3277,-4889,6316,-6412,-5446,7341,1692,3364,-3494,4661,2822,-7984,7527,10548,6912,11770,10966,4765,416,-670,290,3646,-5109,-1238,0.317693055,5.05376339,1.605545521,0.028968066
5,-4106,-4788,5957,-8487,-5181,6825,1431,3446,-2905,3971,2256,-7207,8168,13084,5744,12963,13309,2287,1333,-473,-674,7119,751,-4224,0.317693055,5.043988228,1.60244,0.028975729
5,-5184,-5014,5336,-9165,-4448,6014,1469,3641,-2561,3671,1823,-6833,8385,14788,4307,12880,14362,-756,670,191,-111,10116,3543,-5520,0.312805474,5.05376339,1.580844879,0.028983288
5,-5951,-5327,4910,-8719,-4245,5332,1841,4046,-2248,4017,1604,-7015,7750,16194,1909,12352,15567,-4127,-772,1104,278,10460,3205,-3409,0.317693055,5.05376339,1.605545521,0.028990978
5,-7328,-5570,4399,-7226,-3482,6178,2063,4245,-1961,4438,1764,-6883,5957,16331,-1009,9876,15796,-6940,-1275,1043,-298,8351,427,-1987,0.312805474,5.043988228,1.577787161,0.028998535
5,-8482,-5717,4039,-7606,-2933,5670,2181,3708,-1294,5541,1885,-6905,4367,14770,-3541,6491,15629,-6197,-344,709,-750,6924,-3478,-3103,0.317693055,5.043988228,1.60244,0.029006198
5,-9487,-5743,3681,-8196,-2881,4053,2141,3115,-686,6713,1549,-7362,2030,13356,-4659,5780,13562,-6864,822,637,-789,5837,-6900,-4303,0.312805474,5.05376339,1.580844879,0.029013747
5,-10338,-5252,2849,-9815,-3328,1482,2058,3092,-139,7820,933,-7948,405,12374,-4828,5946,10456,-9097,1742,497,-555,4020,-8434,-3616,0.327468216,5.043988228,1.651745796,0.029021649
5,-10642,-5290,2234,-11397,-3765,-932,2006,3709,264,8286,232,-8487,-118,12318,-4538,5376,9386,-10809,3796,74,-615,3877,-6619,-1866,0.327468216,5.05376339,1.654946923,0.029029548
5,-10586,-5804,1545,-11674,-3786,-3388,2076,4208,315,8213,-222,-8976,-460,12730,-4569,4403,9602,-12565,5054,-691,-1329,5665,-2880,-2546,0.312805474,5.05376339,1.580844879,0.029037103
5,-10420,-5934,1079,-10928,-3516,-4711,2482,5174,215,7363,-343,-9294,-648,12639,-5245,2982,10066,-14681,5694,-1062,-2019,7556,-111,-3843,0.312805474,5.05376339,1.580844879,0.029044669
5,-10044,-5089,121,-10391,-2844,-5410,2816,5890,246,5917,84,-8933,-818,11725,-6121,1597,10004,-17375,5099,-1089,-2305,7660,2597,-4762,0.312805474,5.05376339,1.580844879,0.029052224
5,-9784,-3958,-814,-9835,-2420,-5375,2993,6378,443,3489,1304,-7928,-384,9936,-7952,-110,9329,-19403,3821,-893,-2050,7795,3737,-4628,0.317693055,5.043988228,1.60244,0.029059874
5,-9091,-1897,-2484,-9158,-2529,-6024,2906,6203,543,1630,2300,-7197,625,7073,-9973,-2151,8219,-19051,2446,-170,-1261,8038,3516,-4376,0.317693055,5.05376339,1.605545521,0.029067533
5,-8367,-19,-3980,-9091,-2895,-6645,2637,5072,589,-529,3183,-6038,1247,4623,-10924,-2950,6742,-18671,1621,62,-606,6946,2392,-3983,0.322580636,5.05376339,1.630246162,0.029075311
5,-7322,1510,-5425,-8375,-3278,-7705,2427,3462,531,-1609,3187,-5554,1131,2073,-11283,-3348,5500,-17559,1055,-157,-8,5614,515,-3689,0.312805474,5.05376339,1.580844879,0.029082872
5,-5344,2438,-6874,-6261,-3130,-8727,2361,1357,300,-1981,2605,-5293,533,-302,-11858,-3939,4225,-15812,803,-630,120,5275,-794,-3202,0.317693055,5.05376339,1.605545521,0.02909052
5,-3816,2759,-7690,-4394,-3040,-8939,2417,-2010,-123,-752,1767,-5389,-949,-2490,-11917,-3087,2809,-14948,854,-1153,-68,5140,-1531,-2547,0.317693055,5.05376339,1.605545521,0.0290982
5,-1957,3336,-8549,-2150,-3114,-8970,2521,-4099,-355,896,1258,-5742,-1644,-3600,-11569,-2794,-128,-13925,1715,-1871,-387,5674,-2945,-3559,0.312805474,5.05376339,1.580844879,0.029105738
5,-565,3528,-8875,-766,-3153,-8845,2457,-5789,-838,3137,797,-5858,-2239,-5343,-11232,-2839,-2898,-12709,2666,-2288,-640,5856,-2506,-3346,0.317693055,5.05376339,1.605545521,0.029113423
5,1359,3581,-8813,1518,-3197,-8785,2558,-6184,-1264,4624,747,-6016,-2433,-7082,-10786,-2655,-5596,-11495,3321,-2615,-736,5867,-2437,-3545,0.317693055,5.05376339,1.605545521,0.029121086
5,2617,3720,-8589,2762,-3390,-8676,2652,-6257,-1797,5512,1460,-5729,-2268,-8681,-9969,-2355,-7233,-10404,4375,-3341,-757,4739,-1958,-3999,0.312805474,5.05376339,1.580844879,0.029128641
5,3747,3846,-8179,3952,-3393,-8495,2545,-5733,-2202,5638,1996,-5939,-1824,-9443,-8811,-1844,-9236,-8936,5158,-4691,-986,3958,-2259,-4668,0.317693055,5.05376339,1.605545521,0.029136308
5,4941,4293,-7388,5216,-3515,-7761,2174,-4957,-2727,5656,2494,-5893,-893,-10298,-7661,-1678,-10795,-7168,5666,-5287,-1254,4051,-3258,-5932,0.312805474,5.05376339,1.580844879,0.029143883
5,5710,4765,-6588,5600,-3669,-6831,1772,-4668,-3056,5800,2272,-6076,790,-11175,-5932,-1711,-11846,-5808,5790,-5547,-1508,4351,-3602,-6222,0.317693055,5.05376339,1.605545521,0.029151572
5,6742,5371,-5144,6319,-3600,-5539,1493,-4391,-3353,5476,2326,-6239,2918,-12106,-4276,-1634,-11853,-4529,5171,-5741,-1298,5342,-3071,-5976,0.312805474,5.05376339,1.580844879,0.029159151
5,7387,5782,-3819,6619,-3796,-4675,1085,-4548,-3666,5054,1750,-6675,4188,-13144,-2798,-1058,-10608,-3338,4128,-5877,-578,7403,-124,-5594,0.317693055,5.043988228,1.60244,0.029166805
5,7835,5643,-2210,5947,-3963,-3345,796,-3849,-4061,5573,1828,-7113,5320,-13526,-1603,243,-9077,-1454,2011,-5261,0,9908,1424,-6435,0.317693055,5.05376339,1.605545521,0.029174482
5,7932,4769,-1122,5346,-4320,-2148,654,-3279,-4394,6012,1605,-7751,5396,-13499,228,1571,-7639,1088,24,-3966,180,11184,1863,-6303,0.312805474,5.05376339,1.580844879,0.02918205
5,7797,2886,270,5146,-4771,-666,351,-2872,-4471,6543,1669,-8320,4586,-12973,2184,2371,-6978,3344,-689,-2998,-367,11621,827,-4629,0.317693055,5.05376339,1.605545521,0.029189726
5,7508,1507,1038,5406,-5146,274,131,-2311,-4611,6388,1402,-8645,3824,-12113,3992,2753,-6572,4861,-357,-2350,-1093,10491,-1734,-2651,0.322580636,5.05376339,1.630246162,0.02919751
5,7047,294,1632,5333,-5970,1318,10,-1932,-4720,6350,1311,-8913,3194,-11449,5221,2890,-6201,7087,651,-1891,-1914,9591,-2846,-1614,0.322580636,5.043988228,1.627092957,0.029205296
5,6369,-1073,2220,4753,-6849,2196,-214,-1562,-4666,6224,1128,-8991,3059,-10425,6583,4374,-5979,8987,1704,-1205,-2463,8760,-4510,-1182,0.317693055,5.05376339,1.605545521,0.02921297
5,5969,-2027,2823,4728,-7276,2550,-329,-1184,-4543,5806,643,-9066,3481,-8414,7448,4876,-5094,10787,2729,-837,-2676,7748,-5302,-544,0.312805474,5.05376339,1.580844879,0.029220516
5,5588,-2694,3040,4796,-7024,2992,-147,-1034,-4444,5107,463,-9140,3749,-6166,7768,5799,-3670,12171,3080,-862,-2754,6636,-6090,-961,0.312805474,5.05376339,1.580844879,0.029228078
5,5167,-3267,3428,4973,-7117,3601,304,-1004,-4508,4208,907,-9002,3833,-4217,7581,6379,-1684,13114,2806,-1175,-2865,5879,-6442,-1619,0.312805474,5.05376339,1.580844879,0.029235655
5,4483,-3780,3750,5393,-6951,4663,563,-1176,-4590,4124,1440,-8791,3494,-2063,7205,6300,-153,13199,2613,-905,-3006,5919,-6513,-2358,0.312805474,5.043988228,1.577787161,0.029243199
5,3825,-3872,3958,5389,-6985,5640,570,-938,-4548,4813,1270,-8713,3138,-420,6601,5924,646,12548,2796,-114,-3087,5841,-6035,-2765,0.312805474,5.05376339,1.580844879,0.029250756
5,2861,-3767,4141,4988,-6955,6728,604,-632,-4294,5235,671,-8375,2983,578,6145,5497,988,11995,3086,59,-3041,5351,-5232,-3123,0.317693055,5.05376339,1.605545521,0.029258423
5,2095,-3480,4200,4745,-6896,7100,728,-30,-3974,5578,4,-8065,3040,1078,5793,5175,1329,11365,4044,-148,-3069,5608,-3761,-3555,0.322580636,5.05376339,1.630246162,0.029266207
5,1356,-3068,4259,4169,-6695,7140,911,460,-3799,5483,109,-7863,3395,1609,5471,4985,1781,10970,4898,-151,-3209,5366,-598,-5213,0.312805474,5.05376339,1.580844879,0.029273761
5,474,-2755,4485,3101,-6679,6696,1187,1095,-3676,5277,645,-8081,3720,2318,4946,4778,2567,10807,4613,69,-3209,6022,804,-5394,0.312805474,5.05376339,1.580844879,0.029281316
5,-146,-2893,4639,1755,-6805,6747,1293,1681,-3742,4924,852,-8396,3321,3051,4872,4767,3208,10981,3519,899,-2793,7688,468,-4956,0.322580636,5.05376339,1.630246162,0.029289091
5,-941,-4056,4908,-213,-7085,6669,1529,2469,-3885,4388,826,-8995,2769,3679,5527,5126,3655,10805,1675,1478,-2291,7114,-198,-4714,0.322580636,5.05376339,1.630246162,0.029296895
5,-1501,-5220,5177,-1016,-7197,6685,1818,2993,-3899,4255,891,-9402,2216,4760,6304,5703,3822,9890,1045,1288,-2251,6813,-1726,-4023,0.317693055,5.043988228,1.60244,0.02930453
5,-2189,-5907,5528,-1505,-7081,6577,2124,3519,-3759,4515,961,-9668,3120,6097,7169,6057,4312,9052,575,1442,-2320,6284,-2809,-3087,0.317693055,5.05376339,1.605545521,0.029312195
5,-2753,-5882,5696,-2416,-7029,6303,2654,4194,-3321,4580,1379,-9369,4766,7750,7349,7599,5608,8402,-338,1411,-2056,6823,-3554,-4371,0.317693055,5.05376339,1.605545521,0.029319856
5,-3583,-5694,5981,-5490,-6572,6081,3048,3905,-2935,4836,1928,-8699,5889,9469,7238,9725,8280,6938,1745,550,-1377,9205,-4180,-6667,0.312805474,5.05376339,1.580844879,0.029327393
5,-4347,-5663,6151,-7660,-6251,5452,3192,2964,-2526,5272,2560,-8015,7238,12455,6876,12328,10813,3631,2105,1474,-802,6001,-4540,-6457,0.317693055,5.05376339,1.605545521,0.029335057
5,-5174,-5512,6161,-9565,-5559,5200,3136,2612,-2205,5506,2761,-7683,8329,15651,5695,14781,14198,-1244,310,1199,209,1474,-7644,-3248,0.327468216,5.05376339,1.654946923,0.029342968
5,-6529,-6067,6207,-9312,-3589,5695,2763,2712,-1669,6217,2842,-7002,6674,17146,2661,14182,18737,-5303,-583,-203,522,3390,-7192,-1638,0.317693055,5.05376339,1.605545521,0.029350618
5,-7849,-5793,5890,-8333,-1557,6315,2395,2696,-1186,6906,2794,-6231,4597,16897,-1298,12491,21457,-8856,383,-337,-144,6580,-3714,-1631,0.322580636,5.05376339,1.630246162,0.029358422
5,-9706,-4425,4423,-11091,705,4900,1945,2673,-639,7628,2580,-5475,2259,15947,-4384,10284,20204,-11825,853,183,-177,8637,1169,-3181,0.327468216,5.05376339,1.654946923,0.029366327
5,-10607,-3672,3027,-12359,-177,1748,1438,2929,25,8248,1464,-5479,931,14904,-7730,7905,16802,-14160,639,864,-252,8979,2885,-4523,0.322580636,5.05376339,1.630246162,0.029374117
5,-10563,-3097,659,-13129,-2763,-3553,1342,3601,251,8214,569,-6485,-50,14877,-10371,6263,14827,-16697,-52,1433,-478,8219,2594,-4863,0.317693055,5.043988228,1.60244,0.029381767
5,-9921,-2855,-957,-12235,-3935,-6186,1674,6260,-126,7024,-101,-8347,-548,15188,-13815,4706,12722,-18648,-870,1365,-729,7904,507,-3734,0.312805474,5.05376339,1.580844879,0.029389312
5,-9296,-2261,-2190,-10619,-2884,-7061,2037,8421,-784,5040,-55,-9246,-47,14716,-16388,3289,9229,-19139,-545,1207,-754,7454,-2138,-2914,0.312805474,5.05376339,1.580844879,0.029396856
5,-9347,-809,-4587,-13542,-3427,-6166,2353,8799,-1335,2030,221,-9083,-2981,12354,-14911,4018,9524,-18065,170,1176,-667,4997,-6318,-3137,0.312805474,5.05376339,1.580844879,0.029404398
5,-9060,-2435,-5823,-14126,-3260,-5736,2339,6487,-1148,179,419,-8264,-6573,11025,-11031,3175,6890,-18308,1612,882,-588,3817,-9146,-3260,0.307917893,5.05376339,1.556144118,0.029411847
5,-8067,-5948,-6565,-10358,-2434,-6672,1827,2039,-391,-1325,757,-6094,-8274,8731,-8093,475,4883,-18183,3751,236,-711,3669,-8602,-1948,0.312805474,5.043988228,1.577787161,0.029419376
5,-6992,-7391,-6719,-6915,-1755,-8173,1520,-301,162,-1356,608,-5094,-7763,6359,-8054,-792,1536,-17575,5011,-512,-1561,4392,-4758,-1587,0.312805474,5.05376339,1.580844879,0.029426919
5,-5638,-6859,-7052,-3756,-2081,-9531,1856,-1250,586,-41,188,-5218,-5009,3859,-9061,-252,-172,-16414,6327,-1591,-2239,5972,-219,-3404,0.312805474,5.043988228,1.577787161,0.029434454
5,-4776,-5473,-7325,-2501,-2186,-9789,2124,-2003,602,2415,934,-5659,-3701,2255,-9196,17,-426,-14993,7071,-2147,-2756,6678,2960,-5863,0.317693055,5.043988228,1.60244,0.029442115
5,-3665,-3954,-7704,-1090,-1995,-9076,2521,-2564,186,3203,1065,-6284,-3596,698,-8860,-789,-1293,-14250,5910,-1761,-2379,7878,4936,-6481,0.317693055,5.043988228,1.60244,0.029449787
5,-2797,-3463,-7942,-331,-2073,-8607,3271,-3237,-500,2857,2250,-6316,-3684,-751,-8678,-1445,-2137,-13072,3629,-870,-1694,6972,4415,-5742,0.307917893,5.05376339,1.556144118,0.029457269
5,-1839,-3345,-7986,742,-2070,-8281,3043,-4205,-845,2673,3358,-5674,-3891,-2582,-8376,-1606,-3158,-12285,1716,-761,-750,5767,2887,-4451,0.312805474,5.043988228,1.577787161,0.029464791
5,-741,-2570,-8088,2164,-2557,-8099,2040,-5007,-1312,3066,3247,-5636,-3547,-3889,-7939,-1599,-4810,-11472,894,-1340,-145,4398,1532,-3468,0.307917893,5.05376339,1.556144118,0.029472217
5,37,-1360,-8044,3169,-2960,-8017,1436,-5134,-1663,3407,2584,-5868,-2278,-4830,-7566,-2027,-5922,-10766,573,-1906,69,4147,293,-2968,0.317693055,5.05376339,1.605545521,0.029479887
5,1154,575,-7796,4046,-3611,-8155,933,-4691,-2031,4109,1925,-6732,-942,-5402,-7116,-2680,-7411,-10322,1026,-2713,232,4431,-875,-3462,0.317693055,5.05376339,1.605545521,0.029487578
5,2106,2154,-7234,4769,-3967,-7546,752,-4786,-2347,4011,1879,-6614,1137,-6419,-6884,-4260,-7909,-9873,1349,-3685,251,5027,-1548,-4371,0.327468216,5.05376339,1.654946923,0.029495489
5,3501,4274,-6341,5795,-4801,-7166,260,-4883,-2448,3761,2170,-6705,3101,-8137,-6450,-4865,-8316,-9279,1784,-4283,205,5847,-2692,-5734,0.322580636,5.05376339,1.630246162,0.02950329
5,4535,5742,-5612,6394,-5164,-6720,83,-4965,-2680,4172,2245,-6808,4592,-9886,-5733,-5105,-8217,-8351,2544,-4744,-319,5845,-3933,-5960,0.317693055,5.05376339,1.605545521,0.029510964
5,5787,6963,-4516,6334,-5771,-6074,28,-4312,-3285,4896,2354,-7122,5272,-10965,-4667,-4528,-8185,-6709,3421,-5434,-1228,4706,-4592,-5482,0.317693055,5.043988228,1.60244,0.029518604
5,6550,7066,-3581,5829,-5800,-5090,8,-3770,-3830,5467,2912,-7278,5555,-11884,-3651,-3546,-7537,-4417,4869,-6386,-1884,4193,-5041,-5587,0.322580636,5.05376339,1.630246162,0.029526401
5,7105,6517,-2545,5412,-5649,-3985,-239,-3238,-4100,6103,2786,-7558,5078,-12484,-2108,-2894,-7017,-2159,5540,-7554,-1988,5234,-3613,-5874,0.312805474,5.05376339,1.580844879,0.029533962
5,7493,5057,-1118,5136,-5667,-2238,-476,-2182,-4339,6878,2182,-7994,4084,-12887,-556,-2166,-6577,-656,5121,-7790,-1124,8274,-1243,-6614,0.332355827,5.05376339,1.679647684,0.029541975
5,7505,3747,-206,4921,-5722,-1298,-720,-1284,-4429,6949,1716,-8361,3191,-13025,911,-1168,-6267,1089,3763,-6878,-129,10781,1190,-7059,0.337243408,5.05376339,1.704348445,0.029550118
5,7349,1851,771,4747,-6391,-508,-764,-495,-4556,6606,984,-8932,1877,-12812,1864,-506,-5959,3031,1438,-4929,474,12536,1670,-6957,0.312805474,5.05376339,1.580844879,0.029557675
5,7221,361,1346,4669,-7214,16,-668,-155,-4662,5901,1286,-9146,725,-12091,2910,-228,-6152,4962,-716,-2704,205,12122,706,-5812,0.317693055,5.05376339,1.605545521,0.029565355
5,6968,-1312,1951,4769,-7841,1034,-597,-70,-4724,4822,1763,-9903,112,-11164,3962,-272,-6483,7059,-1433,-1694,-564,10543,-1738,-3960,0.317693055,5.05376339,1.605545521,0.029573051
5,6803,-2264,2281,5104,-8543,1923,-477,-128,-4731,4056,2040,-10332,42,-10311,4956,-107,-6987,8331,-801,-742,-1712,9591,-4025,-2023,0.327468216,5.043988228,1.651745796,0.029580928
5,6668,-3024,2723,5731,-8885,2902,-392,-352,-4757,3891,2073,-10796,530,-9778,5504,621,-7470,9324,1354,325,-2733,8342,-5454,-1184,0.312805474,5.05376339,1.580844879,0.029588476
5,6546,-3190,3163,6570,-8487,3439,-244,-412,-4837,3937,2064,-10696,1765,-9018,5758,1777,-7510,9915,3117,919,-3327,6335,-6634,-118,0.322580636,5.05376339,1.630246162,0.029596286
5,6275,-2914,3568,7417,-8162,4080,-8,-341,-4855,4323,2019,-10291,3409,-8175,5608,2741,-7007,10597,3908,966,-3195,4462,-6635,-91,0.322580636,5.043988228,1.627092957,0.029604089
5,5642,-2001,4077,7647,-7305,5208,241,151,-4708,4729,1474,-9585,4538,-7075,5406,4315,-5954,11202,3119,438,-2682,4394,-6078,-1633,0.312805474,5.05376339,1.580844879,0.029611638
5,5017,-1307,4494,7509,-6902,5702,511,617,-4455,4903,807,-9126,5629,-6036,5176,5943,-4680,11830,2764,753,-2266,5703,-6549,-3275,0.317693055,5.043988228,1.60244,0.029619301
5,3848,-340,5078,6930,-5772,6435,1033,1181,-3982,5236,475,-8845,6609,-4223,4789,7214,-3427,12213,2892,1488,-2277,5095,-5088,-4822,0.317693055,5.043988228,1.60244,0.029626962
5,2901,557,5492,6110,-4891,7195,1426,1658,-3537,5933,379,-8625,7798,-2106,4396,8167,-2006,12054,3997,1279,-2650,4978,-2758,-5604,0.322580636,5.043988228,1.627092957,0.029634746
5,1521,1770,6061,2944,-4144,8139,1928,2413,-2793,5956,946,-7609,8825,342,4329,9396,-529,11515,3906,1261,-2744,5916,-744,-5352,0.307917893,5.043988228,1.553134203,0.029642165
5,521,1971,6520,9,-3547,8628,2193,2486,-2318,5620,1565,-6901,9289,2292,4826,10186,1719,10451,3327,1826,-2577,7732,-101,-4920,0.312805474,5.05376339,1.580844879,0.029649749
5,-964,1245,6933,-4218,-2761,9103,2059,2542,-1980,5243,2130,-6623,9626,4891,5531,11576,4289,8740,2198,2676,-2259,8301,-353,-5064,0.317693055,5.043988228,1.60244,0.029657425
5,-2153,565,6877,-7300,-2649,8350,1611,3086,-1723,4844,2180,-6315,10294,8078,6743,13126,7995,6218,1074,2918,-2097,8215,-1017,-4394,0.317693055,5.043988228,1.60244,0.029665096
5,-3147,-690,6702,-8896,-2914,7751,1288,3840,-1601,4715,2040,-6488,9779,11839,6937,13798,11516,4490,-86,2633,-2243,6962,-2185,-3428,0.312805474,5.043988228,1.577787161,0.029672628
5,-4444,-2426,6258,-9219,-3347,7776,875,4577,-1419,4464,1447,-6752,8882,13749,6260,13704,14178,2073,-718,1843,-2210,6280,-3255,-3794,0.322580636,5.043988228,1.627092957,0.029680392
5,-5344,-3371,5721,-8368,-3618,7741,851,4866,-1298,4442,1211,-6964,7613,15189,5165,12678,15157,-845,-540,1678,-1598,9191,-4243,-4406,0.317693055,5.043988228,1.60244,0.029688034
5,-6613,-3867,5258,-6139,-3143,7878,1052,4551,-1017,4707,1468,-7309,6293,15236,2450,10463,14546,-1760,1139,2007,-825,6545,-3270,-6014,0.312805474,5.043988228,1.577787161,0.029695574
5,-7705,-3435,5037,-6066,-2777,6671,1166,3968,-637,5570,1999,-7552,5783,14312,-430,7583,13175,-1898,1398,1719,-223,933,-8156,-5110,0.307917893,5.05376339,1.556144118,0.029703002
5,-9067,-2417,4553,-7906,-3140,4829,1237,3106,-87,6994,2094,-7567,5915,13612,-2538,6592,11387,-3053,876,140,726,-302,-7730,-3290,0.312805474,5.05376339,1.580844879,0.029710557
5,-9898,-1897,3987,-9105,-3288,3295,1129,2888,219,8125,1822,-7517,6223,13026,-3624,6964,10936,-5039,-373,-970,601,3210,-5067,-1447,0.322580636,5.05376339,1.630246162,0.029718364
5,-10556,-1649,3328,-10247,-2746,2117,894,3267,506,8976,1342,-7563,5716,12848,-4968,7284,11639,-6887,1675,-1833,-590,6511,-1027,-3776,0.332355827,5.043988228,1.676398873,0.029726371
5,-11415,-2172,2387,-11986,-1360,875,789,4589,773,9065,684,-7821,4238,12476,-6374,6886,12069,-8529,2022,-703,-537,8547,1225,-4742,0.322580636,5.05376339,1.630246162,0.029734204
5,-11430,-2310,1363,-10687,-2008,-2362,1039,5632,846,8048,449,-7862,3212,12329,-7941,7687,10982,-11816,471,43,32,9048,1471,-3525,0.317693055,5.05376339,1.605545521,0.029741889
5,-11316,-2189,-284,-12016,-1740,-4720,1519,6562,657,6075,556,-8023,2827,12640,-9173,6981,9437,-16206,-660,729,-42,9250,846,-2436,0.317693055,5.05376339,1.605545521,0.029749556
5,-10815,-2261,-1616,-11408,-1928,-5674,1884,6896,265,4254,1020,-7819,3258,12815,-11095,4434,8572,-19173,-663,736,-479,8388,741,-2563,0.317693055,5.05376339,1.605545521,0.029757209
5,-10227,-1190,-3325,-10537,-2312,-6131,2184,6659,-431,1674,1841,-7190,2241,11032,-12484,1963,8178,-20253,-1475,683,-415,7895,-1885,-4004,0.317693055,5.05376339,1.605545521,0.029764887
5,-9506,-384,-4823,-9669,-2547,-6826,2107,5612,-697,230,2263,-6409,1427,7463,-12953,-271,7304,-19558,-1395,714,-200,6073,-6231,-4215,0.322580636,5.043988228,1.627092957,0.029772678
5,-8184,462,-6620,-8655,-2756,-7798,1727,3001,-470,-787,2361,-4899,525,4538,-12655,-497,5385,-18527,334,630,-313,4367,-8460,-3716,0.322580636,5.05376339,1.630246162,0.029780477
5,-7021,715,-7629,-8170,-2936,-8310,1591,909,-103,-660,2062,-4856,-779,1046,-11706,-198,3462,-17297,2341,179,-728,2561,-9226,-3177,0.317693055,5.05376339,1.605545521,0.029788163
5,-5270,620,-8573,-5152,-2430,-8722,1913,-1976,745,853,1900,-5265,-1080,-1493,-11217,-291,1361,-15925,4837,-808,-1473,2793,-6409,-3875,0.317693055,5.05376339,1.605545521,0.029795839
5,-4056,860,-8908,-2702,-2361,-8428,2162,-3748,1154,2579,2000,-5574,-1074,-3916,-11149,-839,-110,-14675,6363,-1706,-2485,3859,-2869,-5296,0.312805474,5.05376339,1.580844879,0.02980339
5,-2865,1189,-8953,-1005,-2726,-7992,2103,-4980,1061,3950,1966,-5524,-1114,-5753,-11159,-1420,-1533,-12721,6639,-2121,-2830,5104,1855,-6383,0.322580636,5.05376339,1.630246162,0.029811163
5,-1355,1725,-8910,930,-2999,-7469,2376,-6005,630,4709,2381,-5268,-1234,-7881,-10754,-738,-2993,-11089,5670,-2202,-2480,6395,4499,-6812,0.322580636,5.05376339,1.630246162,0.029818976
5,-241,2213,-8858,1736,-3124,-7618,2607,-6403,155,4728,3219,-5213,-1244,-8830,-9874,-18,-4842,-9914,3884,-2033,-1735,7108,5144,-6757,0.322580636,5.05376339,1.630246162,0.029826775
5,1089,2859,-8546,3946,-3292,-7906,2240,-5887,-640,4490,4159,-5682,-966,-9094,-9244,-377,-6378,-8857,2601,-1764,-808,6481,4223,-5923,0.317693055,5.05376339,1.605545521,0.02983444
5,2047,3617,-8138,5233,-3416,-7774,1729,-5240,-1152,4622,4008,-5884,-510,-9325,-8736,-957,-8220,-7688,1541,-1952,-348,5101,1341,-4213,0.307917893,5.05376339,1.556144118,0.029841891
5,3258,4893,-7311,6673,-3407,-7258,885,-4631,-1740,4409,2491,-6350,611,-9957,-8142,-1384,-10485,-6638,1493,-2539,-46,4651,-300,-3708,0.312805474,5.05376339,1.580844879,0.029849449
5,4238,5810,-6163,7181,-3768,-6714,491,-4561,-2072,3780,1728,-6485,2229,-10752,-7071,-1525,-12099,-5516,2168,-3316,293,4435,-1229,-4135,0.317693055,5.043988228,1.60244,0.029857108
5,5172,6460,-4864,7746,-4093,-6097,143,-5061,-2233,3601,1778,-6866,3976,-11342,-5704,-1479,-12368,-4273,2829,-3801,664,5684,-1693,-6383,0.317693055,5.05376339,1.605545521,0.029864784
5,6091,6636,-3115,7917,-4249,-4573,-148,-4644,-2728,4187,1795,-6745,4882,-11853,-3983,-1236,-11923,-2256,2553,-4305,944,5730,-1646,-7920,0.317693055,5.043988228,1.60244,0.029872473
5,6463,6082,-1927,7543,-4391,-3092,-240,-4471,-3120,4983,2019,-6848,5545,-12363,-2471,-303,-10667,-263,2060,-4961,488,5395,-2396,-7259,0.312805474,5.05376339,1.580844879,0.029880015
5,6674,4819,-514,7154,-4875,-1330,-378,-3761,-3436,6208,2207,-7403,5317,-12580,-254,825,-9454,1747,1928,-5899,-134,5904,-3748,-6057,0.312805474,5.05376339,1.580844879,0.029887587
5,6678,3675,419,6545,-5139,-586,-275,-2589,-3742,6645,2469,-7775,4704,-12316,1791,1666,-8722,3567,2230,-7412,-959,7140,-2967,-5214,0.332355827,5.043988228,1.676398873,0.029895596
5,6504,1767,1536,5919,-5372,186,-462,-781,-4278,6535,2535,-8260,4311,-11194,3419,2721,-8301,4772,2012,-7224,-1190,10362,-1715,-4977,0.322580636,5.043988228,1.627092957,0.029903358
5,6354,427,2289,5847,-5607,642,-564,119,-4609,5848,2299,-8531,4157,-10411,4363,3248,-7835,6464,1379,-5739,-943,11394,-1266,-4164,0.317693055,5.05376339,1.605545521,0.029911036
5,6078,-867,3079,6257,-6335,1393,-708,917,-4977,4774,1810,-9026,4349,-8837,5283,3472,-6954,8409,225,-3506,-846,11793,-1005,-2724,0.317693055,5.05376339,1.605545521,0.029918702
5,5747,-1500,3610,6019,-6629,1824,-611,1046,-5155,4318,1407,-9384,4615,-7295,5921,3997,-6150,9545,-451,-1174,-1008,10982,-2978,-2745,0.312805474,5.043988228,1.577787161,0.02992625
5,5380,-2051,3893,5953,-6487,2157,-498,897,-5334,4141,1591,-9512,4507,-5483,6157,4386,-4537,10332,-343,238,-1155,9448,-4964,-2555,0.312805474,5.05376339,1.580844879,0.029933818
5,4934,-2665,4308,6308,-6835,2352,-402,646,-5401,4043,1914,-9305,4330,-4146,6051,3765,-3683,10707,596,1100,-1543,6659,-6089,-1935,0.307917893,5.05376339,1.556144118,0.029941242
5,4600,-2677,4552,6520,-7267,2718,-314,536,-5374,4283,2566,-9223,4132,-2547,5721,2988,-2943,10751,2163,426,-2184,4961,-6640,-1730,0.317693055,5.05376339,1.605545521,0.029948909
5,4178,-2335,4929,5828,-7379,3269,-197,757,-5050,4509,2590,-8887,4370,-1601,5324,2488,-2796,9975,3426,-486,-2765,4160,-6452,-1809,0.317693055,5.05376339,1.605545521,0.029956557
5,3759,-2025,5277,5075,-7370,3516,-193,1066,-4644,4806,2461,-8728,4864,-1159,5051,1590,-2547,9339,4155,-1269,-3457,5038,-5416,-2815,0.322580636,5.05376339,1.630246162,0.029964346
5,3076,-1527,5697,4545,-7210,3622,-54,1283,-4118,5115,1806,-8426,5689,-1113,4935,1345,-2011,8411,4318,-592,-3845,5985,-4700,-3099,0.322580636,5.05376339,1.630246162,0.029972153
5,2640,-1029,5877,3965,-7739,3483,204,1362,-3765,5494,1451,-8405,6522,-596,4824,1279,142,8357,4331,270,-3834,6769,-3603,-2630,0.317693055,5.05376339,1.605545521,0.029979831
5,2122,-958,6053,2690,-7949,3333,462,1609,-3367,5412,946,-8553,5754,112,4804,746,1199,8284,4142,1062,-3616,6923,-2488,-2927,0.312805474,5.05376339,1.580844879,0.029987384
5,1821,-1319,6118,2140,-7874,3451,786,1791,-3134,5289,582,-8768,4997,424,4841,652,1811,8244,4139,1495,-3420,6953,-2240,-3602,0.322580636,5.043988228,1.627092957,0.029995145
5,1587,-1569,6197,1758,-7473,3611,1357,2359,-3017,5244,529,-8921,4940,592,4924,1670,1867,8279,3328,1711,-3200,6519,-1292,-5548,0.312805474,5.05376339,1.580844879,0.030002687
5,1209,-1633,6255,731,-6625,4306,1859,2928,-2890,5086,706,-8926,5040,1458,5092,2718,1764,8209,2524,1909,-3070,6707,-673,-6444,0.317693055,5.05376339,1.605545521,0.030010398
5,707,-1491,6434,-232,-6243,5099,2425,3150,-2643,4871,1258,-8645,5978,2400,5538,3974,2543,8190,2094,2739,-2866,6437,-1066,-5321,0.317693055,5.05376339,1.605545521,0.030018061
5,-306,-1004,6337,-2998,-5482,6225,2868,2933,-2177,5138,2117,-7855,7302,4378,6604,6850,4220,8242,1869,2784,-2789,5151,-2003,-4301,0.317693055,5.05376339,1.605545521,0.030025734
5,-1181,-1085,6126,-6047,-5079,6605,2802,2977,-1834,4571,2381,-7165,8124,6694,7599,10575,7560,8293,1062,2145,-2517,4542,-2524,-3741,0.327468216,5.05376339,1.654946923,0.030033655
5,-2223,-2444,5965,-7587,-4687,5847,2722,2389,-1419,4280,2354,-6347,8797,10934,7425,12631,10833,6508,-32,1587,-2016,6035,-2813,-3306,0.317693055,5.05376339,1.605545521,0.03004132
5,-3225,-2920,6351,-4333,-4321,5885,2554,2361,-1075,4936,2709,-6768,9607,14834,4570,12662,10588,3737,93,926,-1239,10094,-2201,-4318,0.317693055,5.05376339,1.605545521,0.030048998
5,-4865,271,6457,-2646,-3296,6816,2445,3099,-249,6693,3267,-8093,12706,17489,190,14146,9236,263,1448,1219,-1113,5373,-2335,-6514,0.317693055,5.05376339,1.605545521,0.030056691
5,-6727,3914,5832,-7380,-1807,7371,2326,3046,866,7462,3820,-7859,14601,18324,-2266,13634,9003,-4632,300,1837,-22,3101,-9489,-5111,0.312805474,5.05376339,1.580844879,0.030064257
5,-8817,4787,5043,-14446,-410,7223,1311,-58,2263,8565,3545,-4844,15148,18250,-2890,14042,11980,-8398,-1028,743,1150,2910,-7190,-1661,0.317693055,5.05376339,1.605545521,0.03007191
5,-10925,1298,4049,-15939,84,5572,455,-988,2735,9632,2818,-4096,12238,17064,-4277,13461,15288,-13082,594,-736,341,3782,-3933,-1868,0.327468216,5.05376339,1.654946923,0.030079816
5,-12035,-1022,3390,-13179,2295,4306,330,1635,2855,10428,1593,-4876,7724,15405,-6948,10857,16420,-14651,2154,-1028,-771,5623,-1358,-5058,0.317693055,5.05376339,1.605545521,0.030087506
5,-13115,-1583,1518,-12008,1587,-510,837,4296,2694,10583,1481,-6240,4725,12954,-9526,8410,13757,-14943,1416,33,-425,7383,87,-4799,0.317693055,5.043988228,1.60244,0.030095179
5,-12944,-1447,-307,-13125,406,-3766,1449,7227,2139,9934,1854,-8236,2690,11129,-11087,9576,9330,-17057,-89,423,-235,8233,1104,-3354,0.317693055,5.043988228,1.60244,0.030102827
5,-12055,-1442,-2522,-14134,-873,-7055,2147,11336,771,7068,2041,-10493,2214,10356,-12504,9886,6600,-19218,-544,681,-538,9077,1159,-1908,0.307917893,5.05376339,1.556144118,0.030110264
5,-10819,-1461,-4060,-13773,-877,-8377,2671,13202,-539,3828,1599,-11125,1710,9770,-13407,8331,6258,-20213,-1207,641,-632,8499,-44,-1437,0.312805474,5.05376339,1.580844879,0.030117834
5,-9128,-1626,-6063,-11990,-1609,-8902,2973,12610,-1949,-469,1672,-10179,744,7933,-13376,6280,5590,-20922,-655,434,-417,7092,-4308,-3390,0.307917893,5.05376339,1.556144118,0.030125266
5,-7823,-1759,-7262,-9558,-1481,-8462,2509,9892,-2147,-3095,2239,-8233,202,5779,-13470,3364,4559,-19813,435,595,-414,5727,-8806,-4422,0.312805474,5.05376339,1.580844879,0.030132834
5,-6756,-1345,-8465,-8720,-1763,-7922,1510,4723,-1404,-5041,1877,-5599,-690,1709,-12770,2251,3408,-18027,3078,292,-872,4062,-10064,-2958,0.317693055,5.043988228,1.60244,0.030140487
5,-5312,-1119,-9645,-7147,-1559,-7690,1246,541,-514,-4993,1618,-4256,-631,-1936,-11729,2183,1461,-16704,5455,-52,-1490,3792,-7830,-2282,0.317693055,5.043988228,1.60244,0.030148165
5,-4000,-587,-10274,-4765,-1683,-7922,2024,-4373,507,-2625,1146,-4509,308,-4840,-11405,1781,295,-15934,6915,-603,-2362,5460,-1833,-3101,0.312805474,5.05376339,1.580844879,0.030155713
5,-2145,799,-10576,-1984,-1885,-8512,2927,-6576,850,7,1522,-6983,1190,-6748,-11573,1545,-290,-14510,6957,-1297,-2604,6599,1789,-4820,0.312805474,5.043988228,1.577787161,0.030163249
5,-837,1766,-10586,-627,-1883,-8677,3343,-7676,961,3296,2433,-8646,993,-8881,-11724,1846,-800,-13154,5739,-1726,-2666,7403,5038,-5852,0.312805474,5.043988228,1.577787161,0.030170802
5,678,2424,-10469,220,-2006,-7819,2834,-8815,598,7481,3407,-8054,-59,-10492,-11136,1800,-1502,-11627,3556,-1538,-2233,7390,5761,-5939,0.312805474,5.043988228,1.577787161,0.030178344
5,1676,2328,-10220,663,-2255,-6943,2178,-9002,-152,9320,3680,-6745,-1236,-11989,-10157,1752,-2529,-10658,1739,-944,-1342,6690,5130,-5730,0.317693055,5.05376339,1.605545521,0.030186018
5,2796,1807,-9888,1688,-2738,-6376,1688,-7858,-1231,9083,3832,-5629,-2009,-12537,-8800,2254,-3792,-8887,914,-837,-222,5185,3325,-5086,0.317693055,5.05376339,1.605545521,0.030193685
5,3474,1459,-9604,3033,-2871,-6060,1537,-5748,-1908,7294,3387,-5558,-2868,-12413,-7928,1892,-5671,-6858,287,-1079,508,3921,787,-4310,0.312805474,5.05376339,1.580844879,0.030201221
5,3985,1326,-9113,5082,-3115,-5497,1602,-3216,-2291,5233,2417,-6096,-3173,-12248,-7336,1083,-8130,-5141,177,-1744,892,2659,-942,-3394,0.312805474,5.05376339,1.580844879,0.030208798
5,4607,2036,-7934,8197,-3691,-4820,1561,-2452,-2233,4255,2297,-6884,-2279,-12541,-7244,479,-10371,-4513,651,-2641,611,2222,-2391,-3201,0.317693055,5.05376339,1.605545521,0.030216474
5,5107,3442,-6642,9888,-4127,-4272,1329,-3600,-2003,2265,2474,-7449,-754,-13175,-7081,130,-13268,-3682,1688,-3954,267,3280,-3025,-4686,0.317693055,5.05376339,1.605545521,0.030224133
5,5779,5865,-4598,11116,-4794,-3927,955,-5109,-2009,2408,2035,-7422,2358,-13955,-6784,481,-14221,-2125,3102,-5860,154,4127,-2902,-7420,0.317693055,5.05376339,1.605545521,0.030231791
5,6059,7165,-3149,11072,-4671,-3591,676,-4862,-2559,4260,2494,-7424,5472,-14436,-5988,1385,-13457,9,4003,-7045,111,5229,-2206,-8653,0.322580636,5.05376339,1.630246162,0.030239573
5,6237,7685,-1535,10912,-4695,-2340,181,-4231,-3103,5552,2084,-7387,7461,-14330,-4429,2649,-12225,1723,4101,-7479,115,6471,-2939,-8468,0.317693055,5.05376339,1.605545521,0.030247238
5,5931,7385,-404,10008,-4663,-458,-132,-3376,-3255,6640,2048,-7633,8001,-13978,-2105,4514,-10949,5036,2960,-7683,124,7199,-3730,-6828,0.327468216,5.05376339,1.654946923,0.030255159
5,5439,6403,651,7955,-4675,1151,40,-1760,-3488,7644,1234,-7687,7406,-12786,151,6960,-9824,7832,2002,-8057,121,10139,-2723,-7013,0.327468216,5.05376339,1.654946923,0.030263053
5,4887,3624,2089,5250,-4614,2402,13,-117,-3801,7901,875,-8046,6085,-9953,3339,8561,-9160,10961,960,-7632,111,13573,-191,-7460,0.317693055,5.05376339,1.605545521,0.030270722
5,4521,763,3153,4392,-4924,2846,276,1633,-4233,6729,924,-8580,4760,-5988,6049,9373,-8180,12967,-533,-5484,-372,13954,517,-5560,0.317693055,5.05376339,1.605545521,0.030278379
5,4053,-3154,4524,4960,-5910,3594,371,2340,-4565,5653,1099,-9287,4071,-3025,7828,8594,-6854,13919,-1296,-2781,-1244,14192,-1328,-4640,0.317693055,5.05376339,1.605545521,0.030286074
5,3596,-5196,5157,6180,-7069,4254,402,2657,-4796,4669,1396,-10171,3376,-345,8617,7102,-5308,13276,-1211,-898,-1906,11232,-4228,-2561,0.312805474,5.05376339,1.580844879,0.030293623
5,2962,-6422,5882,7522,-7735,4890,342,2409,-4844,4624,1308,-10589,3278,1026,9022,5632,-4429,11871,446,402,-2655,9048,-5555,-2130,0.312805474,5.05376339,1.580844879,0.030301169
5,2569,-6415,6207,8551,-8366,4595,393,2122,-4763,4601,1335,-10178,3357,1520,8617,4408,-3533,10978,1653,741,-2942,5972,-6065,-2335,0.312805474,5.05376339,1.580844879,0.030308714
5,2288,-5469,6359,8229,-8906,4556,517,1465,-4819,4444,1106,-9881,3325,1796,7976,3021,-2272,10935,2883,262,-2934,3815,-6182,-2459,0.312805474,5.05376339,1.580844879,0.030316258
5,2172,-4864,6478,7279,-9559,4619,958,1326,-4962,4216,672,-9906,3168,1706,7471,1633,-1900,10742,3491,-672,-2912,3519,-5450,-2711,0.307917893,5.05376339,1.556144118,0.030323679
5,2117,-4543,6509,5743,-9161,4849,1963,1257,-5197,4054,247,-9857,3086,1580,7359,1652,-1788,9971,3843,-661,-3008,4513,-5054,-2643,0.312805474,5.05376339,1.580844879,0.030331245
5,1952,-4470,6709,3891,-7973,4990,2710,1173,-5367,4436,845,-9600,3563,1494,7692,2278,-1843,8800,3832,-241,-3335,5768,-4524,-2856,0.307917893,5.05376339,1.556144118,0.030338693
5,1698,-4402,7002,2927,-7102,5149,3010,1482,-5383,4990,1414,-9268,4171,1710,8341,3441,-1291,8366,3697,854,-3817,7112,-3785,-3760,0.312805474,5.05376339,1.580844879,0.030346248
5,1209,-3916,7247,482,-5388,5440,3084,1754,-5164,5266,1101,-9290,5086,2296,9148,6038,476,7550,3829,2562,-3794,6898,-3635,-3491,0.317693055,5.05376339,1.605545521,0.030353907
5,418,-3828,7230,-3319,-3956,6451,3209,3088,-4584,6227,401,-8770,5796,3804,11174,9508,3196,7055,4250,3042,-3707,5645,-3986,-3318,0.312805474,5.05376339,1.580844879,0.030361462
5,-1282,-4550,7157,-8919,-3456,6875,3541,3737,-3665,5774,1230,-6633,7678,6226,13571,12865,5800,5917,4318,3312,-3656,4791,-2341,-5185,0.312805474,5.05376339,1.580844879,0.030369034
5,-2308,-5328,7063,-12361,-3286,6160,3048,2254,-2947,5356,1529,-3898,9928,10296,14385,18395,10538,3734,2541,3762,-3544,4860,-1336,-6932,0.312805474,5.05376339,1.580844879,0.030376593
5,-3527,-6376,6792,-12522,-2164,4553,2105,1084,-2379,4663,1214,-2202,12490,14226,13219,24142,16359,-735,2788,3783,-3369,4582,-54,-6581,0.317693055,5.043988228,1.60244,0.030384246
5,-4586,-6896,6209,-10241,-42,4958,1643,1637,-2062,4674,1028,-1760,13452,19259,8173,25813,19721,-5182,2517,3617,-2751,6113,897,-5698,0.303030312,5.05376339,1.531443477,0.03039155
5,-6416,-6915,5428,-7744,2385,8765,1544,3216,-1306,5288,963,-1928,11175,20911,-402,22354,21999,-11251,295,2545,-1439,7286,1655,-7377,0.317693055,5.043988228,1.60244,0.030399194
5,-9711,-6567,4410,-7018,3556,8151,1746,3807,-485,6525,1377,-2976,6684,18037,-8369,12897,20996,-9312,-744,6,-889,5095,-216,-7798,0.307917893,5.05376339,1.556144118,0.030406635
5,-11248,-5840,3013,-9299,1239,3839,1581,3511,453,8532,1924,-5783,2689,14876,-12416,10097,15975,-11537,483,-206,-342,4377,-9545,-3616,0.312805474,5.05376339,1.580844879,0.030414192
5,-11508,-4855,908,-12331,-2491,-2199,1193,3465,618,9497,1900,-7765,-1195,13859,-12480,12959,11990,-17141,54,798,-70,2256,-8211,-1059,0.322580636,5.05376339,1.630246162,0.030421957
5,-10874,-4327,-1006,-14880,-3208,-4856,1246,4442,-327,7677,1380,-9598,-2380,15844,-11699,11283,9032,-21766,2110,-530,-289,2864,-4870,-4118,0.332355827,5.05376339,1.679647684,0.03042997
5,-9609,-4820,-2774,-14260,-3764,-6378,1571,5635,-1584,5394,1176,-10610,-1378,16009,-13182,6081,8463,-23971,1181,-1349,-733,5288,-346,-2378,0.322580636,5.05376339,1.630246162,0.030437753
5,-8700,-4278,-3722,-12605,-3354,-6607,1937,7293,-2843,2544,1466,-10242,-1892,13598,-14464,1632,9830,-23701,-860,-1006,-461,8546,623,-3965,0.322580636,5.05376339,1.630246162,0.03044552
5,-7765,-3395,-5150,-11811,-5314,-7737,2022,8274,-3700,-1045,3176,-8317,-2483,9130,-14263,-235,7566,-22919,144,-598,-502,10996,1079,-4799,0.307917893,5.05376339,1.556144118,0.030452946
5,-6072,-2924,-6871,-10974,-6020,-7737,2129,7108,-3232,-3721,4907,-6869,-3651,5102,-12860,-1522,6599,-22077,1894,137,-1465,11103,-1665,-3504,0.317693055,5.05376339,1.605545521,0.030460613
5,-4788,-3201,-7859,-9758,-6177,-7451,1973,2338,-1690,-3708,6102,-6085,-4798,949,-10566,-3902,4432,-20428,2748,684,-2230,9508,-1481,-2308,0.312805474,5.05376339,1.580844879,0.030468155
5,-3003,-4241,-8453,-5675,-6090,-7821,1660,-1561,-953,-1355,5550,-6892,-4253,-2076,-9818,-5178,1335,-17429,3001,1049,-1784,7717,-2678,-2633,0.322580636,5.05376339,1.630246162,0.030475978
5,-1526,-4107,-8462,-1990,-6357,-8573,1283,-5686,-726,1885,3261,-8647,-3360,-5473,-9987,-4231,-558,-15800,2787,1314,-1319,5610,-3741,-2146,0.317693055,5.05376339,1.605545521,0.030483637
5,43,-2581,-8222,922,-6394,-8730,1646,-7758,-751,4864,2398,-9173,-2769,-7410,-10146,-3923,-2528,-13983,3176,948,-1028,5795,-3128,-1447,0.317693055,5.05376339,1.605545521,0.03049133
5,874,-1041,-8063,1829,-6703,-8370,2141,-9157,-1194,8076,2498,-8097,-2075,-8768,-9573,-4020,-4059,-12333,3895,565,-1560,7715,-1025,-1436,0.317693055,5.05376339,1.605545521,0.030498987
5,1759,667,-7908,3062,-6950,-7420,2482,-8339,-1836,8848,3120,-7621,-1372,-9538,-8631,-5140,-5274,-10572,4189,220,-2011,8411,431,-1940,0.322580636,5.043988228,1.627092957,0.030506775
5,2353,1854,-7634,4780,-7180,-6468,2571,-6418,-2392,8342,3705,-7463,-400,-11183,-8142,-5890,-6425,-8795,3464,301,-1921,7790,1509,-2519,0.317693055,5.05376339,1.605545521,0.03051444
5,3019,3161,-7209,6278,-7525,-6147,2080,-3774,-2748,7319,3361,-7552,813,-12672,-7571,-4965,-7711,-7190,2189,534,-1173,7222,2182,-3136,0.312805474,5.043988228,1.577787161,0.030521968
5,4033,5203,-6351,7591,-7650,-5681,1611,-2290,-2721,6116,2871,-7723,2402,-13678,-7219,-4081,-8756,-5822,583,1001,-684,6836,2421,-4113,0.307917893,5.05376339,1.556144118,0.030529404
5,4724,6760,-5303,7906,-7294,-4617,1625,-1769,-2433,4469,2725,-7618,3798,-14361,-6551,-3225,-9407,-3930,-45,818,-326,6638,1930,-3660,0.317693055,5.043988228,1.60244,0.030537058
5,5377,8211,-3695,7229,-6842,-2429,1560,-572,-2508,3611,3188,-7262,5825,-15542,-5766,-1382,-8508,-2249,46,684,37,6239,888,-2923,0.322580636,5.05376339,1.630246162,0.030544834
5,5715,8419,-2373,6317,-6366,-773,1604,-739,-2497,2614,4066,-6747,7210,-16675,-4164,1071,-6759,-604,195,404,299,5076,-752,-2107,0.317693055,5.05376339,1.605545521,0.030552493
5,5853,7669,-641,5372,-6209,496,1171,-1237,-2504,2587,3921,-6742,7344,-17225,-2204,3093,-5413,827,1056,-711,388,4677,-1872,-2208,0.317693055,5.05376339,1.605545521,0.030560158
5,5741,6401,306,3906,-6245,859,1180,-1372,-2610,2697,3190,-7668,6475,-16712,-121,6229,-5085,3784,1537,-1347,308,5499,-2576,-2750,0.312805474,5.05376339,1.580844879,0.0305677
5,5713,4030,1373,2161,-5726,1272,1365,-1495,-2730,2350,3110,-7719,5221,-14586,1442,8974,-5227,8404,2229,-1784,-31,5481,-2216,-3477,0.322580636,5.043988228,1.627092957,0.030575471
5,5895,425,2482,2472,-4670,2091,1546,-1687,-3025,2063,3177,-8020,4202,-10035,3285,10797,-4324,13004,2399,-2174,-453,5804,-1826,-3715,0.312805474,5.05376339,1.580844879,0.030583024
5,5760,-1570,3188,3062,-5504,4861,1827,-1753,-3940,1651,3181,-9073,2905,-5183,4803,10915,-3364,14497,2322,-2329,-689,5545,-1305,-3548,0.317693055,5.043988228,1.60244,0.030590666
5,5591,-3403,3624,4809,-8440,9518,2090,-1984,-4651,1914,2466,-10484,2802,-3065,6158,8793,-4031,13847,2442,-2691,-611,5289,-642,-3567,0.322580636,5.043988228,1.627092957,0.030598436
5,5375,-4197,3782,5797,-9672,11523,2798,-2408,-5491,2986,1886,-11803,4023,-3225,6948,9729,-5150,13440,2767,-3311,-121,5583,-420,-3775,0.317693055,5.05376339,1.605545521,0.030606104
5,4547,-4229,4380,6185,-8533,11871,3489,-2086,-6007,4546,2080,-11833,6153,-2989,7815,12561,-4052,14550,2898,-4142,510,5740,-592,-3912,0.317693055,5.05376339,1.605545521,0.030613761
5,3479,-3702,5134,5431,-7208,11703,4212,-690,-6337,6387,3787,-10823,7574,-877,8433,14955,-1890,15604,2888,-4734,786,5649,-1138,-4781,0.312805474,5.05376339,1.580844879,0.030621298
5,1717,-3061,6144,3003,-6684,10740,4062,1028,-5953,7704,3132,-10329,8143,2518,8516,16326,1263,15637,3129,-4995,642,5688,-2320,-6624,0.307917893,5.05376339,1.556144118,0.030628726
5,248,-2995,6626,813,-6034,9876,4505,3114,-4701,7812,3066,-9432,8208,5503,8367,16002,4062,14088,3648,-5257,114,4773,-3307,-7652,0.317693055,5.05376339,1.605545521,0.030636391
5,-1326,-3367,6971,-1835,-5410,9418,4316,3707,-2640,7867,3240,-7671,8188,9198,8449,14880,5704,10606,3637,-5717,-69,4521,-3501,-7634,0.317693055,5.05376339,1.605545521,0.030644067
5,-3380,-4756,7775,-5032,-5176,7817,3532,3181,-1540,8095,2568,-6419,8175,11823,8718,13872,6950,6529,2393,-6536,820,6370,-573,-5466,0.312805474,5.05376339,1.580844879,0.03065162
5,-4814,-5292,8183,-6972,-4477,6338,2605,2652,-1095,8902,628,-6605,8719,14451,8879,14634,9259,2469,-802,-6036,1773,10104,528,-5384,0.317693055,5.05376339,1.605545521,0.030659281
5,-6037,-4888,7729,-8408,-3014,3982,2437,3084,-1004,8946,-392,-6921,10092,16371,7737,15352,12355,-4187,-2973,-4756,1971,12703,502,-5780,0.322580636,5.043988228,1.627092957,0.030667059
5,-6699,-4269,7426,-7249,-1494,3081,2304,3786,-877,8527,-868,-6608,10993,17997,3376,14414,14451,-10378,-4308,-2695,1408,12608,-1361,-6033,0.317693055,5.05376339,1.605545521,0.030674722
5,-7744,-1846,6153,-6675,1743,3909,2175,4684,-647,7120,-730,-6161,11006,18005,-2244,12988,14169,-14880,-4062,-354,51,11044,-3479,-4406,0.317693055,5.05376339,1.605545521,0.030682398
5,-9023,411,4550,-7915,3712,5273,1512,6335,-152,4695,-85,-5730,9273,15067,-6783,7346,17153,-16551,-2649,584,-1034,9407,-5840,-2439,0.317693055,5.05376339,1.605545521,0.030690063
5,-9858,1598,2422,-9975,2635,2120,698,7132,170,2740,-124,-5330,5634,12524,-8496,3451,14990,-13931,475,1411,-2185,7188,-8224,-800,0.317693055,5.05376339,1.605545521,0.030697737
5,-9313,724,-1038,-12008,-1292,-4733,9,7423,225,1033,-674,-5457,2304,10706,-10026,2256,12793,-13889,3335,1423,-2800,4653,-8713,-289,0.312805474,5.05376339,1.580844879,0.030705294
5,-8385,-944,-2530,-11110,-3440,-7120,-181,7409,-156,-828,-1653,-6558,-118,10655,-11571,2086,8350,-14559,4513,670,-2913,2699,-7935,-581,0.317693055,5.05376339,1.605545521,0.030712951
5,-7262,-2073,-4111,-8734,-3559,-8151,87,6853,-525,-1861,-2410,-7012,-1737,10845,-12786,1844,6115,-15124,5269,-600,-3218,3302,-7340,-1844,0.317693055,5.05376339,1.605545521,0.030720644
5,-6591,-2615,-4698,-6902,-3229,-7982,806,4093,-1001,-2289,-2917,-6379,-3006,10082,-13240,304,5296,-15903,4900,-138,-3370,5363,-7018,-3326,0.317693055,5.05376339,1.605545521,0.030728316
5,-5645,-3276,-5621,-4638,-3375,-7878,1078,962,-1316,-1954,-3186,-6050,-4744,8417,-13355,-717,2420,-16863,4493,918,-3251,6187,-5937,-4550,0.317693055,5.05376339,1.605545521,0.030735986
5,-5027,-3590,-6494,-3568,-3436,-7431,1507,-2761,-1201,-309,-2873,-6061,-5376,5828,-12833,-1777,-6,-16340,4372,1722,-3112,5354,-4292,-5884,0.322580636,5.05376339,1.630246162,0.030743774
5,-4435,-3233,-7923,-3162,-3541,-6801,1710,-4818,-933,2010,-1936,-6099,-5022,2327,-11062,-3208,-1781,-15733,6091,1443,-3452,5007,-2718,-6594,0.312805474,5.05376339,1.580844879,0.030751336
5,-3665,-2883,-8650,-2056,-3564,-6950,1465,-6367,-874,4871,-983,-6126,-3609,-352,-9428,-4262,-4218,-15198,5963,1107,-3632,4538,53,-7044,0.312805474,5.05376339,1.580844879,0.030758882
5,-2396,-2333,-8889,499,-3497,-7750,1290,-5753,-1298,6986,-727,-6472,-1298,-3737,-9038,-4111,-5062,-14099,4236,1330,-3649,6500,927,-7228,0.317693055,5.043988228,1.60244,0.030766537
5,-518,-911,-8693,3925,-3704,-8742,1020,-3741,-2214,8344,-588,-6081,-566,-6523,-9332,-3442,-5093,-12682,3185,2703,-3369,8254,584,-5679,0.327468216,5.043988228,1.651745796,0.030774422
5,727,36,-8521,4705,-3770,-9112,945,-1922,-2968,7361,-926,-6482,-1324,-8499,-9300,-2237,-5932,-11269,2607,2864,-2700,8037,-461,-4237,0.332355827,5.05376339,1.679647684,0.030782448
5,2056,102,-8334,4444,-3870,-8940,1103,-911,-3487,4954,-653,-6449,-2275,-9257,-8274,-1104,-8137,-9613,677,1641,-2713,3549,-634,-4672,0.317693055,5.043988228,1.60244,0.030790107
5,2813,-668,-7899,5424,-4144,-8481,1532,-32,-4058,2900,633,-7453,-3373,-9649,-7246,-1670,-10650,-8255,678,173,-2382,1115,-2780,-4946,0.307917893,5.05376339,1.556144118,0.030797543
5,3874,-1213,-6974,8675,-4285,-7802,1608,179,-4093,1367,1781,-7780,-3578,-10403,-6077,-2174,-14130,-7916,1879,-358,-735,4738,-5010,-4844,0.312805474,5.05376339,1.580844879,0.030805098
5,4659,-453,-6053,11023,-5059,-7418,980,-1725,-3784,1073,2566,-7196,-2043,-11520,-5040,-2845,-16947,-7130,2523,569,-233,6989,-4959,-4174,0.317693055,5.05376339,1.605545521,0.030812757
5,5883,1984,-4529,12596,-6009,-6873,536,-3421,-3622,1333,2553,-7481,237,-12258,-3985,-2833,-19008,-5463,303,376,464,7373,-3967,-3083,0.312805474,5.043988228,1.577787161,0.03082028
5,6706,3840,-3083,12368,-6062,-5985,247,-4908,-3809,2128,3041,-7462,3664,-13231,-3060,-2067,-18241,-3619,-1161,-260,302,6255,-727,226,0.317693055,5.05376339,1.605545521,0.030827956
5,7377,5123,-1358,11500,-6086,-4133,136,-5632,-3950,3293,3530,-8057,6669,-14084,-1615,-305,-15705,-1817,-1285,-656,95,9457,386,149,0.312805474,5.05376339,1.580844879,0.030835498
5,7947,5771,777,9497,-5049,-1359,-88,-5441,-4016,3940,4032,-8363,8605,-14753,518,1488,-13347,302,34,104,-391,9702,-2207,-2796,0.322580636,5.05376339,1.630246162,0.030843275
5,7912,5154,2123,8038,-4488,789,-401,-4700,-4116,4672,3953,-8914,9370,-14893,3189,4157,-9786,1779,831,517,-889,9288,-2652,-2612,0.312805474,5.05376339,1.580844879,0.030850824
5,7578,3818,3526,5834,-4956,3018,-648,-3864,-4141,4553,4016,-9122,9395,-14395,5229,6775,-7596,4062,1634,438,-1429,7757,-2681,-1999,0.312805474,5.05376339,1.580844879,0.030858371
5,7241,2291,4538,4588,-5351,4333,-906,-2652,-4180,4602,4253,-9757,8893,-13049,7478,9296,-5451,6404,2204,332,-1916,7232,-2883,-1746,0.317693055,5.043988228,1.60244,0.030866031
5,6934,-156,5835,4431,-6071,5494,-1070,-1435,-4327,4732,3974,-9942,8379,-10894,9042,10899,-3785,9303,2640,422,-1951,6950,-3075,-1720,0.312805474,5.05376339,1.580844879,0.030873569
5,6626,-1569,6533,4560,-5811,6466,-1194,86,-4671,4679,3265,-10223,7777,-8452,9288,12457,-1094,11050,3390,392,-1698,6723,-3475,-2056,0.312805474,5.05376339,1.580844879,0.030881107
5,6066,-2974,7323,5504,-5831,7477,-990,629,-4906,4546,2528,-10330,6538,-6364,8530,14064,1838,12595,3914,503,-1309,6960,-1718,-1784,0.317693055,5.05376339,1.605545521,0.030888764
5,5036,-3807,7842,7207,-5774,10388,-423,749,-5033,4713,2315,-10274,5134,-4092,6745,14301,2973,13091,3805,526,-1233,7524,-356,-1278,0.327468216,5.05376339,1.654946923,0.030896667
5,4013,-3134,8028,7588,-5628,11762,175,867,-4839,4996,1838,-10300,4989,-2151,4614,14427,2837,12644,3345,460,-1202,7475,635,-1561,0.312805474,5.05376339,1.580844879,0.030904209
5,2149,-1283,8341,5045,-4875,13240,1035,1246,-4248,5626,1619,-10507,5388,-660,3209,14737,3590,12666,2359,447,-1033,7388,1889,-2940,0.312805474,5.05376339,1.580844879,0.030911747
5,459,-38,8499,839,-4137,13632,2244,2300,-2854,5957,2126,-9935,6088,1153,3199,15558,5045,13032,1367,559,-645,7035,2686,-3901,0.312805474,5.05376339,1.580844879,0.0309193
5,-1912,24,8713,-6079,-3102,13223,2620,1968,-1878,5827,2698,-8977,6506,4514,4526,16301,7198,11500,617,403,-384,6848,2774,-3925,0.322580636,5.05376339,1.630246162,0.030927071
5,-3736,-570,8619,-11651,-1828,12475,2256,1288,-1033,7005,2881,-8487,8302,8475,6894,16489,9703,7101,231,229,-208,7057,1963,-3785,0.322580636,5.05376339,1.630246162,0.030934865
5,-5856,-1076,7915,-15311,-2168,9737,2234,2153,-627,6553,3027,-8014,10322,12505,8608,16555,13226,4467,463,146,-26,6915,991,-3211,0.322580636,5.043988228,1.627092957,0.03094266
5,-6755,-1486,6956,-17260,-2930,6428,1950,3719,-453,5920,2945,-7928,12544,15619,8744,18624,17419,-1035,219,115,215,6478,-457,-2635,0.317693055,5.05376339,1.605545521,0.030950336
5,-7528,-3256,6035,-16868,-3466,5592,1738,5144,-459,5507,2838,-7971,11950,18703,5803,17797,22231,-7460,190,-163,496,6095,-1860,-2603,0.317693055,5.05376339,1.605545521,0.030958006
5,-8705,-4292,5031,-10811,-2123,7395,1732,6340,-234,4762,2872,-7746,9152,19087,308,15588,23903,-11627,365,-735,444,5897,-2348,-2642,0.312805474,5.05376339,1.580844879,0.030965555
5,-10078,-2589,3847,-8578,-226,8167,1707,6460,138,4525,2969,-7335,7514,16965,-4838,11874,20290,-12244,513,-1078,271,5951,-2644,-3071,0.312805474,5.05376339,1.580844879,0.030973122
5,-11760,91,1967,-10870,926,4822,1591,5841,611,4750,2739,-7117,6309,15510,-7817,9367,16095,-11433,749,-1640,-146,6106,-2176,-3526,0.317693055,5.05376339,1.605545521,0.030980794
5,-12242,865,407,-13289,683,-852,1261,4756,1363,5725,1646,-7456,4598,15091,-9819,7972,12556,-10990,1441,-1983,-623,5748,-1417,-3717,0.322580636,5.05376339,1.630246162,0.030988576
5,-11729,-701,-1764,-14300,-1565,-6660,1429,4620,1563,6303,794,-8357,1703,16253,-10708,7307,10936,-14937,1891,-2466,-478,5666,-79,-4087,0.322580636,5.043988228,1.627092957,0.030996382
5,-10757,-2642,-2960,-12929,-2635,-8811,1768,5554,980,5363,454,-8831,-1153,17279,-12135,6590,9274,-19373,1912,-2524,-357,6125,-121,-4284,0.312805474,5.05376339,1.580844879,0.031003932
5,-9580,-4195,-4172,-9011,-1959,-8870,1799,6272,236,3123,338,-8536,-2561,17082,-14166,3874,7328,-24290,1726,-2766,304,5782,-639,-3920,0.303030312,5.05376339,1.531443477,0.031011248
5,-8791,-3804,-5362,-7648,-490,-8658,1629,6171,-669,-116,-147,-7431,-3060,14040,-15093,847,5102,-23619,1553,-3256,591,5349,-1821,-3328,0.317693055,5.043988228,1.60244,0.031018905
5,-7955,-2484,-6826,-6941,-2081,-8335,1397,5260,-1068,-2047,-364,-5893,-3021,9827,-14963,122,2704,-22171,1921,-3932,299,4928,-3127,-3798,0.317693055,5.043988228,1.60244,0.031026572
5,-6710,-1001,-8571,-6199,-2533,-8473,1270,3172,-945,-3081,-593,-4720,-2780,5477,-13208,-736,268,-20535,2680,-4673,-412,4497,-3572,-5864,0.317693055,5.05376339,1.605545521,0.031034224
5,-5541,-265,-9580,-5341,-2124,-8946,1716,1113,-240,-2073,-650,-4736,-1943,2357,-10949,-1794,-2759,-18374,3083,-4772,-832,4130,-3742,-6810,0.307917893,5.043988228,1.553134203,0.031041626
5,-3716,11,-10078,-2316,-1542,-9219,2119,-1593,598,22,-502,-5456,-268,-1613,-9843,-1907,-3963,-16068,3418,-4864,-668,4607,-3300,-6078,0.312805474,5.043988228,1.577787161,0.031049166
5,-2187,246,-9997,717,-1352,-10059,2184,-4600,1085,3578,-698,-7047,654,-4788,-9758,-1005,-4284,-14601,3281,-5834,-12,5982,-2646,-5829,0.322580636,5.043988228,1.627092957,0.031056929
5,-237,1063,-9500,3700,-1317,-10879,1902,-5814,702,5897,-780,-7173,221,-6769,-10231,181,-5143,-13498,2952,-6252,529,9030,-971,-5301,0.317693055,5.05376339,1.605545521,0.031064587
5,893,1348,-9330,4008,-1375,-10344,1680,-6584,-504,7854,-748,-6615,-675,-7681,-9660,667,-7005,-11351,1815,-5590,531,11784,-770,-5365,0.312805474,5.05376339,1.580844879,0.031072142
5,1813,740,-9006,4640,-1642,-9376,1849,-6017,-1468,7808,-316,-6340,-1867,-8557,-8712,404,-9236,-9675,602,-4198,104,12830,-323,-4718,0.312805474,5.05376339,1.580844879,0.031079676
5,2809,-326,-8298,6746,-2202,-8486,2009,-4182,-2071,6259,875,-6839,-2877,-9042,-7278,97,-11377,-8003,-283,-2852,-827,13625,-712,-3960,0.312805474,5.05376339,1.580844879,0.031087231
5,3484,-574,-7524,8910,-2707,-8094,1485,-3055,-1950,5314,1503,-6716,-3054,-9471,-6200,-716,-13482,-6874,-673,-597,-1555,12249,-1938,-2025,0.312805474,5.05376339,1.580844879,0.03109478
5,4286,516,-6406,11025,-3594,-7863,423,-3261,-1752,3659,270,-6759,-2069,-9613,-5236,-1365,-16267,-5712,122,1320,-2162,10400,-3348,-429,0.312805474,5.05376339,1.580844879,0.031102335
5,4874,2148,-5380,11757,-4110,-7497,236,-3391,-1832,3567,352,-7448,613,-9683,-4623,-1811,-17505,-4300,1290,2135,-2500,7734,-5126,254,0.322580636,5.05376339,1.630246162,0.031110113
5,5670,4354,-3535,12758,-4527,-6842,121,-3395,-2098,3048,487,-7390,3301,-9824,-3896,-1983,-17287,-2947,2424,1931,-2537,4754,-6515,-354,0.322580636,5.05376339,1.630246162,0.031117897
5,6167,5618,-2064,12469,-4648,-5395,-97,-4091,-2413,3342,1014,-7411,5425,-10251,-2869,-2092,-16306,-1511,2721,257,-2489,3353,-7545,-1993,0.317693055,5.05376339,1.605545521,0.031125562
5,6620,6232,-340,10511,-4611,-3150,-269,-4328,-2684,4181,1001,-7540,6472,-10912,-1068,-1280,-14434,-424,2554,57,-2501,4806,-8516,-3551,0.317693055,5.05376339,1.605545521,0.031133227
5,6720,5606,817,8898,-4262,-1454,-405,-3779,-3043,5528,685,-7711,7043,-11097,602,182,-11755,1333,2478,920,-2414,5083,-8199,-4551,0.317693055,5.05376339,1.605545521,0.031140894
5,6719,4391,1863,7747,-3988,-28,-374,-2935,-3189,5837,266,-7811,6720,-11180,2829,1708,-9508,2853,4354,906,-2894,4263,-6292,-3776,0.317693055,5.05376339,1.605545521,0.031148551
5,6532,2455,3024,7375,-4474,1177,-267,-1418,-3286,5696,-300,-8307,5910,-11004,4594,2503,-8563,4222,6448,423,-3588,4217,-2406,-5502,0.322580636,5.043988228,1.627092957,0.031156352
5,6387,1213,3764,7082,-4964,1958,-108,-451,-3452,4974,-532,-8483,5516,-10381,5931,3481,-7874,5218,7169,905,-3528,5358,360,-8014,0.317693055,5.05376339,1.605545521,0.031164009
5,5949,-7,4671,6386,-5442,3018,181,225,-3790,4100,-288,-8919,5640,-9733,6708,4378,-7135,6715,4746,1574,-3004,6281,1376,-6106,0.317693055,5.05376339,1.605545521,0.031171676
5,5759,-577,4903,6636,-5743,3668,396,462,-3942,3586,57,-9177,6353,-8539,7496,5349,-5592,8074,2578,2090,-2553,8145,977,-3275,0.317693055,5.05376339,1.605545521,0.031179333
5,5184,-825,5382,5651,-5802,4764,642,596,-4199,3370,358,-9480,6887,-7103,7953,6115,-4169,9656,1505,1510,-2644,7603,582,-783,0.317693055,5.05376339,1.605545521,0.031187026
5,4795,-1154,5605,5433,-6430,5787,1120,745,-4447,3678,593,-9811,7101,-5370,8103,7333,-1928,10675,159,593,-2183,8894,382,-3774,0.317693055,5.05376339,1.605545521,0.031194692
5,4306,-1260,5830,5167,-6186,6696,1284,709,-4536,3847,914,-10017,7066,-3942,7882,8470,294,12001,-55,1081,-438,10482,-720,-6455,0.317693055,5.05376339,1.605545521,0.031202359
5,3311,-1330,6246,4452,-5762,7894,1472,363,-4301,4493,1188,-10085,6788,-1901,7204,9560,1900,12665,-2043,2421,643,5068,-4250,-5072,0.317693055,5.05376339,1.605545521,0.03121002
5,2299,-1031,6443,3456,-5244,8753,1564,130,-4036,5001,1418,-9870,7224,208,6531,10214,3394,12702,-3304,1982,1330,2947,-6989,-986,0.317693055,5.05376339,1.605545521,0.031217687
5,703,-452,6592,495,-5541,10472,1719,419,-3358,5428,1883,-8896,7549,2373,6175,11056,5674,12300,-1084,458,948,3592,-5079,-319,0.312805474,5.05376339,1.580844879,0.031225244
5,-709,-409,6789,-1741,-5388,10496,1770,251,-2683,5529,1902,-7851,7431,4044,5980,11631,7643,11122,-191,260,500,6338,-3414,-2963,0.312805474,5.043988228,1.577787161,0.031232784
5,-2568,-514,7263,-2931,-4183,9053,1734,76,-1934,5514,1793,-7127,7908,6809,4974,11933,8432,8805,51,952,96,7713,-1564,-3710,0.317693055,5.043988228,1.60244,0.031240437
5,-3758,271,7144,-4554,-2831,7591,1837,622,-1574,5628,2022,-6903,9751,10018,3071,12668,9712,5136,101,683,-231,7661,-697,-3473,0.312805474,5.043988228,1.577787161,0.03124796
5,-5413,1833,6077,-8203,-1963,6233,1831,1810,-1407,6137,2401,-6725,11991,13117,775,13085,10954,1504,27,228,-667,8425,-1016,-2890,0.317693055,5.043988228,1.60244,0.031255603
5,-6718,2241,5237,-10244,-1719,6240,1742,3612,-1220,6418,2541,-7010,12480,14404,-2408,12314,13962,-3702,1029,222,-1176,7328,-3370,-3198,0.312805474,5.043988228,1.577787161,0.031263139
5,-8101,2187,4242,-11533,-989,6183,1607,4675,-1063,6899,2594,-6950,11472,14919,-4509,12122,14462,-8237,2094,661,-1186,6309,-5401,-3858,0.312805474,5.043988228,1.577787161,0.031270675
5,-9903,1765,2649,-13316,154,5168,1208,5637,-740,6963,2304,-6704,9347,15134,-6446,10894,15588,-10831,3022,619,-1132,5168,-5880,-3597,0.312805474,5.043988228,1.577787161,0.0312782
5,-10858,604,1391,-14170,318,2352,746,5784,-474,6962,1862,-6718,5808,14789,-8057,8898,15850,-11590,4519,531,-1203,5480,-3759,-3190,0.327468216,5.043988228,1.651745796,0.031286083
5,-11283,-1809,-210,-13377,-808,-2041,369,5900,-238,6884,794,-7584,2624,14153,-10329,6840,15122,-13178,5146,194,-1551,6325,-352,-2419,0.307917893,5.05376339,1.556144118,0.031293508
5,-11137,-3463,-1504,-12206,-1953,-5609,498,6268,-250,6717,124,-8281,-888,13488,-12512,6644,12498,-16279,4889,-216,-1835,7060,1410,-3259,0.312805474,5.043988228,1.577787161,0.031301051
5,-10343,-4788,-3156,-10820,-3482,-8622,999,7450,-777,5075,-591,-9558,-2074,13851,-15414,6434,7931,-20176,3704,-601,-1888,7477,2550,-3880,0.322580636,5.05376339,1.630246162,0.031308826
5,-9301,-4668,-4323,-10769,-3707,-11172,1485,8138,-1457,2681,-1051,-10179,-2755,13650,-17632,5122,7350,-21988,2274,-338,-1336,7098,2616,-3997,0.312805474,5.05376339,1.580844879,0.031316381
5,-8210,-4189,-6052,-11292,-4864,-11359,1891,8152,-2079,-3,-1331,-10037,-5203,12786,-17075,5779,6818,-25772,1427,-94,-568,6429,1899,-3321,0.317693055,5.05376339,1.605545521,0.031324036
5,-7044,-5121,-8181,-12008,-4538,-9809,2071,6768,-2400,-3198,-948,-8495,-8626,10299,-15163,2498,5868,-28283,841,-162,2,5688,743,-2716,0.312805474,5.05376339,1.580844879,0.031331576
5,-6122,-6813,-9559,-12849,-3486,-9284,2031,4358,-1943,-4639,-557,-6694,-10169,5194,-11367,-802,2341,-29123,817,-893,396,5275,-421,-2981,0.317693055,5.05376339,1.605545521,0.031339243
5,-3792,-9290,-10610,-9526,-3013,-11960,2165,219,-753,-4465,425,-5272,-7028,-590,-10134,-1688,-489,-26105,1099,-1495,283,4961,-1570,-3700,0.317693055,5.05376339,1.605545521,0.031346902
5,-1918,-8749,-11100,-4094,-2251,-12857,2608,-2847,-6,-3071,742,-6477,-5266,-4006,-11236,1785,1527,-22738,1434,-2368,12,4432,-1618,-4051,0.312805474,5.05376339,1.580844879,0.031354446
5,-329,-5934,-11638,-1306,-1090,-12037,3518,-6078,388,466,1068,-10000,-5173,-6630,-12246,4101,602,-18056,1949,-3254,-437,4361,-1696,-4168,0.312805474,5.05376339,1.580844879,0.031361986
5,464,-4897,-11905,-369,-648,-10986,3993,-7544,-26,3687,1659,-11048,-6347,-7811,-12731,5076,-2103,-15767,2423,-3740,-749,4602,-1866,-4161,0.337243408,5.05376339,1.704348445,0.031370144
5,1601,-5168,-12033,1243,-507,-9923,3862,-9733,-1090,7435,3672,-8914,-7694,-8663,-12177,4856,-5158,-15189,3447,-4331,-804,4736,-2338,-4729,0.317693055,5.05376339,1.605545521,0.031377833
5,2448,-5439,-11540,3611,-687,-9902,3183,-10271,-2158,9067,4022,-7393,-7551,-9449,-11153,3411,-10145,-14488,4398,-5254,-804,4452,-2535,-6053,0.317693055,5.05376339,1.605545521,0.031385515
5,3070,-4504,-10872,6910,-1111,-10715,2910,-8649,-2951,9228,3731,-6917,-5586,-10401,-10407,1788,-14124,-13599,4972,-5514,-807,5030,-2786,-6789,0.312805474,5.05376339,1.580844879,0.031393055
5,3882,-1396,-10072,10764,-2098,-10791,2560,-5386,-3640,8085,3019,-6236,-2474,-11168,-9474,823,-16235,-12485,5150,-5479,-677,5725,-3118,-6678,0.317693055,5.05376339,1.605545521,0.031400714
5,4733,1713,-9400,12100,-2971,-10252,2206,-3414,-4096,6836,2599,-6291,867,-11840,-8424,118,-17012,-10875,4516,-5962,-311,6382,-2462,-5774,0.312805474,5.05376339,1.580844879,0.031408269
5,6064,5327,-7574,11879,-3737,-8291,1870,-3202,-4278,5885,1512,-6738,3043,-13055,-7102,-507,-17037,-8022,3264,-5739,222,9766,-1024,-6075,0.317693055,5.05376339,1.605545521,0.031415928
5,6922,6660,-5568,10618,-3719,-6407,1500,-2326,-4459,5766,1699,-6700,4915,-14056,-5578,500,-15597,-4833,1390,-5135,221,12171,408,-6669,0.322580636,5.05376339,1.630246162,0.031423718
5,7554,6531,-2871,9308,-3443,-3770,898,-2370,-4153,5324,1667,-6829,5552,-14632,-3060,2127,-13838,-1642,158,-3963,-172,11885,119,-5753,0.327468216,5.05376339,1.654946923,0.031431627
5,7612,5532,-1134,8740,-3181,-2035,248,-2317,-3858,5324,1897,-7224,5526,-14375,-409,3252,-12632,1103,-403,-3016,-881,11475,-736,-4089,0.317693055,5.05376339,1.605545521,0.031439297
5,7327,3803,776,8228,-3376,-339,-274,-2188,-3766,5400,2041,-7646,5341,-13552,1847,4112,-11505,3039,-176,-2274,-1461,10079,-2254,-2407,0.312805474,5.05376339,1.580844879,0.031446859
5,6893,2439,2106,7937,-4341,1199,-615,-1779,-3853,5498,1634,-7914,5194,-12789,3317,4228,-10534,5662,680,-1309,-2015,9400,-3758,-1816,0.317693055,5.05376339,1.605545521,0.031454518
5,6401,1238,3263,7507,-5364,2284,-744,-1652,-3707,5495,1147,-8343,5444,-11547,4978,5031,-9657,7569,1596,-651,-2509,8117,-4290,-1271,0.332355827,5.05376339,1.679647684,0.031462539
5,5801,-5,4458,7481,-5524,2805,-772,-1017,-3463,5108,258,-9202,6197,-9600,6087,5803,-8831,8910,2758,-373,-2723,7144,-4690,-1057,0.322580636,5.043988228,1.627092957,0.031470302
5,5371,-503,5049,7864,-5477,3251,-583,-689,-3416,4539,47,-9352,6746,-7280,6576,6207,-6730,10219,3404,-268,-2886,6746,-5393,-1353,0.312805474,5.043988228,1.577787161,0.031477839
5,4735,-806,5457,7646,-6352,4526,-297,-385,-3432,4208,68,-9502,6929,-5567,6761,6630,-4476,11603,3091,511,-2452,7005,-5887,-1356,0.312805474,5.043988228,1.577787161,0.031485386
5,4354,-693,5505,7512,-6223,5285,-146,36,-3482,4172,-119,-9525,6745,-3379,6663,6650,-2670,12091,1991,1280,-1886,6531,-6711,-1991,0.312805474,5.05376339,1.580844879,0.031492937
5,3459,-712,5896,6851,-6592,6605,313,377,-3489,4627,-214,-9322,6421,-1759,6124,6465,-1483,12229,1255,1849,-1300,5479,-6840,-2597,0.312805474,5.05376339,1.580844879,0.031500492
5,2714,-640,6278,7129,-6818,7103,697,814,-3510,4906,-434,-9347,6362,-588,5131,6012,-664,12187,2591,1141,-1612,4864,-6369,-2904,0.312805474,5.05376339,1.580844879,0.031508036
5,1893,-131,6700,6688,-6659,7348,1329,1363,-3346,5556,-590,-9519,6507,116,4284,5703,151,11940,5128,391,-2607,4196,-3015,-4105,0.322580636,5.043988228,1.627092957,0.031515803
5,725,827,7037,4988,-6400,7466,1794,2057,-2987,5605,-893,-9844,6838,1199,3437,5453,1274,11502,6061,61,-3513,4990,-122,-6806,0.312805474,5.05376339,1.580844879,0.031523347
5,-165,1414,7190,2843,-5996,7418,2264,2416,-2445,5731,-655,-9793,6908,2321,3139,5788,1916,10433,4163,1160,-3092,6390,764,-7400,0.317693055,5.043988228,1.60244,0.031530991
5,-1478,1453,7372,-1033,-4916,7521,2693,1811,-1787,6001,-216,-9826,6922,3561,3662,6283,3252,9477,2156,1937,-2523,7541,1558,-6569,0.312805474,5.043988228,1.577787161,0.031538516
5,-2648,659,7400,-4697,-4522,7712,2989,1861,-1572,6298,382,-9518,6760,4637,4847,7965,4657,7942,965,2378,-2057,7265,114,-2616,0.317693055,5.043988228,1.60244,0.031546164
5,-3810,-741,7272,-8394,-4363,6761,3186,2331,-1367,5545,1630,-8234,7657,7221,6680,9901,6760,5773,-33,1564,-2008,6358,10,-2031,0.317693055,5.05376339,1.605545521,0.031553831
5,-4126,-1593,6946,-10510,-3948,5945,2989,2377,-1393,4810,1813,-7788,9576,10485,7421,11620,10320,2614,-873,1167,-1463,7239,-1982,-3382,0.327468216,5.05376339,1.654946923,0.031561732
5,-4743,-1891,6066,-13827,-2878,4985,2452,2541,-1600,4327,1532,-6891,11496,13702,7171,16295,13572,-1415,-49,1124,-130,8654,-3457,-5587,0.317693055,5.05376339,1.605545521,0.031569436
5,-5547,-2986,5456,-12889,-1330,6401,2076,3116,-1814,4369,1108,-6626,10782,15806,3888,16882,20359,-7816,-112,2419,541,6476,-5208,-5437,0.317693055,5.05376339,1.605545521,0.031577107
5,-6853,-3772,4807,-9310,-265,8304,1818,4305,-1998,4185,728,-5737,7599,15869,-16,12153,21447,-8030,-1026,1812,815,3683,-6633,-4169,0.312805474,5.05376339,1.580844879,0.031584661
5,-8762,-2553,2807,-8884,1180,8320,1620,4547,-1831,4011,1024,-4985,5908,13480,-5219,9672,20598,-8443,-493,361,434,2896,-5103,-1494,0.307917893,5.05376339,1.556144118,0.03159209
5,-10041,-1798,1455,-9990,897,5308,1115,4255,-1446,4263,724,-4854,2333,11320,-8614,7858,18089,-7591,774,-731,-343,4654,-3718,-1544,0.322580636,5.05376339,1.630246162,0.031599872
5,-10556,-1823,-642,-12403,-1433,-985,1142,3877,-902,5279,-443,-6677,380,11147,-9642,7866,13025,-8477,1135,-224,-598,7135,-1169,-2261,0.317693055,5.05376339,1.605545521,0.031607524
5,-10242,-2760,-2001,-13406,-2671,-4436,1521,4171,-717,5885,-608,-8217,-1544,12814,-9716,7469,10282,-11364,1025,226,-673,7977,1000,-3431,0.317693055,5.05376339,1.605545521,0.03161519
5,-9360,-4933,-3288,-12232,-3739,-6750,1920,5410,-1148,4954,-305,-9258,-2903,14672,-10190,6523,8652,-15544,626,401,-852,8615,1017,-2869,0.317693055,5.05376339,1.605545521,0.031622853
5,-8580,-6279,-3834,-9971,-3556,-7039,2231,6005,-1772,2623,-89,-9283,-3628,14982,-11556,4054,7653,-18354,551,419,-900,8276,-825,-2545,0.332355827,5.05376339,1.679647684,0.031630892
5,-7877,-6592,-4549,-7783,-2331,-6028,2395,5092,-2418,-366,344,-8202,-4434,13440,-12498,345,8215,-20032,1221,346,-749,6582,-3897,-3293,0.332355827,5.043988228,1.676398873,0.031638965
5,-7408,-5990,-5393,-7012,-3276,-6515,2184,3324,-2475,-1440,694,-6745,-5376,9875,-12625,-1100,5960,-19318,1891,182,-519,5509,-6136,-3978,0.337243408,5.043988228,1.701051831,0.031647097
5,-6805,-4967,-6382,-7284,-3662,-6931,1967,460,-2090,-586,855,-5420,-4773,6242,-12167,-1409,3822,-19313,2351,-51,-670,4573,-6180,-3573,0.317693055,5.05376339,1.605545521,0.031654757
5,-5868,-3114,-7658,-7000,-3364,-7438,2115,-1348,-1683,1047,1045,-5329,-3139,2757,-11478,-2181,2720,-18674,4088,-780,-1022,4124,-4337,-3088,0.312805474,5.05376339,1.580844879,0.031662293
5,-4938,-1574,-8513,-6132,-3013,-7608,2371,-2769,-1328,2703,1422,-5851,-1567,-1094,-10824,-3067,1818,-17764,5070,-1657,-1669,4423,-1396,-3557,0.317693055,5.05376339,1.605545521,0.031669971
5,-3422,302,-9405,-4065,-3424,-8632,2439,-3919,-1189,4487,2087,-6723,156,-3529,-10560,-2583,1092,-15836,5200,-2550,-2066,4816,708,-5299,0.322580636,5.05376339,1.630246162,0.031677753
5,-1934,1393,-9705,-2170,-3803,-9695,2107,-3632,-1428,5231,1990,-7358,543,-5478,-10448,-1644,-199,-14532,4647,-2729,-2061,4648,1320,-6348,0.317693055,5.05376339,1.605545521,0.031685423
5,-131,1843,-9684,-305,-3878,-9408,2115,-3030,-1753,5785,2101,-6968,-490,-6890,-10331,-1922,-1215,-12662,3699,-3125,-1737,4054,484,-5752,0.312805474,5.05376339,1.580844879,0.031692982
5,973,1346,-9501,423,-3976,-8625,1929,-3223,-1824,5828,2198,-6576,-1626,-8347,-9672,-1951,-3260,-11602,3150,-3595,-1281,3356,-315,-5070,0.317693055,5.043988228,1.60244,0.031700626
5,1954,464,-9215,1167,-3994,-8430,1672,-3195,-1814,5078,1985,-6670,-2825,-9179,-8745,-1374,-6290,-9901,3394,-4180,-851,3158,-1362,-4870,0.322580636,5.05376339,1.630246162,0.031708427
5,3084,-727,-8440,3445,-3385,-8921,1446,-3223,-1873,4308,1691,-6852,-3477,-9557,-7477,-1060,-9115,-8989,4344,-5273,-156,4311,-1230,-6228,0.312805474,5.05376339,1.580844879,0.031715963
5,3772,-1076,-7793,6090,-3181,-8845,1429,-3571,-2125,3890,986,-7374,-3715,-9692,-6326,-1245,-11026,-7685,4824,-5409,593,6842,-1136,-7726,0.322580636,5.05376339,1.630246162,0.031723745
5,4583,-330,-6991,8957,-3827,-8425,1408,-3833,-2416,4087,917,-7346,-3180,-9769,-5412,-1857,-13915,-6818,4235,-4929,914,8420,-833,-8143,0.322580636,5.05376339,1.630246162,0.03173152
5,5168,767,-6130,10477,-4402,-7857,1330,-4037,-2619,4194,1058,-7113,-1493,-10036,-4867,-2459,-16120,-5437,2274,-4345,1025,9398,-1163,-6552,0.312805474,5.05376339,1.580844879,0.031739064
5,5998,2612,-4675,11350,-4644,-6695,1083,-4665,-2741,4820,1845,-7309,942,-10797,-3891,-2749,-17236,-4337,854,-4450,334,10632,-1716,-5338,0.312805474,5.043988228,1.577787161,0.031746604
5,6549,3808,-3363,11282,-4735,-5428,838,-4637,-2896,5033,2418,-7500,3513,-11793,-2661,-2079,-16402,-2547,-392,-4516,-415,11031,-1848,-3459,0.322580636,5.05376339,1.630246162,0.031754378
5,7030,4752,-1547,10235,-4551,-3653,228,-4117,-3179,5841,2577,-7773,4912,-12446,-1140,-564,-14284,-1134,-920,-4524,-1255,11135,-2380,-2832,0.312805474,5.05376339,1.580844879,0.031761926
5,7151,4584,-274,8939,-4293,-2077,-256,-3671,-3373,6386,2177,-7777,5841,-12579,276,1084,-11790,898,-811,-3073,-1613,11158,-2816,-2437,0.317693055,5.05376339,1.605545521,0.031769581
5,7101,3795,815,7515,-4250,-726,-704,-2873,-3591,6923,1359,-7830,5721,-12267,2428,2558,-9622,3074,-80,-1428,-1751,9835,-3927,-2229,0.312805474,5.05376339,1.580844879,0.031777132
5,6726,2031,2142,6631,-4757,795,-902,-2013,-3621,6681,822,-7963,5023,-11839,4373,3163,-8937,4756,1169,372,-2011,8273,-4712,-1842,0.322580636,5.05376339,1.630246162,0.031784914
5,6395,687,3068,6824,-5107,1148,-997,-766,-3526,5638,245,-8399,4983,-10851,5546,4141,-8659,5743,3043,804,-2272,5505,-5402,-1353,0.317693055,5.05376339,1.605545521,0.031792585
5,5878,-485,4186,7946,-5748,1428,-823,8,-3347,4718,152,-8587,5314,-9709,5876,4969,-8001,7736,4036,73,-2395,4285,-5976,-1356,0.327468216,5.05376339,1.654946923,0.031800486
5,5569,-683,4837,7980,-5292,1842,-633,402,-3194,3814,-216,-8649,5785,-7694,5996,5933,-6543,9414,4137,-617,-2476,5141,-6115,-2605,0.322580636,5.05376339,1.630246162,0.031808291
5,5144,-967,5272,7348,-5397,3066,-330,397,-3025,2854,-177,-8901,6072,-5089,6100,6562,-4694,10417,3359,110,-2520,5891,-5489,-3382,0.327468216,5.05376339,1.654946923,0.031816203
5,4788,-1006,5380,7170,-5038,4074,-138,0,-2986,2679,26,-8983,6180,-3200,5931,6143,-3829,10348,2968,775,-2469,5983,-4476,-3409,0.307917893,5.05376339,1.556144118,0.031823624
5,4199,-1032,5622,6930,-5431,5459,103,-490,-2986,3423,-87,-8982,6169,-2343,5428,5900,-2490,9940,3367,843,-2416,5563,-2657,-2793,0.317693055,5.05376339,1.605545521,0.031831291
5,3569,-714,5772,6758,-5952,6716,412,-579,-2982,3942,-250,-9178,6260,-1477,5293,5612,-1420,9651,4728,648,-2795,5343,-661,-3524,0.312805474,5.05376339,1.580844879,0.031838831
5,3068,-326,5952,5828,-5844,7340,655,-258,-3005,4403,-586,-9310,6305,-1107,4879,5787,-558,9451,4999,1279,-2784,6513,-198,-4984,0.317693055,5.05376339,1.605545521,0.031846497
5,2360,-201,6341,4843,-5592,8054,964,79,-3009,4548,-607,-9630,6465,-712,4426,6145,265,9424,3249,1746,-2359,7388,-271,-5573,0.317693055,5.05376339,1.605545521,0.03185416
5,1710,97,6551,4033,-5265,8551,1322,688,-3196,4515,-460,-9910,6732,-306,4127,6877,1282,9333,1373,2129,-2175,7568,-112,-4574,0.322580636,5.05376339,1.630246162,0.031861942
5,807,703,6717,1996,-4744,8762,1812,1634,-3332,4493,-86,-10030,7244,501,3969,8005,2733,9319,1022,2268,-2738,7314,-5,-3138,0.317693055,5.05376339,1.605545521,0.031869601
5,-41,952,6636,-873,-4146,8823,2119,2427,-3404,4419,-102,-9687,7465,2196,4276,9507,4825,9310,480,2214,-2412,6516,-188,-2247,0.312805474,5.05376339,1.580844879,0.031877153
5,-1380,203,6459,-5583,-3701,8802,2419,2913,-3140,3992,904,-8702,7370,4798,5264,11433,6492,8977,-659,1487,-1470,7545,-1626,-2351,0.317693055,5.05376339,1.605545521,0.03188483
5,-2492,-862,6308,-8068,-3244,9015,2393,3182,-2878,3529,1269,-8074,7684,7374,6419,12874,8657,7052,-540,1527,-244,11120,-3647,-4026,0.317693055,5.05376339,1.605545521,0.03189249
5,-3422,-1974,6170,-8661,-3457,8254,2153,3061,-2554,3260,1983,-7114,8530,10830,6529,13533,10888,4534,-1154,3111,342,8836,-4879,-5380,0.312805474,5.05376339,1.580844879,0.031900059
5,-4520,-2734,5916,-8224,-3418,7327,1823,2855,-2385,3634,2501,-7154,9183,13718,5227,13574,12509,1922,-1987,1970,560,5055,-5625,-4250,0.312805474,5.043988228,1.577787161,0.031907588
5,-5427,-2686,5606,-8598,-3424,6912,1554,3035,-2072,4052,2608,-7718,9542,15221,3047,13177,13149,-722,-1389,994,5,1925,-6846,-2524,0.312805474,5.043988228,1.577787161,0.031915121
5,-6822,-3012,5083,-9373,-2877,7537,1595,3184,-1685,4391,2762,-7585,8757,15498,251,12905,16002,-4262,-255,374,-399,3233,-5566,-800,0.312805474,5.05376339,1.580844879,0.031922672
5,-7969,-2892,4683,-8849,-1850,7873,1532,2973,-1265,4742,2804,-6981,6999,15377,-1858,11524,16016,-6269,1343,1075,-748,5405,-4797,-2445,0.317693055,5.043988228,1.60244,0.03193032
5,-9551,-1912,3446,-10088,62,7030,1209,2680,-798,5061,2391,-6354,5566,14336,-4090,10832,15739,-8436,2021,812,-871,7656,-672,-3402,0.312805474,5.05376339,1.580844879,0.031937856
5,-10422,-1648,2366,-11611,156,4665,1068,2882,-599,5729,1701,-6587,3576,13143,-5894,8847,15136,-9087,1586,339,-950,8209,-8,-3681,0.317693055,5.043988228,1.60244,0.031945508
5,-10712,-2180,1214,-12591,-984,1265,1261,3728,-611,6579,1326,-7572,1983,12513,-7364,7071,13764,-9759,1959,227,-1257,7444,-1333,-3673,0.312805474,5.05376339,1.580844879,0.031953055
5,-10383,-3440,-383,-13024,-3322,-3710,1442,4788,-772,6776,1226,-8400,-135,12633,-8058,6153,12313,-12050,2595,359,-1453,6418,-2812,-3889,0.322580636,5.043988228,1.627092957,0.031960815
5,-9746,-4468,-1509,-13277,-3991,-5855,1549,6749,-1326,5434,1027,-9608,-1633,13289,-8932,5166,10925,-15426,3502,254,-1469,5552,-2835,-3879,0.312805474,5.05376339,1.580844879,0.031968363
5,-8583,-5675,-2762,-11729,-4800,-7373,1552,7735,-1841,3596,605,-10140,-2016,13853,-10558,3953,9877,-18138,3761,101,-1145,5629,-1557,-3172,0.327468216,5.05376339,1.654946923,0.03197626
5,-7629,-5822,-3400,-9842,-4348,-7248,1648,7532,-2246,828,-183,-9640,-1457,12696,-12951,827,8906,-20366,3807,-121,-1000,6123,336,-2614,0.322580636,5.05376339,1.630246162,0.031984042
5,-7009,-4241,-4946,-8584,-4214,-6397,1775,6042,-2189,-939,-533,-8393,-2245,10051,-13614,-727,9008,-19659,3493,-690,-1106,6946,1601,-2737,0.322580636,5.043988228,1.627092957,0.031991813
5,-6461,-2789,-6350,-8664,-4809,-6082,1926,3670,-1868,-1790,-357,-7009,-3087,6301,-13028,-961,6471,-19177,2991,-927,-1202,7574,1772,-3798,0.312805474,5.05376339,1.580844879,0.031999361
5,-5512,-1528,-8078,-8316,-4244,-6084,2181,357,-1132,-1428,588,-5814,-2711,2814,-11752,-1765,4417,-17199,2498,-678,-991,7599,1764,-4507,0.312805474,5.043988228,1.577787161,0.032006882
5,-4566,-1039,-8945,-7394,-4128,-6886,2488,-1986,-497,-294,1462,-5680,-1801,-410,-10709,-2037,2024,-15540,1833,-397,-722,6892,1412,-4203,0.322580636,5.05376339,1.630246162,0.032014672
5,-3440,-777,-9384,-4968,-3839,-7713,2595,-4353,213,1708,1899,-7010,-362,-2286,-10362,-1504,446,-14654,1486,-325,-283,6104,417,-3344,0.317693055,5.05376339,1.605545521,0.032022327
5,-1911,273,-9665,-1751,-3054,-7570,2598,-5252,558,3488,2108,-7809,553,-4566,-10365,-1574,131,-12739,1418,-948,22,4749,-353,-2929,0.317693055,5.043988228,1.60244,0.032029979
5,-895,1093,-9828,-797,-2847,-7391,2096,-5783,461,5639,2106,-8080,389,-6733,-10178,-777,-752,-11742,1461,-1570,94,4686,-759,-2833,0.312805474,5.05376339,1.580844879,0.032037519
5,615,1401,-9673,887,-2863,-7770,1636,-5385,-88,6481,1828,-7967,16,-8071,-9957,-307,-2495,-11163,1794,-2638,-10,4523,-882,-3002,0.327468216,5.05376339,1.654946923,0.032045413
5,1797,1285,-9319,2365,-2906,-7731,1216,-4777,-1060,6340,1308,-6752,-973,-8948,-9521,-220,-4769,-9751,2058,-3637,-172,5072,-1318,-3266,0.312805474,5.05376339,1.580844879,0.032052968
5,3090,692,-8784,4288,-2796,-7634,1188,-4315,-1594,5386,1160,-6270,-2328,-9849,-8663,163,-7858,-8348,2794,-4003,-217,6145,-1954,-3607,0.332355827,5.05376339,1.679647684,0.032060988
5,3769,206,-8207,6553,-2834,-7458,1198,-3818,-1824,3862,1220,-6529,-3286,-10346,-7461,98,-10486,-7172,3733,-4357,-228,6462,-2687,-4431,0.307917893,5.05376339,1.556144118,0.032068416
5,4462,293,-7552,8998,-2967,-7132,1118,-3779,-1992,1971,1276,-6325,-3025,-10833,-6199,-339,-14368,-6666,4333,-4815,-471,5889,-2962,-5275,0.312805474,5.05376339,1.580844879,0.032075975
5,5400,1802,-6606,11532,-3619,-6502,1241,-4523,-2176,2334,1923,-6831,-825,-11305,-5412,-985,-17313,-5622,4793,-5044,-885,5240,-3744,-5686,0.317693055,5.05376339,1.605545521,0.032083642
5,6174,3746,-5393,12748,-3779,-5406,958,-4550,-2762,2901,2634,-6755,2686,-12391,-4536,-734,-17524,-4077,4758,-5612,-1292,5346,-3709,-5145,0.317693055,5.05376339,1.605545521,0.032091323
5,7047,6332,-3206,12731,-3770,-3352,585,-5096,-3090,3820,2995,-7109,5753,-13624,-3452,456,-16169,-2065,3636,-6309,-1136,7131,-2385,-4676,0.317693055,5.05376339,1.605545521,0.032098986
5,7497,7360,-1428,11621,-3593,-1615,-164,-4689,-3619,4963,2240,-7545,7460,-14600,-1746,2216,-14318,-482,2397,-5854,-810,10336,-845,-5594,0.322580636,5.05376339,1.630246162,0.032106761
5,7548,6795,892,9877,-3443,1137,-481,-3688,-3981,5762,1616,-7720,8906,-15264,-84,4069,-12008,2124,883,-4337,-568,11307,653,-6067,0.312805474,5.05376339,1.580844879,0.032114301
5,7082,5402,2294,8843,-3627,3206,-661,-2098,-4136,6267,992,-8407,9248,-15670,2717,7071,-9902,4320,55,-3360,-723,10650,582,-4959,0.322580636,5.05376339,1.630246162,0.032122079
5,6208,3481,3733,8144,-4029,4741,-826,-883,-4135,6013,613,-9078,8870,-14879,5359,9185,-8919,6866,414,-2999,-1113,9998,-1513,-3203,0.312805474,5.05376339,1.580844879,0.032129627
5,5441,2028,4654,7418,-4725,5039,-876,-14,-4180,4876,407,-9727,8364,-12581,7323,11930,-7572,9385,1308,-2783,-1835,9364,-2516,-1755,0.317693055,5.05376339,1.605545521,0.03213729
5,5099,127,5816,7025,-5514,5021,-756,949,-4423,3607,852,-10302,7900,-9401,7929,14260,-5335,13782,2237,-2263,-2498,9511,-3218,-1508,0.317693055,5.05376339,1.605545521,0.032144964
5,4724,-1388,6686,7276,-4362,5665,-752,1198,-4656,2997,1117,-10374,7229,-3730,7888,14878,-3057,16531,2742,-1757,-2873,9645,-3728,-1749,0.317693055,5.05376339,1.605545521,0.032152634
5,4086,-2318,7311,7559,-4549,7390,-413,1576,-4988,3624,1234,-10221,7098,1041,7088,14179,-2370,14953,3096,-943,-3076,8907,-4333,-1575,0.312805474,5.05376339,1.580844879,0.032160189
5,2888,-2039,7802,7067,-5011,10425,-104,1424,-5066,4300,1089,-9567,8404,3548,6528,12617,-1910,12851,3119,-38,-3019,7916,-5051,-1403,0.322580636,5.05376339,1.630246162,0.032167982
5,1643,-1368,8077,5813,-5351,11341,176,1189,-4731,5876,375,-9108,9457,4582,6440,11715,394,11051,2904,700,-2726,6160,-6145,-790,0.312805474,5.043988228,1.577787161,0.032175519
5,43,-607,7935,1920,-5051,10664,547,1517,-4184,6905,-376,-8929,10186,5913,6596,11523,4180,9642,2617,955,-2269,4652,-6712,-1474,0.317693055,5.05376339,1.605545521,0.032183185
5,-1173,-686,7649,-2062,-4551,9682,1235,2530,-3412,7393,-256,-7910,9913,7867,7084,11798,7492,7390,2939,550,-1983,4299,-6904,-2594,0.317693055,5.043988228,1.60244,0.032190844
5,-2788,-1938,7157,-7647,-4198,7890,1405,2597,-3014,7197,95,-7277,9547,10269,7640,12621,9293,4912,3398,245,-2210,3991,-5481,-4665,0.312805474,5.05376339,1.580844879,0.032198377
5,-3795,-3038,6814,-9719,-4272,6304,1237,2643,-2780,6169,117,-7042,9944,12507,7471,14232,10520,213,4381,-60,-2529,4464,-1744,-7216,0.312805474,5.043988228,1.577787161,0.032205909
5,-4351,-3355,6398,-9649,-3817,4941,1164,3240,-2662,4563,134,-6938,12352,15722,6104,15090,10695,-5219,4669,822,-2996,5171,1101,-8175,0.312805474,5.05376339,1.580844879,0.032213449
5,-5072,-2486,5353,-9294,-2716,5017,1188,3942,-2649,3479,593,-6742,14681,17586,2486,15544,12582,-11469,4625,1712,-2917,6058,645,-6443,0.312805474,5.05376339,1.580844879,0.032220986
5,-6101,-2386,5041,-8205,-382,6596,1266,4887,-2636,2818,1608,-6430,13247,16821,-2569,11336,16129,-14489,2810,2532,-2570,7660,7,-4502,0.312805474,5.043988228,1.577787161,0.032228515
5,-7771,-2817,3943,-8604,209,7127,1306,5006,-2483,2446,2422,-5852,10344,14498,-7690,5180,18662,-14265,1382,1904,-2258,6887,349,-3256,0.317693055,5.043988228,1.60244,0.03223617
5,-8714,-2985,2152,-9551,-1654,5707,1176,4237,-2078,2533,3053,-5789,5300,10296,-9746,1428,19052,-10156,98,1258,-1786,7160,-843,-3647,0.312805474,5.05376339,1.580844879,0.032243714
5,-9468,-4036,-3,-10917,-5097,1687,971,3525,-1887,3452,2485,-6511,-67,7744,-9435,2868,15514,-9218,-374,572,-965,8458,-2345,-5043,0.317693055,5.05376339,1.605545521,0.032251373
5,-9534,-5473,-960,-11874,-5663,-1604,1079,2684,-2029,5826,1162,-8474,-3968,8188,-8529,4201,12406,-9442,-229,1560,-51,8600,-2521,-4686,0.317693055,5.05376339,1.605545521,0.032259036
5,-9329,-7408,-1476,-11756,-5762,-4829,1456,2759,-2335,7678,427,-9614,-6080,9248,-8599,4627,9786,-11392,-176,1950,-99,4954,-4160,-3926,0.322580636,5.05376339,1.630246162,0.032266814
5,-8866,-9727,-1779,-10728,-5983,-7653,2049,3380,-2649,8155,442,-9798,-7900,10788,-9359,4516,8711,-15118,-417,902,8,3323,-3438,-2498,0.317693055,5.05376339,1.605545521,0.032274481
5,-8318,-10568,-1923,-9360,-6201,-8946,2743,4203,-2927,6104,1151,-9229,-7870,12034,-11063,3905,6630,-19861,-1272,403,-22,4772,-3976,-1061,0.312805474,5.05376339,1.580844879,0.032282051
5,-7581,-9660,-2361,-9181,-6016,-8436,2809,4764,-2880,4205,2261,-8766,-6262,11958,-12217,1948,4303,-23012,-565,534,-400,7277,-4587,-2010,0.317693055,5.05376339,1.605545521,0.03228971
5,-6947,-7973,-3286,-9093,-6805,-8619,2395,5560,-2499,2203,3451,-7775,-5431,10412,-12616,-2152,4877,-23469,2133,445,-816,9217,-2264,-3051,0.312805474,5.043988228,1.577787161,0.032297242
5,-5500,-5343,-4597,-6932,-6525,-8858,2235,5437,-2018,1078,3972,-6866,-4517,6631,-12836,-4546,4048,-23520,2715,311,-1392,8504,-2147,-3770,0.317693055,5.05376339,1.605545521,0.032304924
5,-4473,-2954,-5745,-6595,-6897,-9216,2155,3563,-1229,284,4487,-5917,-3586,2058,-12852,-5339,2197,-22057,2609,231,-1931,7800,-2541,-3337,0.317693055,5.05376339,1.605545521,0.032312583
5,-3254,-715,-6989,-7712,-6906,-8503,2118,1085,-601,633,4438,-5730,-3000,-2028,-10830,-4613,370,-19915,3068,559,-2212,6806,-2589,-2596,0.322580636,5.05376339,1.630246162,0.032320373
5,-2101,-401,-7417,-6919,-6408,-8127,2046,-2403,13,2142,4226,-6078,-2311,-5155,-8094,-4886,-2226,-18058,3845,387,-2217,6366,-1986,-2775,0.317693055,5.05376339,1.605545521,0.032328028
5,-714,-336,-7534,-4415,-5784,-8133,1727,-4309,129,3768,3982,-6458,-667,-7078,-6685,-5393,-3007,-14809,4173,81,-2004,7201,-636,-2966,0.317693055,5.05376339,1.605545521,0.032335702
5,982,411,-7135,-248,-5618,-8066,1214,-5009,-58,5274,3203,-6750,125,-9284,-6148,-4917,-2448,-11954,4034,450,-1750,8176,1226,-2697,0.312805474,5.05376339,1.580844879,0.032343253
5,2028,1122,-6678,1637,-5690,-7734,946,-4502,-436,6453,2012,-6923,-824,-10495,-6034,-3984,-2373,-9006,3253,1097,-1330,7984,2192,-2562,0.322580636,5.05376339,1.630246162,0.032351039
5,3165,1123,-5949,2889,-5968,-7399,975,-3945,-506,6229,1689,-6517,-2152,-10882,-5817,-3577,-4219,-7002,2475,972,-934,6368,2138,-3853,0.317693055,5.043988228,1.60244,0.032358706
5,3890,758,-5552,4529,-6034,-6784,1229,-3113,-337,4804,1613,-6127,-3458,-10838,-5404,-3570,-7002,-5077,1393,472,-540,4777,2323,-5459,0.307917893,5.05376339,1.556144118,0.032366134
5,4263,697,-4879,6038,-6145,-5453,1677,-2597,-305,3642,2177,-6787,-3463,-10774,-4513,-3685,-10192,-3448,648,-6,6,3936,1311,-4875,0.317693055,5.043988228,1.60244,0.032373786
5,4569,1315,-4450,7932,-6260,-4486,1833,-2798,-559,2867,2779,-7509,-1802,-10773,-3418,-3454,-12326,-1867,565,-917,260,3610,488,-3698,0.317693055,5.043988228,1.60244,0.032381449
5,5044,2775,-3782,9888,-6273,-3917,1661,-3395,-790,3095,2937,-7873,319,-10946,-2797,-3168,-13674,-840,555,-1540,221,4425,-553,-2709,0.312805474,5.05376339,1.580844879,0.032388993
5,5726,5278,-2392,10208,-5845,-2649,1250,-3565,-1253,3647,2668,-7780,3010,-11344,-2352,-2430,-12600,899,1082,-2384,53,4567,-810,-2680,0.312805474,5.043988228,1.577787161,0.032396521
5,6018,6407,-1176,9135,-5833,-1154,1104,-3447,-1580,3947,2726,-7681,5053,-12060,-1363,-914,-10947,2404,1595,-3442,58,4774,-948,-2992,0.312805474,5.043988228,1.577787161,0.03240405
5,6181,6333,524,6816,-5656,893,901,-3159,-1909,4583,2612,-7515,6385,-12463,374,600,-9429,4253,2247,-3931,116,4952,-1603,-3352,0.317693055,5.043988228,1.60244,0.032411702
5,6075,5250,1620,4758,-5225,2116,745,-2338,-2336,5145,1460,-7255,6814,-12228,2790,2856,-7283,5344,3019,-4644,330,4728,-2285,-3885,0.312805474,5.05376339,1.580844879,0.032419246
5,5572,2960,2887,3258,-4708,3281,813,-1595,-2586,5222,720,-7174,6716,-11507,4640,4737,-5378,6677,3621,-5579,483,4554,-2875,-4808,0.312805474,5.043988228,1.577787161,0.032426775
5,5063,1210,3614,2947,-4820,3622,1154,-625,-2718,5119,751,-7450,6052,-9866,6667,6182,-3857,8185,4208,-6277,564,5244,-3366,-6409,0.307917893,5.043988228,1.553134203,0.032434188
5,4491,-992,4361,3210,-5551,4151,1347,233,-2692,5028,1307,-7683,5162,-7712,7884,6921,-2595,10198,4066,-6510,756,6959,-3166,-7327,0.317693055,5.05376339,1.605545521,0.032441854
5,4265,-2216,4835,3220,-5758,4443,1212,1047,-2769,4720,1266,-7920,4456,-5085,8360,7640,-951,11349,2798,-6065,1318,8602,-1867,-7086,0.312805474,5.05376339,1.580844879,0.032449394
5,3936,-3094,5268,3313,-5057,4944,1131,1353,-2961,4387,1089,-8190,3747,-2970,8162,7804,276,11862,611,-5080,1765,11077,234,-6554,0.312805474,5.05376339,1.580844879,0.032456957
5,3263,-3773,5655,4195,-5194,6165,1135,1583,-3202,4130,294,-8416,3872,-776,7249,7695,906,11343,-2166,-3347,1924,12271,332,-6365,0.312805474,5.043988228,1.577787161,0.032464497
5,2600,-3415,5745,4517,-5031,7389,1195,751,-3298,4300,-2,-8727,4442,519,6339,7425,1647,10263,-3368,-2189,1433,11679,1,-5470,0.317693055,5.05376339,1.605545521,0.032472201
5,1380,-2128,5710,2798,-4585,8927,1246,173,-3314,4831,31,-8952,4904,1319,5882,7458,2529,9594,-3194,-1819,675,11092,-1792,-3786,0.317693055,5.05376339,1.605545521,0.032479856
5,485,-1800,5821,647,-4893,8897,1361,335,-3006,5346,719,-8511,5067,1799,5965,7407,3848,9164,-2137,-1342,-524,9728,-4037,-1960,0.322580636,5.05376339,1.630246162,0.032487638
5,-596,-2084,6223,-1591,-5483,8343,1305,395,-2564,5163,1475,-7963,5224,2823,6049,7278,5158,9028,-309,-940,-1710,8522,-5331,-1355,0.337243408,5.05376339,1.704348445,0.032495771
5,-1183,-2282,6492,-2516,-5233,7511,996,568,-2083,4710,1635,-8097,5635,4465,6015,7587,6244,8026,1229,-758,-2327,6640,-6325,-1339,0.317693055,5.05376339,1.605545521,0.032503426
5,-1774,-2160,6425,-3997,-4648,7021,831,1220,-1911,4434,1185,-8460,6575,6475,6018,8174,7223,6766,2863,-914,-2716,4860,-6259,-1241,0.317693055,5.05376339,1.605545521,0.032511089
5,-2630,-2002,5927,-5995,-4354,6598,900,2285,-1946,4513,533,-8210,7437,7984,5783,8704,8736,4725,3454,-1451,-2715,4235,-6018,-1524,0.317693055,5.05376339,1.605545521,0.032518737
5,-3267,-2164,5493,-6560,-4361,6038,955,2553,-2038,4611,92,-7191,8380,9842,5184,8698,10015,2734,3347,-1319,-2482,4761,-5637,-2728,0.322580636,5.043988228,1.627092957,0.032526512
5,-4135,-2294,4950,-6289,-4035,5538,913,2433,-2105,4706,-125,-6154,8775,11245,3883,8770,10828,804,3093,-25,-2228,5974,-4933,-3563,0.307917893,5.05376339,1.556144118,0.032533932
5,-4890,-2359,4480,-6605,-3813,5211,689,2495,-2082,4698,-256,-5410,8408,12313,2399,8421,11483,-327,2844,1620,-1966,6353,-4538,-3811,0.322580636,5.05376339,1.630246162,0.032541707
5,-6028,-3472,4215,-6757,-3439,4695,593,2843,-1893,4979,-487,-5477,6956,12640,452,6947,13973,-1446,3222,2273,-1884,5982,-4047,-3933,0.312805474,5.05376339,1.580844879,0.032549255
5,-6816,-4576,3896,-6350,-3143,4265,549,3168,-1436,5695,-779,-5730,3219,12526,-816,6136,14334,-2886,3922,1680,-1972,3775,-2487,-4947,0.317693055,5.05376339,1.605545521,0.032556914
5,-7738,-5554,3296,-5965,-3000,3423,609,3425,-1097,6182,-941,-6481,214,12247,-1876,4900,12229,-3462,4847,-191,-2676,3429,-707,-6467,0.312805474,5.05376339,1.580844879,0.032564454
5,-8297,-5537,2747,-6012,-3377,2505,722,3731,-918,6091,-1180,-7307,-901,11650,-2304,4419,10296,-4218,3916,49,-3151,6099,786,-6675,0.317693055,5.05376339,1.605545521,0.032572113
5,-8632,-5005,2107,-6944,-3693,1331,761,3915,-1062,5479,-1270,-7704,-540,11501,-2608,3915,8593,-5462,1675,1677,-2926,7680,297,-6951,0.317693055,5.05376339,1.605545521,0.03257978
5,-8767,-4376,1325,-8366,-4288,198,930,4118,-1393,4428,-1244,-8508,335,11487,-2848,3483,9124,-6819,1187,3145,-2327,8368,-661,-3764,0.317693055,5.043988228,1.60244,0.032587428
5,-8640,-4260,661,-9415,-4543,-883,1295,4455,-1629,3615,-889,-8837,660,11494,-3232,3072,10479,-8415,888,2985,-1985,5822,-2307,-4121,0.312805474,5.043988228,1.577787161,0.032594968
5,-8396,-4717,-427,-10781,-4983,-2752,1713,4726,-1818,2848,-281,-8886,275,11616,-3872,2587,12016,-9822,123,1542,-1750,4874,-2844,-6303,0.317693055,5.05376339,1.605545521,0.032602619
5,-8063,-5526,-1322,-10996,-5544,-4108,1905,4313,-1964,2126,228,-8226,-686,11669,-5274,1446,14046,-12595,35,1272,-1414,3266,-3560,-6156,0.312805474,5.05376339,1.580844879,0.032610174
5,-7399,-6135,-2502,-9960,-5347,-5514,1822,3226,-1959,2060,12,-7715,-2070,11179,-7108,-242,14171,-15263,1102,208,-874,5995,-4590,-5520,0.312805474,5.05376339,1.580844879,0.032617722
5,-6968,-6145,-3421,-9441,-5249,-6393,1699,1323,-1890,2805,-564,-7430,-2500,9788,-10030,-948,12212,-16783,2709,513,-963,6369,-5934,-4830,0.317693055,5.043988228,1.60244,0.032625366
5,-6587,-5423,-4521,-8688,-5237,-6755,1792,239,-1818,3663,-704,-7344,-1598,8219,-12404,-605,9251,-17627,1435,420,-569,4165,-6013,-5067,0.312805474,5.05376339,1.580844879,0.03263291
5,-6132,-3190,-5961,-7374,-5033,-6651,2282,-839,-1600,4474,-568,-7562,-843,7050,-13730,-1027,6976,-16257,816,-899,-197,4063,-4692,-3408,0.327468216,5.05376339,1.654946923,0.032640804
5,-5782,-1339,-7089,-7134,-4558,-6350,2753,-1267,-1355,4760,266,-7766,-1477,4638,-13499,-1038,5672,-14702,1482,-1302,-517,5486,-3305,-2269,0.312805474,5.05376339,1.580844879,0.032648344
5,-5145,-546,-8220,-6277,-4383,-6979,3080,-1241,-1052,4739,1899,-7574,-2554,2753,-12798,-1004,3052,-14378,1976,-1184,-848,5762,-5297,-4093,0.312805474,5.05376339,1.580844879,0.032655876
5,-4241,-484,-8841,-4582,-4062,-7441,2984,-1320,-953,4440,3272,-6395,-2704,984,-12391,-1517,1343,-14575,1821,-435,-850,8067,-618,-3294,0.317693055,5.043988228,1.60244,0.032663532
5,-2823,-37,-9187,-1145,-4061,-7166,2642,-1706,-1036,4111,4115,-5855,-2626,-1496,-12323,-3094,-498,-13953,1920,162,-1320,9840,1280,-3397,0.327468216,5.043988228,1.651745796,0.032671414
5,-1752,725,-9363,543,-4444,-6450,2259,-2256,-1301,3497,4389,-6451,-2468,-3934,-12069,-4110,-2843,-12674,2014,681,-1599,10272,1160,-3198,0.312805474,5.05376339,1.580844879,0.032678973
5,-293,1524,-9307,1969,-4907,-5758,1909,-2748,-1425,2872,4530,-6782,-1968,-7007,-11072,-3951,-5382,-10721,1272,668,-1408,9018,-385,-2603,0.317693055,5.043988228,1.60244,0.032686617
5,991,1948,-8863,3854,-5334,-5859,1319,-3863,-1647,2642,4285,-6824,-1478,-9046,-9663,-3138,-6993,-8826,740,672,-1165,7306,-4189,-3339,0.307917893,5.05376339,1.556144118,0.032694045
5,2298,2503,-8133,5755,-5712,-6167,1158,-4588,-1972,2931,4226,-7057,-1005,-10113,-8503,-2909,-9966,-7614,1176,658,-990,5401,-6274,-2754,0.317693055,5.05376339,1.605545521,0.032701701
5,3875,3307,-6718,7458,-5799,-6086,785,-4898,-2367,3158,4195,-6994,281,-10890,-7720,-3331,-12377,-5486,2282,254,-976,4290,-6265,-1851,0.317693055,5.05376339,1.605545521,0.03270936
5,4697,4118,-5494,8691,-6099,-5199,509,-4942,-2630,3653,3657,-7199,2380,-11623,-6345,-3454,-13167,-3181,4164,-142,-1374,5585,-3038,-2111,0.327468216,5.05376339,1.654946923,0.032717288
5,5397,5394,-3848,9826,-6395,-2981,449,-4408,-3059,3986,3001,-7389,4270,-12417,-4738,-3189,-12881,-772,5072,-453,-1899,7062,100,-3380,0.317693055,5.05376339,1.605545521,0.032724965
5,5680,6030,-2714,10086,-6428,-952,467,-3774,-3305,4233,2637,-7646,5305,-13525,-3077,-2323,-11669,785,4916,-541,-2093,8056,1830,-3816,0.317693055,5.05376339,1.605545521,0.032732651
5,5904,6197,-1400,9162,-6554,1153,443,-3082,-3444,4551,2332,-7858,6138,-14248,-1631,-207,-9968,2680,3974,-297,-1956,8439,2952,-3838,0.317693055,5.05376339,1.605545521,0.032740306
5,5951,5531,-289,7603,-6650,2424,556,-2025,-3721,4194,2568,-8010,6390,-14751,596,2133,-8649,4650,2569,147,-1414,8045,2880,-3726,0.317693055,5.05376339,1.605545521,0.032747976
5,5917,4385,785,6414,-7018,3569,916,-1087,-4060,3581,3445,-8101,6356,-14581,2887,3760,-7768,6458,1440,569,-790,6994,1842,-3642,0.307917893,5.05376339,1.556144118,0.032755397
5,5645,2496,2343,4670,-7062,4534,1177,167,-4528,2745,4476,-8682,6394,-13585,5014,6106,-6882,7765,1030,548,-399,6007,-78,-3305,0.317693055,5.05376339,1.605545521,0.032763053
5,5460,1018,3380,3582,-6465,4379,1196,979,-4757,1998,4910,-8984,6373,-11885,6391,8768,-5131,10083,1118,213,-275,5246,-1492,-3133,0.322580636,5.05376339,1.630246162,0.032770839
5,5515,-1247,4528,2763,-5546,4452,1177,1448,-5009,1139,4437,-9222,5840,-8227,7756,10703,-2848,12595,1563,-578,-443,4558,-2098,-3179,0.327468216,5.05376339,1.654946923,0.03277874
5,5422,-2869,5216,3148,-4876,4872,1348,1240,-5254,804,4321,-9357,4870,-3816,8358,10936,-1341,13427,1896,-1235,-640,4302,-2142,-3206,0.317693055,5.05376339,1.605545521,0.032786399
5,4940,-4151,5774,4533,-5136,6896,1541,404,-5675,1083,4565,-9140,4498,-756,8239,9960,-780,12302,2403,-1954,-832,3760,-1884,-2942,0.312805474,5.05376339,1.580844879,0.032793954
5,4307,-3857,6174,5405,-5089,9081,1490,-12,-5960,2067,4547,-9302,5215,275,7857,9456,-207,10616,3367,-2883,-892,3736,-1644,-2909,0.322580636,5.05376339,1.630246162,0.032801729
5,3016,-2367,6643,4711,-5722,11316,1612,318,-5778,3639,3938,-9871,6460,425,7429,9739,2127,10616,4122,-3849,-779,3936,-1655,-3666,0.312805474,5.05376339,1.580844879,0.032809276
5,1903,-1276,6630,1487,-5597,11564,1897,339,-5011,5501,3295,-9202,6588,986,7655,11062,4796,11638,4768,-4936,-482,4482,-1729,-5047,0.312805474,5.05376339,1.580844879,0.032816835
5,610,-1968,6680,-3048,-5723,11290,1883,-418,-4597,6935,2515,-7650,5738,3149,8315,12588,6846,12613,4935,-5664,-268,4706,-1838,-6318,0.322580636,5.043988228,1.627092957,0.032824598
5,-923,-4800,7256,-7039,-6092,10357,2092,65,-4427,8155,1743,-6808,5193,5228,9688,13750,8606,12204,4916,-5605,-154,5564,-2334,-7733,0.371456504,5.05376339,1.877253294,0.032833572
5,-1956,-6640,7624,-7307,-5960,9227,2227,1823,-4259,8538,1672,-6930,4968,8491,10243,14651,9540,9456,4021,-5327,152,6786,-1391,-7058,0.322580636,5.05376339,1.630246162,0.032841362
5,-3085,-7734,7512,-7022,-5364,7677,2455,4500,-3763,8187,1589,-7031,6333,11889,10386,14777,11008,6252,2090,-5264,976,8382,-131,-6274,0.327468216,5.043988228,1.651745796,0.032849241
5,-4009,-7911,7274,-6710,-4665,6523,2511,5302,-3155,8086,1798,-6893,7054,14347,9146,15045,12610,3694,-35,-4937,1583,10925,775,-6063,0.312805474,5.05376339,1.580844879,0.0328568
5,-5441,-7282,7022,-6993,-3451,5355,2263,5351,-2568,7979,1560,-6833,7156,15914,6835,15427,14284,-573,-2554,-3776,1602,12243,589,-5826,0.312805474,5.05376339,1.580844879,0.032864366
5,-6682,-6825,6916,-7327,-2270,5637,1881,5164,-2205,7587,1322,-6900,6308,17070,4633,14283,14793,-4857,-3394,-2336,886,11944,-950,-4835,0.312805474,5.05376339,1.580844879,0.032871921
5,-7919,-6010,6456,-7881,-1093,5366,1499,4925,-1826,6919,1013,-6663,5674,17067,2111,13628,13550,-7844,-2600,-1404,-511,10665,-3706,-3430,0.322580636,5.043988228,1.627092957,0.032879695
5,-9215,-4441,5220,-11013,-494,3066,1112,4621,-1419,6477,652,-6874,6399,17150,463,12222,12448,-10069,-431,-477,-1753,8565,-5955,-2194,0.317693055,5.05376339,1.605545521,0.032887354
5,-9622,-3789,3996,-12740,-1097,281,892,4875,-1327,6172,375,-7428,7175,17279,-1443,10328,11631,-12247,1978,-306,-2946,7158,-7004,-2100,0.322580636,5.043988228,1.627092957,0.032895122
5,-9264,-3815,2450,-12414,-2265,-3077,658,5518,-1405,5459,-34,-7960,7263,17257,-3233,8358,11490,-15453,3168,-543,-3419,5608,-7058,-2048,0.307917893,5.05376339,1.556144118,0.032902561
5,-9198,-3983,1316,-11968,-3293,-3644,786,6011,-1562,4249,-443,-8213,5977,16402,-5615,6426,12447,-16922,3852,-1082,-3431,4207,-6727,-2279,0.317693055,5.05376339,1.605545521,0.03291022
5,-9045,-4862,-18,-10992,-3432,-5289,1231,5702,-1555,2163,-361,-7479,3705,14333,-7851,4585,12052,-17467,3863,-1357,-3278,3925,-6219,-2635,0.312805474,5.043988228,1.577787161,0.032917771
5,-8696,-5200,-1084,-10426,-3160,-6387,1284,4526,-1299,1235,-188,-6311,2434,13133,-9861,4043,9887,-18323,3929,-751,-3053,5328,-5151,-2624,0.317693055,5.043988228,1.60244,0.032925438
5,-7976,-4808,-2786,-9550,-4112,-7647,1066,2435,-901,968,-284,-5276,1345,11337,-10787,4096,7068,-17999,4099,170,-2878,6743,-4733,-2482,0.317693055,5.05376339,1.605545521,0.032933097
5,-7283,-4319,-3931,-8794,-4171,-8274,1070,1126,-886,1267,-717,-5859,147,10180,-11451,3414,5532,-17150,3969,1615,-2416,7232,-4129,-3319,0.322580636,5.05376339,1.630246162,0.032940876
5,-6728,-3856,-4960,-7797,-4694,-8550,1477,325,-1026,1824,-912,-6694,-1779,8975,-10907,3292,4551,-16866,4040,1260,-2266,5482,-2845,-4715,0.322580636,5.05376339,1.630246162,0.032948654
5,-5864,-4187,-5871,-6021,-4154,-7876,1963,-1044,-1023,3256,-249,-6863,-3155,7511,-10253,1933,3143,-16340,5208,337,-2744,4251,-973,-6162,0.317693055,5.05376339,1.605545521,0.032956317
5,-5227,-4860,-6491,-4926,-3681,-7475,1973,-2011,-935,4172,225,-6433,-4286,5811,-9989,167,1685,-14986,4654,-283,-3559,4311,748,-6929,0.312805474,5.05376339,1.580844879,0.032963861
5,-4265,-5395,-7131,-3191,-3210,-7220,1786,-2571,-1091,4793,614,-5948,-3708,2846,-10100,-931,177,-13947,3422,713,-3621,6561,339,-6290,0.317693055,5.05376339,1.605545521,0.032971527
5,-3495,-5187,-7441,-1287,-3579,-7356,1818,-2299,-1504,4718,759,-5718,-2593,250,-10673,-1138,-350,-13694,2803,1927,-3090,7749,-33,-4082,0.317693055,5.05376339,1.605545521,0.032979194
5,-2406,-4265,-7765,647,-4243,-8465,2077,-1757,-2173,4136,1131,-6328,-2239,-1723,-11274,-1254,-784,-13362,2371,2228,-2462,6262,-1332,-2871,0.317693055,5.05376339,1.605545521,0.032986857
5,-1483,-3637,-7875,1942,-4504,-8834,2321,-1426,-2632,3507,1328,-7044,-2639,-2958,-11662,-1544,-2049,-13563,2076,1089,-2245,5019,-1795,-2836,0.317693055,5.043988228,1.60244,0.032994512
5,-107,-3145,-7945,3195,-5428,-9836,2488,-1347,-2988,2695,1456,-7674,-3481,-4401,-11597,-1984,-4774,-13801,1699,1193,-1796,5551,-2691,-3800,0.317693055,5.05376339,1.605545521,0.033002164
5,1081,-3096,-7693,4503,-5771,-10076,2465,-1823,-3299,2269,1868,-7762,-4424,-5400,-10708,-2757,-7276,-14692,1502,809,-814,6022,-2065,-6106,0.327468216,5.05376339,1.654946923,0.033010069
5,2232,-2790,-7194,5980,-6769,-9859,2506,-2421,-3676,2012,2562,-8079,-4443,-7031,-8811,-5381,-11715,-15079,1875,815,-469,8767,-2859,-5518,0.342130989,5.05376339,1.729049087,0.033018336
5,4100,-1517,-6392,7702,-8048,-8920,2485,-3391,-4059,1932,4937,-8087,-2976,-8658,-6853,-7773,-14675,-14218,521,944,-291,6558,-4202,-3044,0.327468216,5.05376339,1.654946923,0.033026252
5,5561,302,-5438,9453,-8634,-7468,2296,-3706,-4144,2167,6402,-8472,-356,-11089,-4395,-9148,-14810,-11700,-1742,64,11,5395,-4710,-1065,0.322580636,5.05376339,1.630246162,0.033034038
5,7189,3275,-3782,10830,-8861,-4255,1946,-3779,-4347,3130,7167,-9186,2000,-14183,-3049,-8945,-13302,-7913,-1090,8,-625,6265,-2620,-159,0.317693055,5.05376339,1.605545521,0.033041697
5,8000,5055,-2315,10579,-8655,-2126,1453,-3599,-4421,4622,6882,-9559,3361,-16825,-2125,-6462,-11168,-5393,1215,49,-947,9139,-539,-2442,0.312805474,5.05376339,1.580844879,0.033049259
5,8526,6216,-371,9047,-7918,137,727,-2653,-4521,6211,5216,-9528,4746,-18189,-1289,-2962,-9518,-2633,1517,610,-788,9835,138,-4147,0.307917893,5.043988228,1.553134203,0.033056673
5,8543,6484,959,8101,-7187,1896,635,-1628,-4768,6156,3672,-9298,6287,-19225,239,82,-8684,-239,959,763,-861,7921,-1623,-3446,0.317693055,5.043988228,1.60244,0.033064343
5,8088,6545,2134,7145,-6758,4098,1039,-839,-5203,5792,2871,-9219,8582,-19994,2119,2287,-7092,1928,1584,551,-1318,6387,-3896,-2335,0.312805474,5.05376339,1.580844879,0.033071902
5,6636,6636,3644,6298,-6908,5940,1541,-75,-5707,5650,2421,-9400,11342,-20407,4120,6287,-5928,3076,3198,172,-1749,6373,-3521,-2552,0.312805474,5.05376339,1.580844879,0.033079438
5,5448,7112,4821,4097,-7487,6089,2011,989,-5654,6123,2589,-9642,13664,-19772,6163,11068,-2881,3276,3920,77,-1822,6689,-2733,-2947,0.312805474,5.05376339,1.580844879,0.033086982
5,4306,6802,6113,-3085,-5820,6703,2563,1616,-4955,5218,2734,-9291,15400,-16785,7950,16921,4039,7002,3780,138,-1526,6704,-931,-2412,0.317693055,5.05376339,1.605545521,0.033094641
5,3941,3379,6662,-9978,-3811,6049,2812,1882,-4377,3754,2600,-8231,10715,-8476,10190,22537,15028,16557,3065,539,-1095,7093,242,-1970,0.312805474,5.043988228,1.577787161,0.033102181
5,3017,-4506,7118,-12565,-884,5845,3004,1455,-3816,2307,2909,-6639,2777,1493,11097,23164,17418,16185,2446,729,-919,7034,404,-2037,0.312805474,5.043988228,1.577787161,0.03310971
5,1259,-8180,7085,-7966,-560,8791,2916,1004,-3494,2000,3292,-6261,1234,7927,11094,20479,12686,9551,2445,401,-876,6635,797,-3515,0.317693055,5.05376339,1.605545521,0.033117384
5,-976,-7810,6386,-4424,-3254,12337,2795,1456,-2935,1623,3620,-6535,3289,11029,9795,17437,11325,6978,2279,280,-704,5324,923,-4912,0.307917893,5.05376339,1.556144118,0.033124808
5,-2153,-6547,6094,-4209,-3332,12819,2475,1486,-2235,2665,3650,-6168,5874,11345,6815,15804,12168,5259,2008,-267,-536,4182,904,-5080,0.312805474,5.043988228,1.577787161,0.033132337
5,-3351,-5771,5993,-4940,-3110,12414,1998,1014,-1490,4481,2919,-5865,6043,11535,3876,14527,13285,5133,1871,-988,-399,3891,1089,-4660,0.317693055,5.043988228,1.60244,0.033139996
5,-5151,-5138,5936,-5428,-2762,11240,2048,384,-814,7072,2103,-6583,5141,12155,2277,13551,13052,3851,1638,-1949,-272,4555,517,-4092,0.312805474,5.05376339,1.580844879,0.033147551
5,-6442,-4077,5620,-5752,-2265,9815,2034,785,-746,8440,2038,-7310,4527,13118,1633,12052,11476,2062,1708,-2893,-95,5009,157,-3808,0.317693055,5.043988228,1.60244,0.033155188
5,-7862,-2590,4623,-8211,-2308,6608,1636,2323,-1052,8768,1497,-7976,4914,14173,950,11255,10902,271,1804,-3494,158,5313,-123,-3728,0.322580636,5.05376339,1.630246162,0.033162996
5,-8507,-2315,3814,-10387,-3248,3808,1280,3987,-1433,8289,752,-8423,6065,15680,-56,10717,10940,-2033,1804,-4050,407,5680,-876,-3684,0.317693055,5.05376339,1.605545521,0.033170663
5,-8808,-3004,2846,-11271,-4027,827,1209,6558,-1916,6554,-501,-9447,6244,16785,-1570,9740,12070,-5765,2284,-4643,710,5672,-1401,-4040,0.327468216,5.05376339,1.654946923,0.033178564
5,-8786,-3618,2138,-10717,-4019,-6,1595,8102,-2185,4728,-850,-9769,5001,17406,-3138,8850,12789,-10322,2895,-5292,558,5471,-2286,-4986,0.317693055,5.05376339,1.605545521,0.03318622
5,-8769,-3825,1302,-10374,-3588,-204,2106,8583,-2286,2148,-20,-9088,3826,17016,-5030,8069,12782,-14760,3586,-6005,6,5499,-3707,-6417,0.322580636,5.05376339,1.630246162,0.033193994
5,-8976,-4197,-72,-11422,-2507,99,2175,7491,-1995,291,712,-7838,2785,15071,-6328,4663,13421,-16157,3986,-6519,-655,6275,-4693,-7107,0.317693055,5.05376339,1.605545521,0.033201654
5,-8936,-4442,-1403,-11750,-1872,-678,1945,5589,-1530,-968,816,-6401,2036,12767,-7067,2867,12478,-15387,3518,-6704,-859,8397,-4385,-6619,0.317693055,5.05376339,1.605545521,0.033209328
5,-8336,-4738,-2980,-11206,-2736,-3405,1736,2822,-971,-1208,569,-5441,989,10231,-7682,2772,11403,-14716,2184,-6338,-759,10004,-2373,-6141,0.312805474,5.05376339,1.580844879,0.033216868
5,-7650,-4868,-4022,-10014,-2901,-5755,1760,948,-856,-338,57,-5508,-27,8559,-8983,2891,8983,-15413,486,-4972,-536,10459,-1633,-5257,0.312805474,5.05376339,1.580844879,0.033224415
5,-6775,-4525,-5343,-8342,-2689,-7442,2325,-961,-1188,1422,-183,-6715,-876,7308,-10490,2656,7395,-15811,-500,-4273,-660,10674,-2011,-4699,0.312805474,5.05376339,1.580844879,0.033231959
5,-6198,-4161,-6218,-7213,-2748,-7827,2757,-1963,-1541,3265,313,-7834,-1653,6151,-11406,2098,5372,-15247,-331,-2882,-1253,10488,-3418,-3739,0.322580636,5.05376339,1.630246162,0.033239767
5,-5456,-4256,-7026,-5394,-3105,-7928,2582,-3735,-1807,6149,1863,-7345,-2786,5060,-11747,1274,3811,-14068,922,-1279,-2223,9498,-4342,-2653,0.312805474,5.05376339,1.580844879,0.033247326
5,-4770,-4525,-7328,-3603,-3410,-8088,1914,-4430,-2056,7784,2280,-7000,-4013,3743,-11940,409,1555,-13562,1973,-8,-3006,7852,-5034,-2074,0.312805474,5.05376339,1.580844879,0.033254877
5,-4179,-4671,-7433,-1589,-3613,-7660,1003,-3661,-2348,8366,2194,-6276,-5003,2132,-12016,-945,553,-14000,3546,341,-3327,5906,-4557,-1822,0.312805474,5.05376339,1.580844879,0.033262413
5,-3519,-4081,-7670,-442,-4243,-7298,636,-2390,-2580,7502,1882,-6023,-5262,-552,-11929,-2691,-1192,-13588,4454,121,-3265,5232,-3985,-1465,0.312805474,5.043988228,1.577787161,0.033269949
5,-2929,-3617,-7858,-310,-4683,-7394,558,-1398,-2812,6136,1483,-6087,-4831,-2592,-11471,-3555,-2915,-14021,4485,-179,-2859,5081,-4355,-1486,0.317693055,5.043988228,1.60244,0.033277601
5,-1749,-2548,-7733,2634,-5391,-8256,792,-143,-3091,4233,1012,-6922,-3380,-5003,-10822,-4608,-5065,-14313,3991,92,-2482,5310,-4846,-2109,0.307917893,5.05376339,1.556144118,0.033285037
5,-707,-799,-7525,4963,-6143,-9091,1131,521,-3338,3499,758,-7132,-1648,-7280,-10505,-5315,-6951,-14255,2898,672,-2050,5762,-5035,-3343,0.312805474,5.05376339,1.580844879,0.033292577
5,796,2064,-7147,7164,-7161,-10100,1646,-76,-3210,2387,953,-7342,-167,-9146,-10108,-5802,-9561,-13770,2266,1170,-1938,5741,-5049,-3853,0.312805474,5.05376339,1.580844879,0.033300113
5,1995,4264,-6718,7823,-7497,-10352,1443,-1184,-3223,2100,695,-7469,2014,-10139,-9397,-5824,-11742,-11553,2791,1097,-2277,5306,-4031,-4586,0.317693055,5.043988228,1.60244,0.033307757
5,3189,5786,-5937,8071,-7416,-9775,1325,-2713,-3163,2800,670,-7378,3521,-11373,-7662,-5416,-12603,-8946,4500,593,-3141,5026,-713,-5819,0.307917893,5.05376339,1.556144118,0.033315185
5,4664,6500,-4527,7980,-7191,-7745,1456,-3526,-3270,3283,853,-7091,4312,-12498,-5664,-5059,-12385,-6121,4805,1542,-3278,5733,-156,-6210,0.317693055,5.05376339,1.605545521,0.033322841
5,5517,6086,-3320,7960,-6712,-5278,1712,-4105,-3793,4594,1480,-7153,4424,-13616,-3694,-3898,-11108,-3901,3702,2357,-2906,6720,222,-5711,0.312805474,5.05376339,1.580844879,0.033330392
5,6144,4863,-1876,7086,-6308,-2169,1856,-3747,-4254,5944,1499,-7153,4418,-14412,-2043,-1656,-10323,-1181,2214,2608,-2548,6912,314,-4111,0.312805474,5.043988228,1.577787161,0.033337921
5,6490,3755,-1042,6607,-6036,-716,1977,-2806,-4636,6656,1678,-7164,4480,-14774,213,539,-9386,1219,1427,2215,-2338,6373,-340,-3164,0.307917893,5.043988228,1.553134203,0.033345334
5,6441,2395,316,6067,-5890,906,2065,-1167,-5035,6318,1594,-7618,4822,-14646,2181,1792,-8881,3448,824,1974,-1699,8144,-2670,-2093,0.327468216,5.043988228,1.651745796,0.033353213
5,6223,1537,1337,6341,-6253,2058,2266,-44,-5110,5856,2181,-8220,4983,-14195,3672,3913,-8173,5103,981,277,-579,8936,-2651,-7443,0.317693055,5.05376339,1.605545521,0.033360872
5,5679,808,2790,5896,-6071,2633,2076,1665,-5100,4497,3948,-8462,5535,-13206,4613,5534,-7341,7583,144,1343,-393,7402,-4263,-6179,0.312805474,5.043988228,1.577787161,0.033368401
5,5180,365,3795,5449,-5844,2623,1548,1814,-4945,3546,4765,-8271,6295,-10871,5679,7214,-6031,10471,-302,1771,-326,3895,-5962,-2776,0.312805474,5.043988228,1.577787161,0.033375926
5,4718,-96,4648,4312,-5884,3185,996,1295,-4589,2501,4579,-8177,6849,-7128,6448,8425,-4245,13256,-462,529,-204,2810,-4335,-799,0.317693055,5.05376339,1.605545521,0.033383597
5,4277,-1067,5594,3642,-5303,4324,916,979,-4229,1822,3902,-8210,6646,-2676,6858,9546,-1563,13993,-744,97,-598,4936,-1823,-164,0.322580636,5.043988228,1.627092957,0.033391368
5,3655,-1520,6106,3393,-4937,5962,1075,409,-3767,1908,3208,-8329,6300,-35,7031,9377,-439,12246,-530,359,-517,9900,150,-2165,0.312805474,5.05376339,1.580844879,0.033398915
5,2427,-1521,6702,2518,-5022,8672,1535,-57,-3481,3074,3189,-8757,7023,1944,7115,9460,649,10106,610,786,40,9974,-347,-4609,0.322580636,5.05376339,1.630246162,0.033406693
5,1330,-1214,6912,-296,-4704,10313,2066,12,-3025,4454,3582,-9090,7841,2821,7958,10048,3342,8811,1702,524,-848,8213,-3876,-3886,0.322580636,5.043988228,1.627092957,0.033414479
5,-473,-1865,6880,-7057,-4493,11635,2386,109,-2163,6082,4501,-7985,7969,3855,10023,12487,6879,8341,3210,581,-1827,6595,-4188,-1513,0.317693055,5.05376339,1.605545521,0.033422146
5,-2016,-3756,7197,-9829,-5711,10345,2048,-238,-1765,6536,4865,-7199,8146,5544,11326,14960,10316,7779,4840,282,-2609,5747,-4538,-2347,0.312805474,5.05376339,1.580844879,0.033429712
5,-3104,-6221,7958,-7738,-5434,7819,1132,875,-1810,7291,3672,-7100,8195,8773,10816,15323,12849,6575,5009,75,-2409,5678,-2788,-3452,0.322580636,5.05376339,1.630246162,0.033437487
5,-3832,-6062,7676,-7132,-4273,7148,608,2581,-1847,7424,2244,-7378,8916,11803,8645,15713,13912,3017,4499,-76,-1534,6337,704,-3436,0.317693055,5.05376339,1.605545521,0.033445146
5,-4682,-4993,6779,-8587,-3639,6862,391,4264,-1695,6865,966,-7456,10392,14134,5619,16483,14264,-729,3706,46,-1297,7486,2513,-2604,0.322580636,5.05376339,1.630246162,0.033452928
5,-5967,-4886,5872,-8429,-3192,7243,632,4559,-1500,5992,531,-7545,10410,15068,1290,14358,17251,-4668,3061,307,-1191,7801,2726,-2677,0.317693055,5.05376339,1.605545521,0.033460595
5,-7126,-4211,4910,-7683,-2431,7319,1238,4950,-1320,4828,788,-7680,8525,15125,-1669,11165,18052,-6975,2577,92,-983,6304,2505,-4338,0.322580636,5.05376339,1.630246162,0.033468377
5,-8398,-3837,3403,-9663,-2597,5244,1598,5339,-1059,3909,1155,-7763,5213,14153,-4639,8818,17672,-7945,1783,-281,-671,4314,2513,-5304,0.312805474,5.05376339,1.580844879,0.033475924
5,-8813,-3964,2250,-10658,-3313,2712,1729,5589,-676,3069,1598,-7914,1837,13548,-6294,6613,15883,-8681,1079,-1029,-183,3336,2132,-4668,0.317693055,5.05376339,1.605545521,0.033483576
5,-8828,-3924,689,-11969,-4785,-436,1642,5662,-244,2502,1870,-8392,247,13291,-6331,5543,12439,-10619,768,-1815,369,3228,1311,-4382,0.312805474,5.05376339,1.580844879,0.033491135
5,-8486,-4324,-419,-12630,-5119,-3413,1477,5424,-98,2108,1749,-8614,-731,13275,-6032,4451,11572,-13497,636,-3026,610,3492,278,-4139,0.312805474,5.05376339,1.580844879,0.033498686
5,-8038,-5187,-1384,-12639,-4775,-4224,1226,4602,-108,1271,1290,-8285,-1520,13158,-6929,2612,11742,-15817,689,-4087,729,3708,-730,-3667,0.312805474,5.043988228,1.577787161,0.033506215
5,-7119,-6301,-2468,-10062,-4597,-5490,1152,3415,-184,560,775,-7205,-2215,11556,-9009,399,12401,-17695,887,-4882,874,4581,-1782,-3588,0.312805474,5.05376339,1.580844879,0.033513755
5,-6632,-5935,-3275,-8021,-3924,-6025,1237,1214,-265,509,432,-6037,-1407,9718,-12146,-1544,9255,-18716,1508,-5762,1144,6296,-2658,-4601,0.322580636,5.05376339,1.630246162,0.033521529
5,-5958,-3530,-4845,-5517,-4259,-6741,1357,-275,-347,1024,169,-5683,-167,7228,-14316,-2149,7109,-17310,2436,-5885,1602,7548,-3220,-6366,0.322580636,5.05376339,1.630246162,0.033529304
5,-5342,-667,-6195,-5036,-4370,-6548,1737,-1296,-374,2136,271,-5610,-813,3456,-15161,-2287,6305,-16315,2924,-5322,1379,8113,-4366,-7186,0.322580636,5.043988228,1.627092957,0.033537067
5,-4559,2041,-7931,-5081,-4298,-6577,2238,-2465,-451,3561,1115,-5743,-1490,385,-14573,-1942,3515,-16191,3177,-4727,900,7894,-5653,-6353,0.312805474,5.043988228,1.577787161,0.033544596
5,-3581,2530,-8903,-4309,-4279,-6965,2388,-2873,-581,4235,1716,-6229,-1568,-2042,-13386,-2289,520,-15546,2669,-5348,299,7911,-5328,-4412,0.317693055,5.05376339,1.605545521,0.033552259
5,-2286,2555,-9422,-2581,-4145,-7180,2123,-3292,-886,5512,2436,-6707,-1764,-5259,-12326,-2618,-2103,-14798,1808,-5578,-234,9204,-5425,-3720,0.307917893,5.05376339,1.556144118,0.033559691
5,-221,2519,-9429,401,-3913,-7676,1489,-3361,-1355,6240,2422,-6795,-1253,-8300,-11122,-2621,-5458,-13608,417,-4664,-324,11199,-4422,-3583,0.317693055,5.05376339,1.605545521,0.03356735
5,1221,3041,-9023,2856,-4121,-7754,730,-3122,-2041,6319,1697,-7149,183,-10525,-9861,-1917,-8060,-12435,-151,-2862,-527,11334,-3584,-4070,0.307917893,5.05376339,1.556144118,0.03357479
5,2972,5034,-7996,7137,-4671,-8831,501,-2810,-2213,5594,1489,-7274,2183,-11841,-9435,-2608,-11300,-10757,-117,-892,-1145,9480,-2966,-3841,0.312805474,5.05376339,1.580844879,0.033582352
5,4181,6960,-6868,9520,-5664,-9326,195,-3407,-1998,4390,1592,-6838,5146,-13296,-9337,-2948,-12696,-8070,549,-380,-1566,7678,-3283,-2801,0.317693055,5.043988228,1.60244,0.033590011
5,5483,9171,-4811,12528,-7341,-8739,118,-4031,-1763,3356,2218,-7270,7218,-13939,-8803,-2789,-13953,-5248,1896,-173,-2166,6277,-3698,-2002,0.312805474,5.043988228,1.577787161,0.033597544
5,6056,10480,-3492,13090,-7108,-6957,-217,-4740,-1706,3534,2629,-7522,8145,-15217,-7383,-1630,-14165,-2616,3078,-490,-2602,4705,-4310,-1845,0.307917893,5.05376339,1.556144118,0.033604983
5,6437,10845,-1835,11349,-6117,-4609,-570,-5337,-2043,5058,1856,-7760,8879,-15687,-4656,1613,-14552,-755,4782,-787,-2750,4196,-4557,-1846,0.312805474,5.05376339,1.580844879,0.033612531
5,6558,9646,-218,9152,-5281,-2468,-412,-5023,-2321,6088,1285,-7663,9817,-15473,-2184,4685,-12782,2710,5514,-795,-2736,4536,-4191,-1088,0.317693055,5.05376339,1.605545521,0.033620227
5,6304,7958,1441,7247,-4331,-65,-143,-3799,-2383,6985,580,-7846,9956,-14091,1412,7605,-10566,6124,5031,-497,-2404,5229,-4219,-844,0.322580636,5.043988228,1.627092957,0.033627998
5,5614,5406,3247,5003,-4017,2454,-81,-2499,-2366,7140,62,-7851,9756,-11276,4647,9246,-8398,9105,3407,55,-2203,6373,-4156,-1721,0.312805474,5.05376339,1.580844879,0.033635557
5,5045,2831,4266,3522,-4483,3889,-5,-914,-2334,6617,-640,-8006,9299,-7306,6949,11283,-5245,11068,1889,1087,-2115,6933,-3958,-2661,0.317693055,5.05376339,1.605545521,0.033643223
5,4371,-764,5388,4433,-4346,4997,154,555,-2444,5603,-606,-8139,8115,-4086,7780,11551,-2003,12976,1292,1381,-1839,6087,-3188,-4328,0.322580636,5.05376339,1.630246162,0.033651005
5,3667,-2325,5845,6043,-4393,5892,332,1423,-2558,3992,-171,-8324,6559,-776,7639,10688,-76,12957,1460,1204,-1912,5702,-1670,-5767,0.317693055,5.05376339,1.605545521,0.033658661
5,2723,-2490,6042,6676,-5074,7765,535,1442,-2494,3542,392,-8340,5921,1488,6609,10177,590,11723,1891,1526,-2529,6245,-1153,-5159,0.317693055,5.05376339,1.605545521,0.033666335
5,2045,-2066,6197,6343,-4777,8669,855,1354,-2404,3467,749,-8471,5920,2904,5706,9230,1095,11032,1429,2440,-2725,7408,-1517,-4383,0.342130989,5.05376339,1.729049087,0.033674605
5,966,-1156,6238,4025,-4688,9462,1148,1085,-2390,3679,1081,-8595,6043,3458,5393,8421,2109,9788,914,3229,-2685,7985,-2532,-3446,0.317693055,5.05376339,1.605545521,0.033682264
5,160,-885,6114,1510,-4677,9457,1152,839,-2517,4199,1074,-8761,6054,4276,5627,8110,3712,9087,976,2899,-2257,8210,-3357,-2474,0.327468216,5.05376339,1.654946923,0.033690158
5,-685,-1311,6058,-1191,-4830,9173,1256,1230,-2655,4789,1088,-8844,5567,5211,6440,7864,5245,8592,924,2534,-1611,9970,-4438,-4520,0.322580636,5.05376339,1.630246162,0.033697944
5,-1723,-3009,6324,-3707,-5376,8376,1279,1541,-2883,5203,1332,-8954,4763,6364,7247,7963,6517,7787,333,2032,-1699,4722,-3847,-7465,0.327468216,5.05376339,1.654946923,0.033705857
5,-2367,-4232,6646,-4753,-5135,7533,1201,2400,-3085,5315,1716,-9233,4679,7330,7707,8235,7681,6398,1585,-352,-1679,1234,-8515,-5740,0.322580636,5.05376339,1.630246162,0.033713643
5,-3077,-4953,6595,-5890,-5301,6149,1228,3228,-3000,4533,1887,-8545,5356,9065,8021,8360,9082,4382,1181,-114,-313,2910,-10390,-3459,0.317693055,5.05376339,1.605545521,0.033721294
5,-3404,-4875,6341,-6580,-5559,5172,1241,3211,-2691,3185,2256,-7295,6800,10941,7371,8857,11004,1622,-534,248,589,3481,-7744,-360,0.307917893,5.05376339,1.556144118,0.033728715
5,-3963,-4728,6057,-6837,-4865,5353,1235,2825,-2480,2783,2239,-6934,7290,12013,5316,8730,13738,-958,334,-643,-457,4500,-1941,288,0.312805474,5.05376339,1.580844879,0.033736266
5,-4539,-4057,5758,-6176,-3755,6310,1377,3005,-2269,2430,2231,-6914,6765,11851,2236,7979,15675,-3290,1177,-933,-1264,7364,3728,-1176,0.317693055,5.043988228,1.60244,0.033743925
5,-5320,-2655,4934,-6964,-2573,7150,1607,3568,-1851,2272,2734,-6823,5799,11227,240,7673,16561,-5039,468,-130,-347,12850,6729,-5623,0.312805474,5.05376339,1.580844879,0.033751465
5,-6472,-943,3259,-9872,-2265,6793,1628,3665,-1514,2455,3288,-6815,5671,10500,-1860,6993,16760,-5923,-448,637,-70,12028,568,-6362,0.317693055,5.043988228,1.60244,0.033759106
5,-7235,-742,2096,-11620,-2708,5848,1364,3128,-1091,3241,3606,-7138,4628,9872,-3939,5406,18007,-6418,144,817,-1550,8427,-3885,-3495,0.312805474,5.05376339,1.580844879,0.03376665
5,-7935,-1379,1096,-11696,-3538,3627,1257,2792,-743,4171,3535,-8039,2793,9284,-5737,3902,17192,-5251,2190,147,-2487,5900,-5231,-2171,0.307917893,5.043988228,1.553134203,0.033774067
5,-8309,-2027,173,-12075,-4569,1300,1275,2821,-458,5488,3225,-9047,333,8852,-6514,3557,15379,-6133,3383,338,-2224,4320,-1300,195,0.312805474,5.05376339,1.580844879,0.03378161
5,-8454,-3171,-958,-12156,-5494,-1262,1126,2843,-602,6422,2894,-9097,-1292,9541,-6976,3156,13165,-7302,3812,1020,-1097,4598,-3808,-1744,0.312805474,5.043988228,1.577787161,0.033789132
5,-8411,-4212,-1712,-12082,-6339,-3132,974,2367,-1085,7436,1839,-8837,-2350,10638,-7320,2173,12348,-8644,3953,535,-727,6702,378,-1404,0.312805474,5.043988228,1.577787161,0.033796661
5,-8151,-5837,-2274,-10742,-6817,-4525,1102,2416,-1448,7602,878,-8807,-3258,11097,-8085,340,11552,-10788,3177,2,-1205,9343,2579,-2390,0.317693055,5.05376339,1.605545521,0.033804324
5,-7928,-6690,-2557,-9454,-6474,-4515,1432,3230,-1598,7029,143,-8643,-4066,10208,-8642,-2787,9375,-13598,2795,-269,-1731,9170,2777,-3877,0.312805474,5.043988228,1.577787161,0.033811893
5,-8078,-6485,-3074,-8259,-6070,-3889,2045,4462,-1316,5924,-42,-8364,-3961,7624,-8065,-4312,6678,-16175,2419,-76,-1585,7102,2608,-4965,0.317693055,5.043988228,1.60244,0.033819553
5,-7939,-5044,-4097,-7380,-5673,-4533,2437,5099,-809,4941,243,-8243,-3302,4434,-6449,-6146,5406,-16307,1548,189,-1069,4558,2321,-4994,0.312805474,5.05376339,1.580844879,0.033827104
5,-7229,-3836,-4838,-7161,-5212,-6773,2656,5244,-24,3457,1026,-7744,-2493,2201,-6315,-6675,5261,-15977,868,-216,-328,3794,1605,-4452,0.317693055,5.043988228,1.60244,0.033834748
5,-5797,-2570,-5542,-5961,-4350,-9226,2633,4751,486,2048,1605,-7365,-2343,136,-7133,-5490,4673,-15588,520,-884,353,3838,809,-3833,0.312805474,5.043988228,1.577787161,0.033842273
5,-4842,-1386,-6111,-5201,-3401,-9563,2625,3226,962,363,2478,-6728,-2500,-789,-7791,-4390,2769,-14198,30,-1553,693,4452,-1015,-2915,0.317693055,5.05376339,1.605545521,0.033849955
5,-3788,-197,-6877,-4103,-2875,-8743,2426,1571,1083,-199,2939,-6093,-2786,-1561,-7804,-4581,1386,-13029,441,-2235,635,4847,-2034,-2619,0.317693055,5.05376339,1.605545521,0.033857625
5,-2959,241,-7256,-2489,-2902,-7794,2003,-765,954,361,2683,-5498,-3149,-2598,-7523,-5355,-296,-11726,1152,-3115,208,5338,-2894,-2919,0.322580636,5.05376339,1.630246162,0.0338654
5,-2057,610,-7496,-408,-3226,-7852,1694,-2484,765,1737,2260,-5268,-3263,-4075,-7575,-5818,-2294,-10644,2318,-3756,-52,6039,-3170,-3877,0.337243408,5.05376339,1.704348445,0.033873532
5,-478,1445,-7536,2223,-3740,-9035,1444,-3971,609,3409,1768,-5133,-3244,-5199,-8142,-5790,-4032,-9656,3227,-4329,-237,5811,-2824,-4467,0.317693055,5.05376339,1.605545521,0.033881191
5,946,2263,-7221,4379,-4006,-10019,1310,-4706,470,4814,1156,-4631,-3065,-5774,-9443,-6033,-5668,-8403,3961,-4918,-574,4744,-3111,-5435,0.322580636,5.05376339,1.630246162,0.033888966
5,2476,3954,-6591,6632,-4033,-9488,1336,-4654,133,5225,813,-4699,-2689,-6840,-10550,-5985,-7677,-8241,5106,-5240,-913,3968,-3931,-6836,0.317693055,5.05376339,1.605545521,0.033896632
5,3342,5443,-6091,7720,-3944,-7685,1541,-3916,-543,5219,959,-5192,-1739,-9129,-10673,-5412,-10112,-8426,5887,-5804,-975,4032,-4007,-6733,0.322580636,5.05376339,1.630246162,0.033904407
5,4482,7563,-5424,9223,-4448,-6144,1417,-3610,-1175,5288,1145,-5163,597,-12315,-9894,-4237,-11949,-7963,5454,-6632,-264,5867,-2689,-5893,0.312805474,5.05376339,1.580844879,0.033911947
5,5478,9384,-4697,9450,-4754,-6206,1164,-3405,-2014,5073,970,-5710,3864,-15139,-8833,-2443,-12116,-7399,3126,-7040,355,9333,171,-6012,0.322580636,5.05376339,1.630246162,0.033919733
5,6532,11232,-3133,8567,-4194,-5705,936,-3600,-2478,4639,390,-6302,6035,-16800,-7146,1380,-11073,-5783,243,-5835,612,11624,1768,-6830,0.317693055,5.05376339,1.605545521,0.033927392
5,7186,10939,-1636,6855,-3963,-5251,623,-3211,-2971,4686,160,-7282,7045,-16946,-5228,5274,-9510,-1664,-1337,-4135,391,13064,1774,-6931,0.322580636,5.05376339,1.630246162,0.033935163
5,7701,8836,-37,5020,-3152,-3761,518,-3067,-3325,4029,278,-7453,5914,-15669,-1855,7861,-10529,2744,-2217,-2741,-158,12511,225,-4838,0.317693055,5.05376339,1.605545521,0.033942819
5,7745,4893,1780,3888,-2443,-1374,426,-3217,-3649,3423,900,-7933,5491,-12677,1757,8671,-11829,6644,-1175,-1325,-1347,10655,-1920,-2207,0.322580636,5.05376339,1.630246162,0.033950604
5,7653,1994,3292,4200,-3059,807,277,-3856,-3926,3386,1391,-8573,6139,-8962,4758,9567,-11443,8822,43,-727,-2182,7978,-3941,-1697,0.312805474,5.05376339,1.580844879,0.033958152
5,7301,-1200,5138,5775,-4494,3726,225,-3917,-3943,4244,1186,-9135,6969,-6493,6392,10226,-8760,10393,1586,-628,-2523,7121,-4828,-928,0.317693055,5.043988228,1.60244,0.0339658
5,6899,-2784,6044,7571,-4827,5535,241,-3550,-3701,5217,1204,-9875,7066,-4115,7488,10346,-5579,10096,3081,-439,-2742,7039,-6113,-619,0.307917893,5.05376339,1.556144118,0.033973232
5,6262,-3281,6418,9534,-5336,7685,175,-3142,-3594,6006,1033,-10014,7105,-2862,7666,10141,-3916,9708,3808,-178,-2850,6218,-6729,-263,0.312805474,5.05376339,1.580844879,0.033980768
5,5622,-2491,6491,8725,-5520,9105,310,-2605,-3833,6297,782,-9534,6933,-2267,7419,10656,-1604,10182,2979,-159,-2868,5770,-7179,-1254,0.307917893,5.05376339,1.556144118,0.033988208
5,4792,-1792,6689,7796,-5235,10147,478,-1886,-4188,6647,859,-9116,6729,-1782,7136,11665,-78,11068,1471,663,-2473,6206,-7073,-3180,0.312805474,5.043988228,1.577787161,0.03399574
5,3277,-877,7100,5279,-4466,10526,853,-558,-4453,7330,588,-8795,6796,-338,6787,12878,1346,12023,1731,1433,-2028,5234,-6429,-3660,0.317693055,5.05376339,1.605545521,0.034003433
5,2156,-694,7267,2386,-3586,10703,997,1033,-4460,7364,-190,-8754,6877,2135,6834,13710,3223,11565,3316,1133,-2148,3726,-5296,-3220,0.317693055,5.043988228,1.60244,0.034011081
5,480,-1236,7231,-2060,-2976,11356,1257,2200,-4058,6992,-899,-8387,6462,4804,7665,14118,5849,10739,5276,161,-2718,4079,-2740,-4489,0.327468216,5.043988228,1.651745796,0.034018982
5,-853,-2491,7169,-5174,-3204,11090,1728,3031,-3234,5724,-127,-7186,5728,6431,8574,13569,8078,8991,4709,249,-3017,5780,-205,-7139,0.322580636,5.05376339,1.630246162,0.03402679
5,-2364,-4476,7240,-6669,-3697,9549,1519,2335,-2867,4673,234,-6873,5569,8040,9240,13079,9676,6639,3996,1283,-2896,8100,1078,-6996,0.303030312,5.05376339,1.531443477,0.034034111
5,-3307,-4933,7041,-7273,-3655,8474,1250,2039,-2676,3604,88,-7234,6118,10315,9004,12785,12221,4061,2776,2765,-2418,9546,552,-5522,0.327468216,5.043988228,1.651745796,0.034041993
5,-4208,-4771,6232,-7780,-3609,7421,1322,2748,-2758,3187,270,-7619,5818,12740,7802,13509,15937,3151,1202,3250,-2074,8972,-748,-3917,0.327468216,5.043988228,1.651745796,0.034049895
5,-4641,-4411,5548,-7855,-3447,7392,1661,3422,-3031,2594,1035,-7994,3557,13872,5941,11814,18671,2407,451,2589,-2120,7361,-1707,-3465,0.322580636,5.05376339,1.630246162,0.034057677
5,-5356,-4409,4926,-8590,-3607,8208,1894,3346,-3218,2656,1532,-8177,56,13802,5027,11045,18054,-369,-473,1812,-1865,7690,-3662,-5493,0.312805474,5.043988228,1.577787161,0.034065209
5,-6718,-4852,3784,-10964,-3537,9140,2007,3251,-3274,3085,1920,-8127,-1059,13643,4637,9914,18508,-1005,371,2029,-956,6278,-4309,-6969,0.317693055,5.043988228,1.60244,0.034072872
5,-7740,-6034,3061,-11646,-3283,7722,1873,2903,-3138,3795,1807,-8024,-213,12986,3195,8042,16051,-630,420,2605,-106,5128,-6652,-4513,0.317693055,5.05376339,1.605545521,0.034080539
5,-8637,-6623,2694,-9889,-3741,3984,1800,2702,-2942,5021,1603,-7966,452,13276,875,7893,14519,595,-13,2190,369,2519,-6892,-1434,0.317693055,5.05376339,1.605545521,0.034088217
5,-9190,-5626,2214,-10293,-3627,1262,2123,2307,-2575,6618,1746,-7948,1114,15529,-230,9570,14124,-1447,776,528,-15,1907,-3053,-521,0.322580636,5.043988228,1.627092957,0.034095984
5,-9483,-4973,1060,-13120,-3780,-460,2447,2197,-2350,7551,1934,-7972,1666,17471,-787,8105,13727,-5653,2365,-532,-1070,3332,-2516,-2286,0.312805474,5.05376339,1.580844879,0.034103539
5,-9602,-5877,433,-12192,-4726,-1589,2790,3200,-2287,7183,1719,-8224,989,17997,-1922,6568,14936,-8302,2905,-269,-1440,6781,608,-3879,0.317693055,5.05376339,1.605545521,0.034111194
5,-9608,-6547,-66,-10694,-4609,-2497,2929,4491,-2383,6114,1577,-8479,186,17443,-3759,4949,14936,-11230,1113,64,-1297,8619,3153,-3694,0.322580636,5.05376339,1.630246162,0.034118988
5,-9572,-6296,-932,-11400,-3773,-3689,2845,5588,-2352,4645,1455,-8261,272,15907,-4898,4300,13497,-14253,300,-353,-1080,9393,3092,-2826,0.317693055,5.05376339,1.605545521,0.034126639
5,-9211,-5679,-1968,-11432,-3645,-4848,2754,5660,-2073,3842,1483,-7820,1094,13767,-6575,3168,12915,-16860,1147,-390,-1127,7121,-281,-3654,0.312805474,5.05376339,1.580844879,0.034134179
5,-8394,-4007,-3405,-11082,-3230,-6002,2756,4977,-1716,3138,1974,-7200,1478,10898,-8545,1535,13096,-17590,2015,-456,-1001,5397,-2390,-5512,0.312805474,5.05376339,1.580844879,0.034141727
5,-7663,-2848,-4580,-10715,-3515,-7159,2804,4150,-1592,2395,2397,-6652,1158,8381,-10111,516,11270,-18088,2615,-782,-444,4166,-4269,-5098,0.317693055,5.05376339,1.605545521,0.034149386
5,-6430,-1783,-5944,-9785,-3806,-8953,2778,2838,-1425,1930,2653,-6172,1191,5377,-10773,115,8150,-18163,2998,-1172,-385,3958,-2600,-2529,0.322580636,5.05376339,1.630246162,0.034157161
5,-5414,-729,-6828,-8366,-3934,-9225,2399,702,-1045,2040,2592,-5597,1742,2842,-11103,-747,6153,-17718,4384,-2272,-1141,4977,-1802,-2850,0.312805474,5.05376339,1.580844879,0.034164704
5,-4098,690,-7754,-6085,-3913,-9003,2178,-474,-687,2634,2193,-5588,1886,-124,-11374,-1898,4396,-16373,5233,-3023,-1857,5661,1093,-3823,0.322580636,5.05376339,1.630246162,0.034172483
5,-2960,1361,-8275,-4444,-3739,-9103,2060,-1419,-134,3795,1756,-5970,1765,-2037,-10965,-2090,2333,-14985,4891,-3455,-2051,5045,1124,-4777,0.312805474,5.05376339,1.580844879,0.034180023
5,-1833,1501,-8570,-2450,-3539,-8977,1899,-1786,147,4469,1334,-6203,1046,-3856,-10562,-1603,170,-13112,4349,-3622,-1643,4602,540,-4891,0.317693055,5.05376339,1.605545521,0.034187686
5,-282,1155,-8567,-340,-3456,-9112,1698,-2329,109,5183,931,-6014,-226,-5114,-9973,-1529,-2558,-12155,4282,-4528,-887,4474,206,-5016,0.307917893,5.05376339,1.556144118,0.03419511
5,883,623,-8328,1354,-3456,-8904,1656,-2525,-210,5113,806,-6354,-1314,-6159,-9343,-1705,-4661,-11258,4299,-5039,-293,5156,115,-6432,0.312805474,5.05376339,1.580844879,0.034202658
5,2343,-60,-7633,4168,-3461,-8861,1542,-2557,-701,4518,770,-6311,-1999,-7192,-8456,-2133,-8065,-10410,4067,-5050,460,5563,218,-7764,0.312805474,5.043988228,1.577787161,0.034210186
5,3237,-179,-6999,6182,-3857,-8296,1447,-3040,-1265,3691,492,-5776,-2287,-8169,-7449,-3293,-11683,-9117,3137,-4932,1180,5891,441,-7842,0.327468216,5.05376339,1.654946923,0.034218095
5,4277,129,-6024,8854,-4406,-7408,1592,-3323,-1487,3283,514,-5888,-1599,-9495,-5867,-3397,-14364,-7706,913,-5346,1424,7131,14,-6835,0.322580636,5.05376339,1.630246162,0.03422587
5,5065,893,-5164,10555,-4471,-7054,1672,-3914,-1714,3488,1058,-6373,-78,-10513,-4425,-2769,-15574,-6168,-778,-5915,1242,10057,-933,-6343,0.312805474,5.05376339,1.580844879,0.034233414
5,6078,2439,-3877,11023,-4010,-6065,1551,-3992,-2133,3967,1476,-6579,1298,-11312,-3223,-1619,-15465,-5176,-1232,-5159,-113,13038,-1147,-5690,0.312805474,5.043988228,1.577787161,0.034240942
5,6721,3476,-2763,10169,-3563,-4678,1357,-3760,-2909,4122,1806,-6874,3046,-11487,-2223,-335,-14100,-3154,-1261,-3850,-1154,13308,-2279,-3660,0.312805474,5.043988228,1.577787161,0.034248471
5,7208,3813,-1458,9051,-3517,-2902,1054,-3634,-3371,4354,1809,-7171,3968,-11711,-554,207,-12280,-502,-579,-1752,-2092,11714,-3363,-1816,0.317693055,5.05376339,1.605545521,0.034256138
5,7486,3081,258,8033,-4009,-648,590,-3319,-3765,5061,1404,-7516,4286,-11983,1211,364,-11295,1999,301,-357,-2362,8475,-5103,-1421,0.312805474,5.05376339,1.580844879,0.034263689
5,7413,2154,1434,7644,-4683,971,416,-3003,-3888,5559,979,-7839,4486,-12231,2881,949,-10091,3466,1700,-200,-2442,5466,-5862,-1049,0.317693055,5.05376339,1.605545521,0.034271352
5,7056,1145,2569,7229,-4973,2297,377,-2645,-3888,5514,727,-8355,4712,-12053,4106,2466,-8571,5184,3248,-973,-2807,4938,-6457,-1513,0.307917893,5.05376339,1.556144118,0.034278773
5,6766,593,3333,6724,-5160,3124,378,-2088,-3895,5065,763,-8742,5140,-11312,5492,3865,-7355,6716,3858,-1871,-3357,5226,-5777,-2395,0.317693055,5.05376339,1.605545521,0.034286432
5,6114,-128,4372,6086,-5475,4625,348,-1469,-3942,4610,771,-8830,5831,-10423,6514,4323,-6721,7936,4135,-1544,-3535,6725,-4861,-3612,0.312805474,5.05376339,1.580844879,0.034293972
5,5472,-408,5013,5378,-5823,5396,400,-755,-4040,4177,466,-8817,6633,-9401,7304,5535,-5102,8785,4188,-227,-3442,6527,-3982,-3248,0.312805474,5.05376339,1.580844879,0.034301516
5,5145,-789,5469,4925,-6105,5663,600,-541,-4125,4235,38,-8850,7456,-7960,7764,7560,-2228,10310,4106,612,-3255,5659,-3680,-2649,0.322580636,5.05376339,1.630246162,0.034309324
5,4500,-1345,5756,3987,-5324,5753,838,-437,-4282,4348,-259,-8650,6720,-5184,8165,9569,1265,12210,4419,789,-3153,4803,-2940,-2757,0.317693055,5.05376339,1.605545521,0.034316972
5,3901,-1771,5602,2759,-4933,6459,1051,-518,-4327,4564,-403,-8705,4815,-1482,8516,9759,3244,13641,4662,561,-2978,4979,-1428,-4270,0.312805474,5.05376339,1.580844879,0.034324508
5,2854,-2584,5501,1976,-4514,8017,1504,105,-4423,4925,-351,-8775,3644,1396,8572,9718,3694,13093,3871,651,-2717,5906,-470,-5316,0.312805474,5.05376339,1.580844879,0.034332048
5,1996,-2923,5802,1086,-5012,9888,1916,653,-4241,4707,185,-8566,3780,2877,8488,8779,3509,12217,3192,1277,-2548,7651,104,-5949,0.312805474,5.05376339,1.580844879,0.034339588
5,865,-3016,6180,-1213,-4994,11184,2149,702,-3919,4431,900,-8247,4663,3748,8497,9014,5127,11410,2126,2384,-2303,7993,482,-5085,0.317693055,5.05376339,1.605545521,0.034347247
5,-158,-3451,6406,-3831,-4951,11314,2130,828,-3512,4364,1471,-7819,4871,4773,8929,10018,7542,10870,1033,2926,-2140,7591,-594,-4359,0.317693055,5.043988228,1.60244,0.034354903
5,-1192,-4433,6376,-4778,-4960,10715,2062,1133,-3336,4225,1541,-7543,4718,6581,9192,10922,10359,9927,159,2746,-2056,7087,-1492,-4415,0.317693055,5.05376339,1.605545521,0.034362562
5,-2388,-5149,6235,-4947,-4841,9341,1951,1471,-3356,4387,1331,-7859,4461,8185,8680,10984,11687,8195,-368,2131,-1751,8295,-3661,-5622,0.312805474,5.05376339,1.580844879,0.034370098
5,-3242,-5006,5947,-5514,-4739,8894,1919,1967,-3486,4514,1051,-8361,4536,9871,7462,10626,12295,6475,1574,608,-851,9755,-4066,-7331,0.322580636,5.05376339,1.630246162,0.034377899
5,-4321,-4499,5359,-6543,-4158,8456,1973,2617,-3601,4972,1319,-8774,5208,11081,5946,10576,12684,3944,1704,877,-748,3258,-6553,-4677,0.327468216,5.05376339,1.654946923,0.03438583
5,-5171,-4212,4889,-7902,-3739,7754,1921,2873,-3626,4915,1595,-8302,5778,11990,4255,10887,13312,2043,-358,940,241,2807,-9076,-306,0.322580636,5.05376339,1.630246162,0.034393612
5,-6317,-3971,4264,-9690,-3401,6579,1901,2486,-3435,4574,1971,-7162,5932,12688,2487,11003,14422,-796,-947,-33,765,3126,-9119,-1224,0.322580636,5.05376339,1.630246162,0.034401398
5,-7131,-3980,3667,-10588,-2899,5536,1889,2107,-3185,4396,2209,-6460,5492,13191,795,10474,15526,-4265,1780,-763,-45,5272,-620,-3260,0.312805474,5.05376339,1.580844879,0.034408938
5,-8014,-3690,2698,-11533,-1472,4146,1846,2163,-2952,4262,2158,-6166,5148,12821,-1984,9854,15195,-7693,3262,-957,-698,5981,3150,-6521,0.317693055,5.05376339,1.605545521,0.034416609
5,-8544,-3410,1704,-12276,-995,2852,1774,3200,-2722,4422,1794,-6480,5153,12185,-4576,8574,14502,-10203,1378,47,-636,6732,2848,-6979,0.307917893,5.05376339,1.556144118,0.034424044
5,-8865,-3114,514,-13128,-1322,1371,1822,4259,-2598,4480,1613,-6685,4585,11790,-5924,6714,13999,-13209,101,459,-608,6181,1812,-5409,0.312805474,5.043988228,1.577787161,0.034431573
5,-8564,-3211,-1206,-13587,-2894,-1890,1869,5213,-2543,4183,1926,-6946,2528,10954,-6333,3292,13737,-14129,-202,279,-700,5718,428,-3703,0.307917893,5.05376339,1.556144118,0.03443899
5,-8068,-4132,-2466,-13177,-3858,-4046,1745,5440,-2491,3180,2039,-7432,-225,9419,-6659,1755,12282,-15506,-689,-617,-380,4974,-727,-3271,0.307917893,5.043988228,1.553134203,0.034446403
5,-7308,-5971,-3863,-11381,-4067,-6726,1605,5184,-2336,2044,1907,-7978,-2893,7966,-7163,194,10801,-16216,-402,-1431,-248,4262,-3876,-4795,0.317693055,5.043988228,1.60244,0.034454051
5,-6603,-6804,-4612,-9630,-4331,-7706,1623,4144,-2225,1630,1529,-7648,-4009,6949,-7696,-891,7359,-16953,758,-2636,-562,3389,-5866,-5766,0.312805474,5.043988228,1.577787161,0.034461576
5,-5663,-6859,-5251,-7268,-4882,-8698,1842,1393,-2132,2256,1470,-6836,-3879,5690,-8261,-2457,5202,-16307,3391,-3364,-1294,2753,-7061,-5049,0.317693055,5.05376339,1.605545521,0.034469247
5,-4868,-6288,-5574,-5561,-5045,-9406,1879,-707,-2084,3243,1691,-6476,-3685,4110,-9676,-3348,4618,-15242,5554,-3946,-2015,2612,-5844,-5240,0.312805474,5.043988228,1.577787161,0.034476768
5,-3947,-4637,-6013,-3482,-4694,-9075,1773,-2130,-1971,4233,1707,-6151,-3785,2537,-11383,-3299,3686,-14870,7651,-5435,-2120,3169,-3256,-7340,0.312805474,5.043988228,1.577787161,0.034484304
5,-3396,-3126,-6436,-2476,-4633,-8452,1742,-2650,-1711,5120,1521,-5817,-3453,1488,-12576,-3141,2294,-13740,8105,-7137,-1999,4003,-1807,-8891,0.312805474,5.05376339,1.580844879,0.034491852
5,-3052,-1691,-6938,-1572,-4581,-7216,1668,-2294,-1541,5444,1631,-5693,-3891,-170,-12779,-3292,1492,-12009,8001,-7549,-1861,6037,-1359,-9657,0.322580636,5.05376339,1.630246162,0.03449963
5,-2521,-569,-7536,-706,-5061,-6606,1686,-1432,-1458,5766,1842,-6177,-4877,-1463,-12448,-3113,285,-10922,7056,-7277,-1921,7994,-614,-8288,0.312805474,5.05376339,1.580844879,0.034507174
5,-1908,-474,-7681,-242,-4975,-6492,1482,-1129,-1421,6154,2002,-6317,-5488,-2504,-11903,-2953,-1950,-9851,4263,-6320,-1380,10561,1206,-6344,0.322580636,5.05376339,1.630246162,0.034514952
5,-1109,-684,-7549,815,-4758,-6467,945,-795,-1480,6390,1517,-6442,-5513,-3162,-10879,-2968,-4363,-8595,2164,-5155,-571,10992,4055,-4493,0.337243408,5.043988228,1.701051831,0.03452307
5,-554,-735,-7334,1666,-4758,-6036,588,-875,-1564,5930,974,-6364,-5100,-3910,-9868,-3833,-6284,-8018,-766,-3293,-349,9808,3824,-3113,0.322580636,5.043988228,1.627092957,0.03453083
5,296,-783,-6843,3314,-5210,-6478,470,-848,-1612,4957,553,-6986,-4032,-4672,-8426,-4322,-9178,-6988,-2612,-2121,-489,9202,2577,-3897,0.312805474,5.05376339,1.580844879,0.034538381
5,992,-534,-6176,5154,-5608,-6498,525,-740,-1560,3255,932,-7073,-2595,-5377,-7106,-5364,-10434,-6113,-3532,-1346,-611,9328,-131,-5511,0.317693055,5.05376339,1.605545521,0.034546044
5,1706,59,-5423,6885,-6055,-6569,588,-1380,-1449,2290,1763,-7153,-1679,-5975,-5833,-6136,-12016,-4916,-3202,-64,-835,10249,-2848,-5319,0.317693055,5.05376339,1.605545521,0.03455371
5,2580,967,-4253,8524,-6511,-6340,448,-2837,-1380,1863,2896,-7213,-647,-6875,-4947,-6343,-13063,-3993,-563,1678,-1640,9400,-6557,-3319,0.322580636,5.05376339,1.630246162,0.034561485
5,3280,1625,-3415,9964,-6650,-6284,116,-3693,-1566,2580,3097,-7442,393,-7637,-3906,-6012,-14205,-3758,2481,2625,-2626,6520,-9839,287,0.327468216,5.05376339,1.654946923,0.03456939
5,4212,2741,-2358,10285,-6448,-5630,-315,-4253,-2282,3774,2347,-7336,1729,-8402,-2746,-5751,-14763,-3052,5175,2063,-2992,3881,-11008,2246,0.322580636,5.05376339,1.630246162,0.034577195
5,4791,3204,-1382,10271,-6494,-4605,-409,-4031,-2837,4754,1732,-7507,2771,-9390,-1483,-5061,-14524,-1750,3971,706,-2646,3315,-11365,590,0.312805474,5.05376339,1.580844879,0.034584749
5,5419,3447,43,9416,-6282,-2942,-358,-3109,-3364,5784,959,-7838,4008,-10125,-414,-3608,-13344,-287,3322,1280,-2329,4461,-11253,-1678,0.317693055,5.05376339,1.605545521,0.034592416
5,5737,3287,1017,8351,-6132,-1702,-259,-2245,-3597,5840,613,-8006,4989,-10590,1251,-2058,-11234,1448,5262,360,-2941,4284,-7723,-4869,0.312805474,5.05376339,1.580844879,0.034599964
5,5860,2483,2040,6902,-5802,137,-240,-1320,-3822,5271,490,-8363,5410,-10883,2980,-1103,-9579,3337,7482,-357,-4155,3759,-334,-9596,0.317693055,5.05376339,1.605545521,0.03460763
5,5778,1442,2647,6379,-6276,1557,228,-79,-4054,4663,594,-8801,5320,-11105,4650,273,-7741,4563,6156,123,-4508,6002,2901,-8842,0.312805474,5.05376339,1.580844879,0.03461517
5,5584,463,3116,5854,-6572,2488,97,700,-4114,3775,854,-8936,5189,-10906,5855,1932,-6279,5996,3860,1683,-4269,9176,2923,-5450,0.317693055,5.05376339,1.605545521,0.034622826
5,5190,-683,3563,4959,-6812,3256,346,879,-4175,3048,986,-9110,5012,-10159,7181,3342,-5058,7443,3316,3248,-3619,9813,4453,-3937,0.317693055,5.05376339,1.605545521,0.034630485
5,4866,-1537,3860,4305,-7153,3315,656,734,-4266,2868,947,-9151,4776,-8939,7959,4578,-3916,9235,1455,2961,-2755,8506,4064,-4398,0.322580636,5.05376339,1.630246162,0.034638263
5,4749,-2834,4227,4270,-6818,3944,1133,481,-4481,2787,1142,-9149,4567,-6996,8206,6018,-2171,10476,-1446,2701,-1747,6995,-885,-842,0.317693055,5.05376339,1.605545521,0.03464593
5,4512,-3326,4397,4327,-6176,4749,1469,411,-4679,2631,1400,-9221,4216,-5374,8112,6894,-1092,11550,-2570,2227,469,9134,-4184,-3667,0.312805474,5.05376339,1.580844879,0.034653485
5,4126,-3595,4663,4834,-5975,6022,1893,254,-4834,2395,2586,-9480,3953,-3224,7616,7405,150,12015,-3119,1783,1162,6808,-5399,-10425,0.312805474,5.05376339,1.580844879,0.034661032
5,3673,-3428,5148,5002,-6448,7311,2115,464,-4840,2222,4314,-9581,3958,-1573,6771,7600,402,12099,-3329,632,384,-626,-9282,-5293,0.312805474,5.05376339,1.580844879,0.034668569
5,3027,-2762,5629,4061,-5808,8355,2264,678,-4566,2182,6497,-9079,4603,-428,6291,8256,538,11497,-979,-92,-281,-511,-9999,-1066,0.312805474,5.043988228,1.577787161,0.034676109
5,2100,-1809,6197,2392,-5199,9782,1437,1340,-4042,2820,6811,-8684,6243,479,6160,9371,1765,10386,1338,-305,-1057,4027,-5823,-1810,0.312805474,5.043988228,1.577787161,0.034683637
5,1400,-1227,6539,-329,-4329,10330,916,2042,-3576,2625,4534,-8301,7183,1714,6479,10729,4457,9399,1934,-132,-1873,10260,255,-3269,0.322580636,5.05376339,1.630246162,0.034691423
5,12,-1724,6673,-3828,-4271,10625,1364,2026,-3271,2785,3069,-7689,7121,3391,7497,11757,6243,8599,1290,-119,-1486,11800,3801,-3938,0.307917893,5.043988228,1.553134203,0.034698859
5,-1009,-2793,6834,-5225,-4193,10357,1670,2090,-3348,3080,2806,-7788,6874,5629,8255,12578,8244,8088,1633,329,-1393,9120,1167,-3937,0.312805474,5.043988228,1.577787161,0.034706388
5,-2154,-3698,6880,-5758,-4126,9380,1789,2492,-3413,3935,2744,-7735,7589,7613,8145,13127,9406,6320,2508,873,-1333,6855,-4482,-3586,0.312805474,5.043988228,1.577787161,0.034713913
5,-2850,-3666,6682,-6976,-3700,8984,1745,2957,-3299,4135,2690,-7686,8762,9819,7216,13571,10999,4085,3914,914,-1718,5417,-5415,-3045,0.322580636,5.05376339,1.630246162,0.034721695
5,-4040,-3810,6232,-8919,-3908,9141,1842,3539,-2951,3890,2784,-7726,9315,11276,6150,13975,12325,1163,5029,290,-2133,4941,-4915,-2563,0.307917893,5.05376339,1.556144118,0.034729123
5,-4916,-4219,6108,-8788,-4073,8820,1984,4034,-2714,3653,2824,-8007,9258,12205,4429,13586,13532,-360,5415,107,-1787,6104,-2085,-2433,0.322580636,5.043988228,1.627092957,0.03473689
5,-5750,-4089,5753,-9022,-3733,8702,2075,4261,-2453,3591,2840,-7992,9549,12685,2977,14411,13738,-2268,4601,85,-1350,7769,1524,-3576,0.307917893,5.05376339,1.556144118,0.034744326
5,-6941,-3549,4956,-10802,-2674,8240,2051,4050,-2055,3578,2646,-7914,9530,13258,1141,14513,14735,-6501,2933,337,-1264,8046,2774,-4291,0.317693055,5.05376339,1.605545521,0.034751981
5,-7942,-4320,4339,-11455,-1344,7904,2066,3787,-1766,3752,2453,-7651,6860,13639,-1190,13101,17756,-8450,1870,580,-1127,7575,3055,-4721,0.312805474,5.05376339,1.580844879,0.034759533
5,-9142,-5776,3481,-11016,-617,5976,2116,3668,-1566,3852,2305,-7361,3964,12851,-4017,10501,17049,-7803,1057,689,-755,5920,2779,-4790,0.322580636,5.043988228,1.627092957,0.034767337
5,-9909,-6339,2504,-11039,-931,3945,2123,3982,-1497,4019,2216,-7417,2166,12441,-5862,10345,14331,-8444,552,412,-340,5189,2258,-4124,0.317693055,5.05376339,1.605545521,0.034775004
5,-10199,-6473,1154,-11781,-2142,242,2157,4725,-1408,4440,1845,-8044,579,13125,-6730,10506,11041,-10154,367,-44,64,5470,1033,-4051,0.317693055,5.05376339,1.605545521,0.034782663
5,-10050,-6456,211,-12754,-2772,-1546,2213,5249,-1452,4774,1613,-8500,-42,14355,-7594,9900,9693,-13042,351,-514,311,6060,-878,-3739,0.312805474,5.05376339,1.580844879,0.03479021
5,-9779,-6786,-546,-12732,-3265,-2443,2382,5634,-1700,4064,1215,-8507,-1046,14939,-8378,8766,9693,-15419,893,-666,278,5544,-2027,-2901,0.317693055,5.05376339,1.605545521,0.03479787
5,-9255,-7385,-1581,-11830,-2870,-4840,2530,5568,-1845,2881,970,-8233,-1864,15045,-9919,6848,9836,-19365,1520,-1129,69,5722,-2177,-2711,0.322580636,5.05376339,1.630246162,0.03480567
5,-8709,-7478,-2554,-10683,-2718,-5737,2602,5049,-1865,1455,963,-7508,-1910,14531,-11392,4422,8527,-22006,2639,-1900,-217,5622,-1395,-2418,0.322580636,5.05376339,1.630246162,0.034813467
5,-7916,-6292,-4011,-8997,-2216,-5660,2564,3699,-1896,-133,1038,-6563,-1237,12283,-14045,2396,6968,-21212,3478,-2703,-579,5659,-1196,-2848,0.317693055,5.05376339,1.605545521,0.034821134
5,-7476,-4401,-5457,-9086,-3037,-5615,2575,2408,-1973,-652,1169,-5889,-1097,8405,-15029,1712,5876,-19562,3958,-3254,-783,5019,-1273,-3394,0.317693055,5.05376339,1.605545521,0.034828797
5,-6760,-2599,-7238,-9120,-3470,-4865,2623,388,-1786,-400,1608,-5182,-1916,5905,-13708,2305,4693,-17199,4634,-4039,-820,4335,-2160,-4218,0.312805474,5.05376339,1.580844879,0.034836341
5,-5963,-2117,-8036,-7924,-2640,-4599,2646,-1137,-1467,399,1708,-5494,-2433,3416,-12024,1408,1975,-14427,5325,-5226,-789,4230,-2624,-5287,0.317693055,5.05376339,1.605545521,0.034844007
5,-4784,-1848,-8750,-5754,-1817,-5240,3101,-3065,-806,2327,2413,-6607,-2407,829,-10047,811,-161,-12461,5691,-5771,-875,4813,-3385,-6392,0.317693055,5.05376339,1.605545521,0.034851674
5,-3862,-1797,-9001,-3957,-1607,-6025,3255,-4232,-501,4096,3726,-6708,-1716,-1208,-9190,528,-1188,-11402,5860,-5726,-1047,5529,-3773,-7293,0.322580636,5.05376339,1.630246162,0.034859445
5,-2905,-1643,-9050,-1964,-1820,-7117,2424,-5233,-783,5508,4883,-6219,-1302,-2360,-9475,277,-2080,-10988,5243,-5613,-995,6585,-2744,-6886,0.317693055,5.05376339,1.605545521,0.034867112
5,-1448,-1023,-8701,1760,-2821,-8911,1759,-5053,-1340,6388,4624,-6294,-941,-3357,-10539,-1471,-3327,-11483,4024,-5444,-588,8774,-939,-6591,0.317693055,5.05376339,1.605545521,0.034874786
5,-239,-297,-8211,3619,-3861,-10079,1056,-4575,-2065,7010,3854,-5733,-1655,-4673,-11803,-2701,-4992,-10989,1724,-5312,-64,11045,1318,-6075,0.317693055,5.043988228,1.60244,0.034882434
5,1002,-161,-7490,4333,-4983,-10149,738,-3030,-2966,6686,2210,-6407,-3670,-6074,-11175,-3357,-7321,-11763,6,-4455,44,11368,1182,-5259,0.312805474,5.05376339,1.580844879,0.034889981
5,1790,-581,-7057,4786,-5663,-9541,761,-1939,-3281,5610,1864,-6803,-4331,-7368,-8641,-4922,-12004,-11925,-378,-4035,-612,11307,-160,-3868,0.322580636,5.05376339,1.630246162,0.03489776
5,2964,-546,-6337,7731,-6438,-8706,700,-2161,-3451,4289,1963,-7041,-3684,-8909,-6282,-7054,-15628,-11035,250,-3792,-1407,10370,-2551,-2197,0.327468216,5.043988228,1.651745796,0.034905635
5,3966,1082,-5505,10773,-7335,-8266,576,-2319,-3755,3937,2058,-7465,-1019,-11026,-4283,-7821,-17436,-9043,1482,-2969,-2399,9583,-3507,-1740,0.317693055,5.043988228,1.60244,0.034913301
5,5023,3485,-4352,12327,-7999,-7741,521,-2634,-3873,4356,2669,-7874,2317,-13070,-3777,-7264,-16800,-6632,2389,-2198,-2957,8274,-3856,-1718,0.317693055,5.05376339,1.605545521,0.034920968
5,6184,6411,-2250,11668,-7566,-5466,235,-2529,-3770,4961,3225,-8017,4524,-14797,-3386,-5510,-14076,-4613,3654,-1953,-3088,7265,-4556,-2029,0.312805474,5.05376339,1.580844879,0.034928508
5,6554,7811,-679,10078,-6912,-3335,-65,-1785,-3977,5506,2973,-7991,7029,-15643,-2446,-2906,-11804,-1697,4534,-1903,-3181,6621,-5607,-2306,0.317693055,5.043988228,1.60244,0.03493616
5,6676,8428,1213,7874,-6524,-241,-90,-1079,-4219,5494,2502,-8194,8870,-16048,-371,-257,-9140,714,4288,-1378,-2868,6054,-6537,-1742,0.312805474,5.043988228,1.577787161,0.034943704
5,6413,7405,2244,5994,-6140,1286,-16,-420,-4391,5427,2180,-8585,9395,-15911,1969,1998,-7446,3142,3256,-678,-2523,5042,-6731,-1080,0.307917893,5.05376339,1.556144118,0.034951143
5,5538,4783,3534,4901,-6287,3229,168,272,-4493,5256,1018,-8964,9332,-15331,4530,4414,-5073,4988,2044,-149,-2099,4665,-6064,-2186,0.312805474,5.05376339,1.580844879,0.034958716
5,4709,3110,4279,3958,-6691,3893,468,727,-4442,4715,679,-9001,8576,-14412,6227,7144,-3721,6835,2630,-51,-1801,5168,-5356,-3213,0.312805474,5.043988228,1.577787161,0.03496626
5,4155,959,4920,2195,-7422,4104,894,1096,-4454,3740,574,-8938,7569,-11572,8001,9354,-1360,10291,3050,-83,-1702,4625,-2912,-5200,0.317693055,5.05376339,1.605545521,0.034973934
5,4147,-961,5165,1652,-6452,3701,1259,1586,-4571,3102,1151,-8958,5922,-6997,8920,10738,1301,14344,3381,-784,-2128,5009,733,-6226,0.312805474,5.043988228,1.577787161,0.034981463
5,3921,-2969,5617,1186,-5216,3957,1812,1604,-4842,2644,1299,-9094,4127,-2013,8695,11550,3341,15479,3608,211,-2925,7367,2618,-6271,0.312805474,5.043988228,1.577787161,0.034989007
5,3185,-4859,5795,1400,-5109,6091,2249,1532,-4886,2939,1917,-9181,3104,1089,8305,10995,3105,13514,3355,2074,-2806,8884,1535,-5051,0.317693055,5.05376339,1.605545521,0.03499667
5,2167,-5019,5703,927,-5256,9537,2456,1832,-4586,3220,2406,-9121,4021,3282,8436,10481,3451,10975,1111,3486,-1592,8733,-12,-5096,0.332355827,5.05376339,1.679647684,0.035004709
5,800,-4506,5415,-911,-6299,11510,2813,1668,-4102,3437,2892,-8505,5528,4154,9031,10805,5708,9827,-784,3590,-849,8156,-1166,-4354,0.312805474,5.05376339,1.580844879,0.035012256
5,-171,-4859,5486,-2725,-6642,11680,2849,629,-3800,3911,3345,-7765,5470,5017,9474,11670,8152,9973,-888,3437,-1017,5451,-2152,-3473,0.317693055,5.043988228,1.60244,0.035019901
5,-1472,-5936,5918,-5677,-5935,10498,2571,175,-3723,4852,3009,-7607,5183,6164,9954,13231,10656,9394,-730,1858,-1311,6091,-4166,-4146,0.322580636,5.05376339,1.630246162,0.035027683
5,-2449,-6988,6137,-7421,-5289,9182,2630,1024,-3718,5310,2589,-7871,4923,8761,9612,14962,12404,7703,525,1338,-702,10180,-4754,-4980,0.317693055,5.05376339,1.605545521,0.035035349
5,-3678,-7793,5999,-7703,-4129,8005,2709,2251,-3778,5673,2766,-7763,5808,12222,8574,16021,13289,4813,547,2932,-677,10082,-5368,-5782,0.317693055,5.05376339,1.605545521,0.03504302
5,-4669,-7518,5680,-7977,-3933,8071,2774,2848,-3654,5748,3212,-7797,7179,14859,6574,16196,13513,2415,-842,2793,-532,2794,-6126,-4433,0.317693055,5.05376339,1.605545521,0.035050683
5,-5750,-6804,5331,-9164,-3854,7637,2684,3727,-3166,5234,3642,-7466,8161,15957,4127,16717,13873,-889,-37,849,-398,626,-7258,-3170,0.317693055,5.05376339,1.605545521,0.035058346
5,-7235,-6069,4798,-10265,-2717,7903,2463,4076,-2622,4767,3726,-7132,8939,16837,2088,17764,14097,-5777,1674,111,-762,1291,-6586,-2849,0.317693055,5.05376339,1.605545521,0.035066035
5,-8612,-6785,4863,-10798,-768,8539,2061,4101,-1771,4530,3541,-6811,7398,16673,-1730,16082,16588,-7260,3961,-374,-1055,2259,-4388,-3469,0.518084049,5.05376339,2.618274212,0.035078559
5,-10472,-7826,4681,-9887,1143,7091,1922,3898,-1077,4439,3315,-6692,4146,15733,-4649,15636,16482,-8963,5161,-912,-1367,3647,-1507,-4246,0.317693055,5.05376339,1.605545521,0.035086215
5,-11504,-7992,3995,-10141,753,4145,1898,3432,-493,4648,2930,-6989,2125,15882,-6650,13494,13886,-9887,5472,-1084,-1910,6032,2315,-5898,0.317693055,5.05376339,1.605545521,0.035093889
5,-11990,-7801,2688,-12448,-1222,-609,1989,3667,-262,5401,2279,-7749,204,16359,-7493,12375,10916,-12087,4901,-1402,-2231,7806,3969,-6409,0.312805474,5.05376339,1.580844879,0.035101432
5,-11706,-7667,1872,-13792,-2562,-2292,2176,4823,-521,5217,1901,-8479,-1598,16899,-7672,11960,10018,-18042,2930,-1500,-1997,8241,4230,-5285,0.317693055,5.05376339,1.605545521,0.035109092
5,-11326,-7795,995,-14530,-2457,-4047,2450,6617,-1089,3756,1501,-8889,-2730,17172,-7614,9498,10201,-22231,1681,-1912,-1301,5495,1552,-4687,0.307917893,5.043988228,1.553134203,0.035116516
5,-10490,-7840,-368,-12762,-2261,-5280,2533,7174,-1429,2180,1406,-8372,-2578,16324,-8850,4599,10980,-24491,1425,-2714,-1083,3301,-1083,-4626,0.317693055,5.05376339,1.605545521,0.035124172
5,-9703,-6603,-1595,-11063,-2079,-5743,2353,6518,-1610,216,1036,-7070,-1348,13163,-10706,556,9243,-24097,1744,-3588,-816,2414,-2598,-4051,0.337243408,5.05376339,1.704348445,0.035132304
5,-8708,-3634,-3573,-10234,-2861,-6974,2337,5365,-1623,-571,800,-6401,22,8916,-12962,-382,7801,-21792,2867,-4176,-737,3127,-4090,-4298,0.312805474,5.043988228,1.577787161,0.035139836
5,-7851,-1398,-5344,-10564,-3410,-7611,2642,3069,-1455,-729,839,-5951,31,4991,-13250,-332,7274,-20360,4728,-4626,-601,4380,-2965,-5669,0.317693055,5.043988228,1.60244,0.035147499
5,-6386,15,-7275,-9611,-3277,-8254,2944,1220,-1279,-394,966,-6005,-274,2362,-12504,-168,5551,-18937,5990,-5800,-179,5172,-1349,-7674,0.312805474,5.043988228,1.577787161,0.035155043
5,-5163,155,-8275,-7628,-3076,-8704,3187,-882,-1104,377,1232,-6463,-1356,261,-11968,-444,3740,-16820,6513,-6542,-163,6231,-1601,-8005,0.307917893,5.05376339,1.556144118,0.035162479
5,-3466,-80,-9004,-4349,-2708,-8793,3327,-3620,-946,2129,1664,-6742,-2510,-1950,-11691,-747,1410,-15410,6322,-7106,-441,8269,-1507,-6833,0.307917893,5.05376339,1.556144118,0.035169899
5,-2360,-72,-9289,-2171,-2517,-8712,3271,-5342,-967,3925,2071,-6790,-3121,-4037,-11651,-799,-354,-14326,4671,-7805,-945,11176,-45,-5463,0.307917893,5.05376339,1.556144118,0.035177335
5,-1337,313,-9449,-420,-2714,-8720,3006,-6099,-1364,6126,2546,-7009,-3070,-5850,-11427,-733,-3018,-13517,3069,-6321,-1172,13975,1369,-5717,0.342130989,5.05376339,1.729049087,0.035185598
5,104,1180,-9389,1522,-3504,-9551,2750,-5988,-1848,7332,3017,-6886,-2637,-6784,-11030,-813,-6051,-12599,319,-4294,-872,13210,2359,-5031,0.307917893,5.05376339,1.556144118,0.035193019
5,1321,1992,-9126,2675,-3959,-9764,2116,-4883,-2614,7232,2988,-6441,-1642,-7474,-10057,-1561,-8656,-11373,-1708,-1520,-578,11245,938,-3621,0.312805474,5.05376339,1.580844879,0.035200574
5,2769,2910,-8431,3961,-4255,-8961,1765,-3846,-3040,6126,2610,-6612,-354,-8291,-8600,-2558,-9997,-9519,-2150,-298,-915,8938,-1439,-2896,0.317693055,5.05376339,1.605545521,0.035208236
5,3757,3524,-7642,5147,-4513,-8170,1269,-3320,-3217,4762,2375,-6821,653,-9493,-6905,-3603,-11203,-8157,-1515,389,-1313,7837,-4792,-2814,0.312805474,5.05376339,1.580844879,0.035215773
5,4954,4458,-6263,6807,-4934,-7154,994,-3622,-3156,3970,2269,-7012,2074,-10379,-5714,-3811,-11405,-6406,293,742,-2153,6522,-7975,-1939,0.322580636,5.05376339,1.630246162,0.035223555
5,5736,5099,-5155,7691,-5285,-6308,655,-3546,-3163,4104,2482,-7364,3242,-11211,-4425,-3224,-10999,-4572,1773,-13,-2990,3791,-9216,-341,0.307917893,5.05376339,1.556144118,0.035230987
5,6404,5640,-3945,7983,-5446,-5357,286,-3281,-3355,4186,2346,-7656,4046,-11717,-3267,-2920,-10675,-2578,3646,-861,-3268,3590,-9008,-879,0.317693055,5.05376339,1.605545521,0.035238646
5,7028,5849,-2360,7372,-5446,-3685,18,-3415,-3418,4498,2454,-7989,4548,-11946,-1822,-2208,-10198,-1153,4954,-984,-3420,4480,-7631,-2777,0.322580636,5.05376339,1.630246162,0.035246428
5,7242,5457,-1234,6777,-5518,-1968,-307,-3212,-3486,4983,2028,-8315,4938,-12212,-577,-1714,-9273,881,5605,-536,-3530,6008,-5621,-2784,0.337243408,5.05376339,1.704348445,0.035254557
5,7323,4475,138,6887,-5987,-233,-311,-2580,-3614,5069,1668,-8548,5069,-12385,1065,-456,-8399,2577,5626,-124,-3412,7038,-3884,-2947,0.317693055,5.05376339,1.605545521,0.035262223
5,7211,3489,1140,7064,-6079,778,-254,-1829,-3756,5105,1157,-8770,4901,-12468,2480,403,-8000,4358,5468,295,-3384,6569,-1911,-3621,0.312805474,5.05376339,1.580844879,0.035269767
5,6845,2231,2282,7405,-6290,1954,-186,-1212,-3863,4987,778,-8847,4825,-12468,3631,1690,-7773,5277,4755,183,-3360,6122,-767,-4484,0.312805474,5.05376339,1.580844879,0.035277307
5,6500,1557,2996,7192,-6177,2700,-5,-771,-3983,4705,719,-8765,5190,-12161,4461,3537,-7499,6221,3354,790,-3238,7630,-236,-6053,0.322580636,5.05376339,1.630246162,0.035285085
5,6056,677,3798,6203,-5781,3453,228,59,-4292,4354,1160,-8553,5682,-11346,5586,5440,-6678,7466,2004,2033,-3049,8213,-475,-5339,0.317693055,5.05376339,1.605545521,0.035292741
5,5814,-101,4191,5455,-5139,4305,544,882,-4618,4063,1436,-9061,5621,-9738,6879,7254,-5573,9259,1453,2897,-2967,7057,-975,-3696,0.322580636,5.05376339,1.630246162,0.035300523
5,5611,-1378,4586,4335,-5531,5186,912,1985,-5027,2552,1723,-9458,4854,-7287,8374,9207,-4073,10893,946,2592,-2764,5281,-1641,-2087,0.317693055,5.05376339,1.605545521,0.035308186
5,5335,-3836,5442,4179,-5836,6419,1284,1642,-5138,1844,1935,-9404,3560,-5319,9258,10247,-3105,12463,223,1969,-2233,5171,-1743,-2166,0.322580636,5.05376339,1.630246162,0.035315968
5,4963,-5188,6060,4482,-5772,7609,1357,130,-4992,2514,2109,-8754,3226,-3160,10087,11036,-3026,12677,-546,1542,-1320,7556,-3403,-3175,0.312805474,5.05376339,1.580844879,0.035323512
5,4053,-5891,6969,5704,-5198,9259,1376,-557,-4740,3757,2020,-8786,4209,-1574,10146,11860,-2792,11782,1092,905,-845,10143,-3120,-8500,0.317693055,5.05376339,1.605545521,0.035331186
5,3183,-5279,7600,6175,-4664,10403,1689,-88,-4150,5160,2853,-9506,5813,-406,9688,13158,-1647,11137,378,1601,-630,774,-7252,-5647,0.322580636,5.05376339,1.630246162,0.035338968
5,1710,-3899,8215,3966,-3907,11855,1736,885,-3490,5969,3544,-9758,6832,513,9351,14410,542,10589,-282,-21,519,997,-9395,-2750,0.322580636,5.05376339,1.630246162,0.035346784
5,632,-3584,8865,1192,-3726,11877,1315,1891,-2789,6479,2741,-9059,7280,2129,9286,15760,3101,9862,-1049,162,396,4834,-6483,617,0.317693055,5.043988228,1.60244,0.035354454
5,-1149,-3597,9778,-3225,-2390,11666,940,1803,-1985,6464,1629,-7410,7758,4737,9714,17205,5237,8525,616,-258,-550,6891,-205,-638,0.312805474,5.05376339,1.580844879,0.035361998
5,-2572,-2855,9787,-6245,-463,11467,1001,2125,-1590,5985,1552,-7092,10263,8386,10082,20056,7446,5944,941,-520,-592,10740,3339,-4588,0.312805474,5.043988228,1.577787161,0.035369519
5,-3964,-1967,9098,-9072,152,11696,1061,3524,-1357,5024,1687,-6844,12331,11084,8949,22858,11705,1892,-64,433,-420,12333,4665,-5747,0.307917893,5.05376339,1.556144118,0.035376962
5,-5854,-1330,7993,-9727,686,11775,966,4654,-1328,4552,1552,-6486,14209,14167,6373,23421,15040,-1863,-1780,961,-765,8917,790,-4671,0.322580636,5.043988228,1.627092957,0.035384748
5,-7481,-953,7040,-9318,1049,12281,699,5687,-1118,4475,1401,-6297,13405,15240,1091,21781,17228,-5921,-527,1004,-1038,7238,-4307,-2683,0.317693055,5.05376339,1.605545521,0.035392433
5,-9740,-552,6006,-8391,1196,11149,628,6538,-679,4592,1362,-6707,10826,14784,-4490,15447,17426,-6229,1044,1166,-1032,4455,-8587,-2381,0.317693055,5.05376339,1.605545521,0.035400093
5,-11090,110,5014,-9107,686,7490,915,7012,208,5040,1261,-8396,9184,13273,-8431,9216,14375,-4873,2737,633,-1157,2676,-9856,-2598,0.307917893,5.05376339,1.556144118,0.035407513
5,-11750,1073,3059,-11981,-2420,1298,1218,6739,772,5466,1078,-9984,7408,12452,-9359,9249,11262,-7446,4595,-26,-1189,3195,-6970,-2208,0.317693055,5.043988228,1.60244,0.035415158
5,-11717,860,1707,-14925,-3452,-2016,1461,6526,917,5538,847,-10928,5384,14233,-9118,8554,10652,-12066,6027,-788,-1694,5828,-2072,-2924,0.322580636,5.05376339,1.630246162,0.035422944
5,-11284,-924,540,-14553,-3837,-3820,1877,6460,454,4510,616,-10890,2368,15679,-9134,6391,11833,-15194,6649,-1376,-2241,7610,1588,-5087,0.322580636,5.043988228,1.627092957,0.035430703
5,-10437,-2925,-885,-11765,-3850,-5343,2283,6215,-5,2778,601,-10164,-10,15567,-10230,2882,12201,-19050,5210,-1251,-2601,7778,3252,-5961,0.312805474,5.043988228,1.577787161,0.035438228
5,-9700,-3237,-2087,-9843,-3606,-5334,2514,5510,-492,476,1065,-8735,-918,13703,-11787,-1079,9997,-20986,3936,-963,-2305,7554,4130,-5611,0.312805474,5.05376339,1.580844879,0.035445772
5,-8845,-1959,-3897,-9147,-3833,-5625,2357,4781,-659,-990,1413,-7583,-698,9930,-13283,-3360,8003,-19905,2411,-385,-1686,6991,4290,-4628,0.307917893,5.05376339,1.556144118,0.035453208
5,-7888,-403,-5652,-8988,-3744,-5424,2239,3308,-761,-2041,1803,-6217,-703,5691,-12868,-3318,6744,-18286,1257,-110,-590,6750,2995,-3871,0.312805474,5.05376339,1.580844879,0.035460781
5,-6382,917,-7590,-8292,-3774,-5457,2377,1745,-744,-1899,2026,-5920,-718,2240,-11540,-3303,4950,-16671,765,-30,190,6028,1762,-3456,0.312805474,5.05376339,1.580844879,0.035468329
5,-5053,1102,-8517,-6972,-3443,-5921,2862,-905,-637,-973,2304,-6374,-997,-316,-10642,-3156,3519,-14801,772,-501,428,5629,415,-2800,0.312805474,5.05376339,1.580844879,0.035475865
5,-3174,941,-9252,-4243,-2849,-6380,3078,-2963,-457,97,2543,-6790,-874,-3300,-10346,-2618,2301,-13187,884,-958,484,6705,322,-2356,0.322580636,5.05376339,1.630246162,0.035483643
5,-1840,1202,-9522,-1974,-2603,-6205,2957,-4866,-345,1591,2674,-7047,-1209,-5846,-10591,-2240,1807,-12495,1006,-1158,221,6687,-839,-3223,0.322580636,5.05376339,1.630246162,0.035491429
5,-596,1719,-9628,37,-2842,-6175,2542,-6410,-625,3519,2745,-7086,-1697,-8315,-11001,-2112,282,-11643,1487,-1373,-50,6094,-1069,-3329,0.312805474,5.05376339,1.580844879,0.035498995
5,914,2353,-9634,1654,-3309,-6057,2196,-6446,-1230,4437,2539,-7258,-2338,-10071,-11234,-1299,-1795,-10840,2168,-2083,-303,5412,-1078,-3156,0.317693055,5.05376339,1.605545521,0.035506662
5,1960,2480,-9672,2205,-3462,-6386,1964,-6123,-2079,5352,2519,-7090,-2641,-11643,-10957,360,-4257,-9396,2782,-3053,-263,5024,-1219,-3051,0.317693055,5.05376339,1.605545521,0.035514321
5,3164,2227,-9395,3640,-3491,-6603,1790,-5373,-2640,5093,2303,-7065,-2680,-12053,-10102,1264,-6505,-7695,3321,-3779,-259,4573,-2233,-3576,0.317693055,5.05376339,1.605545521,0.035521977
5,4092,2213,-8776,6565,-3813,-6676,1661,-4128,-3300,3804,1959,-7671,-2474,-12070,-9151,1380,-10537,-6592,4045,-4610,-646,3627,-3551,-4720,0.327468216,5.05376339,1.654946923,0.035529882
5,5378,3548,-7671,10829,-4762,-6610,1650,-3608,-3635,2532,2346,-7485,-1381,-12206,-8778,163,-14589,-5452,4903,-5536,-1421,2822,-4227,-5869,0.317693055,5.05376339,1.605545521,0.035537548
5,6275,5471,-6673,12417,-5679,-5623,1632,-4378,-3843,2012,2801,-7695,1651,-13365,-7897,-753,-18002,-4113,6303,-6276,-1900,3668,-3327,-6272,0.322580636,5.05376339,1.630246162,0.035545323
5,7130,7019,-5288,12446,-6087,-4729,1402,-4450,-4125,3185,3474,-8157,5450,-14848,-6356,939,-18669,-2689,6330,-6949,-1933,5366,-1316,-7331,0.317693055,5.05376339,1.605545521,0.035552975
5,8216,7710,-2579,11739,-5227,-3770,1114,-4234,-4617,3979,3490,-8442,7604,-15800,-3912,3574,-17336,-1295,4344,-6790,-1149,8564,241,-7096,0.322580636,5.05376339,1.630246162,0.035560757
5,8737,6855,-568,9951,-4473,-1913,628,-3840,-5381,4798,3314,-8784,8916,-15677,-1361,6746,-15303,1579,2296,-6143,-489,11388,1875,-7066,0.317693055,5.05376339,1.605545521,0.035568427
5,8750,3879,1679,7645,-3886,1114,589,-3234,-5980,5612,2848,-9191,8966,-14115,2764,10289,-13379,5205,425,-5148,-171,12883,1521,-5460,0.307917893,5.05376339,1.556144118,0.035575878
5,8498,914,3129,6745,-4419,3045,693,-1850,-6647,6928,3032,-9597,8035,-11352,6698,11959,-11908,8759,-119,-4000,-729,12758,-1340,-4309,0.317693055,5.05376339,1.605545521,0.035583537
5,7784,-2664,4949,7180,-5658,4984,583,-796,-6879,7320,3041,-9556,7399,-8507,9658,13177,-10277,10615,98,-2871,-1662,11944,-2345,-1880,0.317693055,5.05376339,1.605545521,0.035591211
5,7209,-4642,5985,7957,-6038,6205,406,159,-6822,7156,2053,-9993,7276,-6478,11060,14349,-8399,12104,976,-1296,-2639,10775,-3595,-1551,0.322580636,5.05376339,1.630246162,0.035598993
5,6112,-5683,6906,9171,-6685,7763,531,965,-6709,6961,1596,-10051,7637,-3956,11756,15274,-5613,13070,2205,276,-2968,10085,-4240,-1423,0.327468216,5.043988228,1.651745796,0.035606887
5,5135,-5693,7552,9733,-6863,8935,928,1726,-6284,6661,1442,-9457,8406,-1634,11069,15696,-2342,13582,3257,933,-2783,8363,-5274,-718,0.307917893,5.05376339,1.556144118,0.035614323
5,4085,-4869,7926,9490,-6815,9468,1274,1824,-5800,6533,1080,-8889,8473,880,9385,15492,432,14136,3608,491,-2572,6109,-7236,259,0.312805474,5.043988228,1.577787161,0.035621859
5,2540,-3692,8409,8307,-6698,9458,1551,1656,-5174,6567,431,-8718,8296,2725,6934,13904,3318,14002,2574,220,-2714,6507,-8638,-1288,0.312805474,5.05376339,1.580844879,0.035629421
5,1317,-2788,8804,7085,-6088,9366,2041,1310,-4245,6665,-84,-9160,7655,4980,5213,12045,4097,12248,1850,1148,-2583,6220,-9141,-2940,0.307917893,5.05376339,1.556144118,0.035636853
5,-487,-1056,8842,3213,-4406,9563,2376,1407,-3573,7028,-750,-10342,7822,6751,3679,11432,4469,9334,2123,1143,-2554,3987,-7759,-3272,0.312805474,5.05376339,1.580844879,0.035644401
5,-1944,-88,8537,-1130,-3804,9594,3023,2885,-2657,7150,-1346,-11015,8261,8358,3733,11359,5476,7377,4965,323,-3036,3536,-5450,-3325,0.317693055,5.05376339,1.605545521,0.03565206
5,-4023,-143,8007,-8665,-2134,8680,3440,2495,-1971,6541,-548,-9343,8374,10057,5477,13289,8252,4364,6374,-37,-3207,3397,-1967,-4778,0.307917893,5.05376339,1.556144118,0.035659496
5,-5203,-1230,7569,-13037,-2136,6347,3217,911,-1707,5644,45,-7534,8615,14288,6826,16104,12143,413,5922,134,-3018,4945,508,-6026,0.312805474,5.043988228,1.577787161,0.035667021
5,-5854,-3197,6637,-16607,-1871,4312,2969,1574,-1619,4265,115,-6573,9183,18984,7494,18837,16476,-6497,3766,1239,-2487,6448,1963,-7051,0.312805474,5.043988228,1.577787161,0.035674576
5,-6411,-5347,5796,-14197,-829,6348,2627,4335,-1612,3273,842,-5554,7226,21237,4727,19387,21771,-12790,2230,1858,-2004,8335,2942,-5880,0.322580636,5.05376339,1.630246162,0.035682365
5,-7608,-6275,5417,-8502,1057,10180,2250,6307,-1622,2505,1428,-4636,4181,19686,-1447,12307,26068,-13301,860,2254,-1926,9161,2851,-3120,0.312805474,5.05376339,1.580844879,0.035689931
5,-9854,-4269,3438,-9671,4404,9905,1906,6947,-1502,1597,1926,-3858,2072,13836,-5501,8529,21593,-10006,-418,1867,-1627,9600,1266,-3375,0.322580636,5.05376339,1.630246162,0.035697706
5,-10948,-3191,1237,-12946,2761,4569,1368,6025,-1148,1322,1773,-3890,1188,10655,-8411,9440,15848,-9306,-266,1223,-985,9601,-2032,-6437,0.312805474,5.05376339,1.580844879,0.035705253
5,-10879,-3401,-1126,-13980,-1833,-3445,1269,5011,-992,2670,479,-6305,-63,12928,-9273,9640,12205,-9308,474,1930,-763,3836,-7173,-6007,0.317693055,5.05376339,1.605545521,0.03571292
5,-10036,-4283,-2403,-14104,-3303,-8500,2064,5082,-1299,4956,-546,-9971,-995,15730,-10567,8834,9312,-13276,-758,1895,281,2551,-9478,-2317,0.322580636,5.05376339,1.630246162,0.035720713
5,-8562,-6261,-3600,-12116,-3640,-9656,2550,5206,-1912,4681,-220,-10715,-2620,17752,-12094,7500,8124,-22043,-1385,1031,540,4021,-9797,-2247,0.317693055,5.05376339,1.605545521,0.035728365
5,-7990,-6721,-4031,-8977,-2384,-7675,3048,3440,-2755,2035,415,-9281,-6242,16535,-13380,1295,9888,-26937,122,377,-191,3727,-3850,-885,0.322580636,5.05376339,1.630246162,0.035736155
5,-7237,-6525,-5187,-8649,-3910,-8073,2861,1788,-3163,102,962,-7583,-6571,11990,-13645,-1143,7411,-26580,2016,-733,-966,5424,-1740,-3056,0.317693055,5.05376339,1.605545521,0.035743814
5,-6410,-6481,-7290,-10262,-5093,-7968,1667,151,-3273,-1339,1804,-5424,-7487,6648,-11302,-1804,5739,-25717,2805,144,-924,8114,1697,-4486,0.317693055,5.05376339,1.605545521,0.035751488
5,-5095,-6406,-8462,-10116,-4593,-8545,954,-513,-3123,-1300,1469,-5418,-6944,3363,-9429,-3435,1467,-23880,2654,485,-1030,7846,1095,-4955,0.312805474,5.05376339,1.580844879,0.035759028
5,-2930,-5887,-9511,-5585,-3949,-9396,1290,-1178,-2801,6,1289,-6376,-3857,-1365,-9327,-3394,479,-20629,2060,-197,-1433,7243,-213,-4107,0.327468216,5.043988228,1.651745796,0.035766903
5,-1431,-4152,-10008,-1997,-3451,-9162,2063,-1859,-2279,1959,1711,-8469,-1706,-5665,-10560,-2577,1085,-17149,1939,-512,-1498,6461,-2523,-3364,0.322580636,5.05376339,1.630246162,0.035774689
5,245,-2018,-10235,363,-3741,-8725,2404,-2190,-2120,2966,1972,-9852,-1583,-8706,-11423,-1052,8,-15223,1951,-484,-1246,5742,-4506,-3239,0.317693055,5.05376339,1.605545521,0.035782363
5,1485,-1381,-9965,2094,-4453,-8869,2819,-3536,-2170,3250,3209,-9062,-2830,-9988,-11462,-385,-3453,-13435,2923,-407,-912,5433,-5161,-2721,0.317693055,5.05376339,1.605545521,0.035790041
5,3005,-1225,-9315,4434,-5663,-9130,2534,-5516,-2328,3255,3985,-7853,-4285,-10781,-10494,-1011,-8256,-12372,4689,-1070,-1295,4716,-2929,-2796,0.317693055,5.05376339,1.605545521,0.035797708
5,4114,-1028,-8703,6741,-6075,-8932,2083,-6613,-2432,3367,4552,-8179,-4443,-11552,-8986,-2158,-12720,-11336,6436,-1753,-1755,5158,269,-4019,0.312805474,5.05376339,1.580844879,0.035805259
5,4962,-388,-7773,9259,-6498,-8556,1798,-6370,-2744,4365,4405,-8441,-3093,-13187,-7350,-3738,-17335,-9954,6532,-2362,-2163,5822,2032,-4706,0.312805474,5.05376339,1.580844879,0.035812803
5,6240,1731,-6450,12911,-6971,-7707,1371,-5755,-3437,5698,3850,-8455,135,-14395,-6240,-3128,-19102,-7708,6026,-2786,-2102,6466,2403,-4786,0.312805474,5.043988228,1.577787161,0.035820331
5,7140,4113,-5209,13774,-6651,-6294,1089,-5109,-3844,6086,3057,-8310,3661,-15694,-4956,-1219,-17957,-4558,5257,-3357,-1783,6260,2004,-4706,0.322580636,5.05376339,1.630246162,0.03582811
5,7840,6561,-3118,11718,-5669,-2818,833,-4192,-3976,6292,2461,-7953,6693,-16508,-3283,534,-15713,-1520,4660,-3688,-1342,5991,956,-5078,0.312805474,5.05376339,1.580844879,0.035835661
5,7857,7016,-1330,9270,-4891,53,873,-2471,-3986,6224,2148,-7461,8288,-17123,-784,3041,-12238,911,4384,-4120,-726,5045,203,-5411,0.322580636,5.043988228,1.627092957,0.035843432
5,7488,5806,918,7048,-4684,2800,793,-1364,-3811,5799,2267,-7385,9160,-17168,1399,6528,-9901,3093,4398,-4513,-274,4142,-1063,-5850,0.307917893,5.043988228,1.553134203,0.035850842
5,6948,4368,2451,6372,-4778,3982,673,-325,-3485,4762,2234,-7290,9763,-15978,4101,9224,-7510,5400,4208,-4986,152,4112,-3027,-5657,0.312805474,5.043988228,1.577787161,0.035858389
5,6158,3150,3679,5251,-4366,4486,715,-165,-3258,4198,2196,-7401,9668,-13712,6274,11284,-6029,7860,3730,-5550,448,4273,-3173,-5011,0.312805474,5.05376339,1.580844879,0.035865959
5,5272,1231,5028,3764,-3553,4850,778,-91,-3235,3600,2012,-7144,9368,-9687,7564,13993,-2990,9962,2688,-5865,565,5459,-1623,-4591,0.317693055,5.05376339,1.605545521,0.035873622
5,4762,-466,5846,3648,-2932,5077,718,67,-3308,3702,1919,-7233,7994,-5551,7820,14965,398,12932,1198,-6618,1319,8830,25,-6617,0.312805474,5.043988228,1.577787161,0.035881151
5,3675,-2196,6486,4140,-2420,6389,562,536,-3500,4440,1763,-7846,6142,-514,7166,13879,1849,13181,-1116,-6266,1697,10560,1455,-7256,0.327468216,5.05376339,1.654946923,0.035889044
5,2659,-2974,6986,5569,-3097,8085,641,962,-3695,5261,1676,-8196,5930,2871,5647,12131,1020,10951,-2206,-5371,1465,12752,852,-6924,0.307917893,5.05376339,1.556144118,0.035896473
5,1307,-1578,7340,5676,-4293,10139,605,1389,-3726,6134,1766,-8639,7256,3984,4139,9853,1388,9740,-2736,-3546,307,13139,-774,-5014,0.312805474,5.05376339,1.580844879,0.035904016
5,166,-9,7496,3625,-4723,10429,379,1547,-3358,6313,1316,-8742,8416,4181,3086,8635,3193,8985,-2055,-1265,-1091,12816,-2598,-2807,0.337243408,5.05376339,1.704348445,0.035912164
5,-1362,1040,7585,1212,-4798,9361,274,1013,-2987,6258,742,-8799,8792,4870,2639,7975,5178,8375,-498,433,-2222,11420,-4878,-67,0.317693055,5.05376339,1.605545521,0.035919841
5,-2380,1135,7890,191,-4864,8117,368,549,-2700,6099,341,-9192,8143,5955,1794,7317,6584,7661,2952,2183,-2478,8734,-6897,1330,0.322580636,5.05376339,1.630246162,0.035927624
5,-3407,1139,8263,-1284,-4428,7079,567,884,-2500,6169,174,-9696,6994,6992,968,6690,7074,6692,4298,2179,-2398,6206,-7687,1070,0.312805474,5.05376339,1.580844879,0.035935171
5,-4698,1450,8356,-3944,-3124,5473,922,2361,-2165,5865,99,-10357,6846,8309,385,7145,7215,4203,3053,717,-2252,4124,-8359,-1131,0.322580636,5.05376339,1.630246162,0.035942957
5,-5441,2049,7558,-7750,-1809,3959,1183,3522,-1964,5776,286,-9585,8298,11083,197,9028,8480,432,1288,441,-2215,5816,-8881,-3642,0.327468216,5.043988228,1.651745796,0.035950836
5,-6344,2488,5987,-13663,-1553,2622,1311,3826,-1864,5131,982,-7093,9814,14856,284,10338,11980,-4579,1451,1179,-2231,5459,-8348,-3735,0.312805474,5.05376339,1.580844879,0.035958383
5,-7186,1239,4812,-16122,-2172,2901,926,3395,-1883,4631,641,-5690,7505,17263,-477,10578,17412,-9188,3248,778,-3174,3753,-6347,-2593,0.317693055,5.05376339,1.605545521,0.035966054
5,-8028,-1725,4055,-12874,-1864,3917,498,3368,-1880,4292,266,-4707,4342,17600,-3183,7743,21310,-12150,6237,204,-3751,3789,-2851,-4268,0.312805474,5.05376339,1.580844879,0.035973601
5,-8928,-2364,2825,-10628,649,4092,-44,3924,-1626,3763,-297,-4151,2053,15778,-5780,5434,20063,-12368,6475,602,-3605,4926,84,-6859,0.312805474,5.05376339,1.580844879,0.035981141
5,-9907,-1760,931,-11000,693,2597,-242,4525,-1254,4017,-780,-4312,1628,13480,-8780,4315,15751,-11532,4953,973,-2759,5717,1775,-7776,0.322580636,5.05376339,1.630246162,0.035988934
5,-10449,-1163,-1547,-11855,-2438,-1346,151,5316,-863,5228,-1573,-6478,1603,12599,-11138,3790,12496,-11180,2356,2117,-2270,8492,2099,-5559,0.322580636,5.05376339,1.630246162,0.035996716
5,-10441,-796,-2976,-11269,-3772,-4267,898,5644,-669,6384,-1528,-8596,1004,12592,-12980,3157,10150,-12322,895,2394,-2106,7851,1379,-2146,0.317693055,5.05376339,1.605545521,0.036004383
5,-9820,-1489,-4569,-11650,-4195,-6163,1728,5973,-844,6536,-1009,-10397,-2294,12494,-13131,2680,10235,-15103,-302,1578,-1895,6928,1193,-1172,0.322580636,5.05376339,1.630246162,0.036012188
5,-9244,-3562,-5567,-10961,-4181,-7834,2240,5807,-1296,4959,-893,-10860,-6511,11948,-12834,1566,8437,-19349,-1363,1724,-1415,9589,-2078,-4130,0.322580636,5.05376339,1.630246162,0.036019981
5,-8218,-5979,-6372,-8490,-4345,-8900,2574,4905,-1952,2245,-540,-10085,-8081,10213,-12519,647,5821,-22559,806,1588,-608,9858,-3952,-8558,0.317693055,5.05376339,1.605545521,0.036027644
5,-7492,-6348,-7276,-8522,-4102,-9194,2467,3791,-2367,1100,93,-8726,-7998,7029,-11381,-717,2169,-23708,110,2292,-293,2072,-8591,-6329,0.317693055,5.043988228,1.60244,0.036035296
5,-6256,-5544,-8521,-7884,-4036,-10385,2239,2603,-2636,975,990,-7196,-5780,4595,-10304,-3037,-1585,-23885,-1129,798,534,223,-11412,-2730,0.312805474,5.05376339,1.580844879,0.036042839
5,-4868,-3852,-9188,-5499,-4224,-11261,2154,992,-2416,1446,2022,-6241,-1272,535,-9741,-4308,-2963,-22179,610,-909,149,2780,-7696,-1519,0.312805474,5.05376339,1.580844879,0.036050379
5,-3347,-1260,-9702,-2888,-4015,-11665,2322,-196,-1851,2085,2336,-6445,2224,-3540,-9945,-3805,-2188,-19824,2524,-791,-701,6051,-3658,-3770,0.312805474,5.05376339,1.580844879,0.036057968
5,-1284,2022,-10274,-1617,-3906,-11511,2451,-1026,-1124,2655,2898,-6872,3195,-6818,-10002,-2539,-1191,-17566,3480,-620,-733,7571,207,-4417,0.322580636,5.043988228,1.627092957,0.036065739
5,172,2989,-10474,-1616,-3793,-11203,2533,-1368,-919,2878,3165,-7264,2598,-8514,-9621,-881,-1258,-14988,2519,-86,-1014,8294,1797,-4445,0.312805474,5.05376339,1.580844879,0.036073282
5,2097,2180,-10298,-874,-3706,-10196,2687,-2499,-1052,3225,3899,-7546,332,-9657,-8645,-217,-2336,-12598,2238,477,-1591,8577,2087,-4320,0.317693055,5.05376339,1.605545521,0.036080956
5,3350,464,-9846,219,-3586,-8844,2530,-3775,-1264,3465,4296,-7176,-2743,-10545,-7302,-428,-3843,-9920,1456,511,-1640,8370,1289,-3171,0.312805474,5.05376339,1.580844879,0.036088493
5,4451,-2215,-9013,2350,-3602,-7331,2293,-4855,-1402,3752,4224,-7202,-4853,-11138,-5795,-520,-6536,-8400,683,407,-954,7278,-2227,-3505,0.317693055,5.043988228,1.60244,0.036096137
5,4943,-3356,-8268,5153,-3740,-6978,2058,-5405,-1435,4515,4014,-7416,-6241,-11333,-5121,-623,-10387,-7471,962,54,-488,5484,-5325,-4014,0.312805474,5.05376339,1.580844879,0.036103681
5,5472,-2429,-7234,9465,-4278,-6616,1820,-5699,-1534,4965,3721,-7485,-4939,-11555,-4907,-1548,-14263,-6318,1978,-307,-547,4623,-7738,-3366,0.327468216,5.043988228,1.651745796,0.036111575
5,6013,-93,-6372,11683,-4889,-6133,1710,-5458,-1870,4821,3496,-7488,-1317,-12191,-4976,-1746,-16354,-4573,4200,-642,-1420,4565,-6016,-2635,0.337243408,5.05376339,1.704348445,0.036119714
5,6504,2506,-5113,13005,-5339,-5100,1595,-5043,-2186,4463,3824,-7310,1439,-13305,-4606,-1527,-17163,-2968,5863,-875,-2132,5483,-2912,-2982,0.312805474,5.05376339,1.580844879,0.03612731
5,6989,5356,-3061,12442,-5559,-3165,1244,-4394,-2507,4256,3870,-7408,4515,-14231,-3790,-350,-16061,-669,6121,-953,-2218,6490,328,-3967,0.312805474,5.043988228,1.577787161,0.036134839
5,7145,6340,-1494,10864,-4856,-1742,910,-3863,-2528,4294,3585,-7550,6951,-15101,-1962,2316,-14076,884,5624,-867,-1981,7731,2209,-4205,0.307917893,5.043988228,1.553134203,0.036142245
5,7027,6041,454,8559,-4012,664,435,-3207,-2441,4509,2744,-7454,8863,-14849,486,4017,-11955,3269,4740,-892,-1737,7934,2595,-3939,0.317693055,5.05376339,1.605545521,0.036149904
5,6659,5182,1802,7161,-4040,2551,333,-2495,-2505,4258,1928,-7762,9770,-13899,3217,6180,-8844,4755,3775,-749,-1443,7871,2398,-3500,0.317693055,5.05376339,1.605545521,0.036157567
5,5968,3701,3170,5656,-4427,4290,534,-1799,-2646,3735,1602,-8087,9611,-12789,5169,8301,-6212,6971,2839,-689,-1008,7028,1435,-3030,0.317693055,5.05376339,1.605545521,0.036165226
5,5618,2207,3933,4638,-5082,5059,825,-1078,-2860,2949,1641,-8764,8651,-10338,7269,10148,-3800,9346,2458,-1157,-622,6337,1003,-2861,0.317693055,5.05376339,1.605545521,0.036172885
5,5351,319,4581,3316,-5252,5343,1031,-708,-3137,2437,1639,-9280,7187,-6862,8636,11106,-990,12308,2146,-1656,-294,5674,234,-2768,0.312805474,5.05376339,1.580844879,0.036180429
5,4951,-2674,5158,3248,-5886,5702,1367,-261,-3562,2363,1851,-9889,5077,-3060,9286,11634,784,13737,1871,-2630,5,4798,-733,-2950,0.312805474,5.05376339,1.580844879,0.036187984
5,4702,-4364,5470,4230,-5153,6955,1568,35,-3933,2332,2461,-10242,3815,-672,9146,10834,1087,13657,1957,-3778,100,4653,-1688,-3646,0.317693055,5.05376339,1.605545521,0.036195651
5,4106,-5343,5895,5274,-6052,8795,1631,336,-4554,2968,3116,-10035,3423,1244,8526,9659,543,12536,2451,-4313,-44,4593,-2901,-4957,0.312805474,5.05376339,1.580844879,0.036203183
5,3652,-5111,6121,5508,-6524,10304,1744,646,-5059,3393,3122,-9984,4344,2040,8194,8865,896,11853,3391,-4783,-522,4316,-3811,-5767,0.317693055,5.05376339,1.605545521,0.036210846
5,3037,-4361,6365,4109,-6770,10721,2248,1104,-5588,4204,2613,-9899,5048,2326,8090,8623,1831,11464,4187,-5265,-952,3848,-3424,-5258,0.312805474,5.05376339,1.580844879,0.03621839
5,2366,-4078,6525,2052,-6303,11078,2850,1433,-5694,4716,2374,-9710,5172,2631,8595,9449,3725,11162,4555,-5721,-830,5439,-2685,-5162,0.317693055,5.05376339,1.605545521,0.036226053
5,1045,-4359,6822,-1561,-5682,10782,3259,1406,-5655,5648,2331,-8945,5493,3757,9428,10759,6036,10527,4107,-6165,-153,8363,-997,-5192,0.317693055,5.05376339,1.605545521,0.036233731
5,-155,-4945,6989,-4738,-5205,10340,3351,1605,-5434,7162,2322,-7338,5418,5437,10454,12583,8758,9669,2643,-5403,711,10850,526,-4906,0.312805474,5.05376339,1.580844879,0.036241271
5,-1408,-6152,7261,-7053,-4928,9201,3187,2213,-4953,7307,2200,-6411,5604,8174,10883,14131,10626,8622,878,-4462,1030,11876,984,-4806,0.322580636,5.05376339,1.630246162,0.036249064
5,-3035,-7334,7449,-7192,-4301,6940,2566,2857,-3945,7162,1581,-5530,6595,10762,9641,15080,12185,5462,-1319,-3221,854,11433,-110,-4173,0.322580636,5.05376339,1.630246162,0.036256865
5,-4088,-6919,7254,-6374,-3494,6138,2108,3149,-3228,7283,1092,-5491,8214,13549,7496,16015,13261,924,-2418,-2135,72,10764,-1501,-3575,0.312805474,5.05376339,1.580844879,0.03626442
5,-5734,-5077,6798,-7039,-1158,6359,1672,3821,-2488,7256,1012,-5484,9456,15252,3444,16189,14490,-4912,-2215,-1218,-791,9775,-3471,-2858,0.322580636,5.05376339,1.630246162,0.036272191
5,-7300,-4123,6599,-7097,839,6820,1392,3894,-1999,7182,1153,-5007,8551,15582,-2056,14071,17144,-8121,-707,-147,-1410,8312,-5263,-1780,0.322580636,5.05376339,1.630246162,0.03627998
5,-9594,-2703,5411,-7391,2368,6134,949,3334,-1331,7050,1142,-4628,6825,14733,-6742,10824,16444,-9906,1375,285,-2094,7214,-6348,-902,0.317693055,5.05376339,1.605545521,0.036287643
5,-11042,-1636,3927,-8512,2256,3988,485,3176,-867,7313,761,-4970,4618,13286,-8870,8048,13321,-10712,2741,202,-2519,5950,-6821,-304,0.317693055,5.043988228,1.60244,0.036295325
5,-11854,-1246,1986,-10030,-437,-1681,166,3478,-514,7890,32,-6033,1925,12764,-10085,6565,9714,-10406,3558,-43,-2805,5757,-6972,-998,0.312805474,5.05376339,1.580844879,0.036302891
5,-11525,-1758,625,-11227,-2121,-6230,132,4776,-435,8335,-872,-8421,-243,13731,-10688,6035,7542,-12950,3268,341,-2959,6010,-7154,-2376,0.307917893,5.05376339,1.556144118,0.036310315
5,-10669,-2757,-433,-11457,-3662,-9151,443,6639,-761,7583,-1464,-9894,-1263,15765,-12028,5583,5316,-16729,2995,1420,-2714,6400,-6461,-3226,0.312805474,5.05376339,1.580844879,0.036317859
5,-9540,-3815,-1268,-8967,-4048,-10249,913,8782,-1670,4505,-1855,-10665,-2399,16379,-13641,3189,5606,-21762,3476,1340,-2631,4702,-5382,-3718,0.317693055,5.043988228,1.60244,0.036325514
5,-9019,-3510,-2135,-7957,-2841,-9452,1033,8954,-2259,1573,-2075,-10108,-3840,14318,-14700,684,5573,-23995,4859,573,-2776,4236,-3159,-4388,0.317693055,5.043988228,1.60244,0.036333181
5,-8223,-2358,-4535,-9010,-3973,-8300,909,7289,-2357,-1766,-2031,-7417,-4030,11053,-13521,-823,3591,-24649,5139,-21,-3063,4536,-497,-5353,0.312805474,5.05376339,1.580844879,0.036340743
5,-7529,-1749,-6462,-10549,-4313,-7955,837,5179,-1963,-3098,-1596,-5156,-4153,6454,-10223,-3553,2930,-24391,4236,475,-2968,6944,996,-6111,0.312805474,5.043988228,1.577787161,0.03634828
5,-5618,-2232,-8152,-9992,-4374,-9403,943,1570,-1197,-2932,-712,-3440,-3218,2652,-8275,-5781,756,-22634,3185,1663,-2250,8097,1258,-5643,0.312805474,5.043988228,1.577787161,0.036355808
5,-3646,-2565,-8877,-6419,-3922,-10578,1631,-1328,-768,-1468,-696,-4152,-333,-2389,-8620,-4109,772,-20420,1963,2112,-1633,7845,187,-4279,0.327468216,5.05376339,1.654946923,0.036363699
5,-2005,-1415,-9555,-3097,-3405,-11164,2616,-3912,-534,493,156,-5933,847,-5717,-9594,-1932,2050,-18497,409,1867,-1639,6673,-1308,-3100,0.317693055,5.043988228,1.60244,0.036371358
5,-242,537,-10476,-2599,-2848,-10849,3328,-6358,-902,3067,1076,-8291,367,-7764,-10047,137,1610,-16327,-511,1170,-1528,6514,-2942,-3306,0.307917893,5.05376339,1.556144118,0.036378793
5,1004,397,-10872,-1932,-2234,-10100,3297,-6932,-1667,4971,1793,-9833,-1524,-8860,-10011,1273,-62,-13887,1046,694,-950,6652,-3190,-4718,0.312805474,5.05376339,1.580844879,0.036386359
5,2517,-1558,-10764,148,-2127,-9233,3042,-6616,-2634,7503,2838,-9197,-4520,-9914,-9555,1885,-3307,-12075,1109,1872,-405,5901,-5322,-3606,0.317693055,5.05376339,1.605545521,0.036394019
5,3447,-3347,-10425,2155,-2164,-9018,2498,-6358,-3011,7828,3368,-7655,-7166,-10226,-8595,2109,-6387,-10711,-686,1619,569,6065,-6320,-3863,0.322580636,5.05376339,1.630246162,0.036401823
5,4069,-4698,-9833,5974,-2250,-8973,1946,-5224,-2973,5494,4111,-7374,-7951,-10151,-7696,1420,-11520,-10013,135,707,360,5071,-4971,-2873,0.312805474,5.05376339,1.580844879,0.036409367
5,4325,-4208,-9269,10222,-2756,-8928,1459,-4242,-2791,3603,4090,-7714,-6931,-10219,-7141,-7,-17543,-8978,1252,-315,-368,4498,-2233,-2501,0.317693055,5.05376339,1.605545521,0.036417052
5,4984,-955,-8107,15273,-4727,-8602,1041,-4539,-2789,2913,3534,-7587,-3362,-11057,-6685,-1636,-22055,-7591,1789,-349,-698,6909,-1334,-3881,0.332355827,5.05376339,1.679647684,0.036425084
5,5869,3250,-7031,16979,-4797,-8064,885,-4674,-3106,2967,3986,-7613,2026,-12385,-6099,-1906,-22964,-5749,1469,226,-752,7140,-244,-4373,0.312805474,5.05376339,1.580844879,0.036432624
5,6681,7189,-4869,15333,-5417,-6864,557,-4806,-3722,3630,3690,-7438,7091,-13640,-5002,-937,-20850,-3790,1143,494,-875,7902,-188,-3719,0.317693055,5.05376339,1.605545521,0.036440287
5,7405,9719,-1651,12571,-4742,-3649,-228,-4526,-3526,5139,3671,-7348,9508,-14280,-3121,1149,-16342,-914,1097,614,-908,7753,-748,-2392,0.312805474,5.05376339,1.580844879,0.036447853
5,7497,9281,461,10090,-4071,-668,-544,-3671,-3467,6027,2671,-7449,11032,-14612,-1003,3463,-12057,2059,1062,108,-716,6216,-2347,-2520,0.327468216,5.05376339,1.654946923,0.036455777
5,7150,6778,2441,7668,-3703,2621,-321,-2077,-3620,5927,2083,-7684,10707,-14508,2447,5308,-9242,4275,1588,-356,-612,5228,-4270,-3136,0.322580636,5.05376339,1.630246162,0.036463566
5,6711,4512,3618,6751,-4446,4224,-138,-774,-3712,4979,1927,-8339,9167,-13443,5786,7658,-7352,5911,2806,-621,-822,4841,-4650,-3791,0.317693055,5.05376339,1.605545521,0.03647124
5,6176,1718,4662,5110,-4878,5145,250,766,-4039,2891,1777,-9258,7928,-12194,8430,9558,-6335,7874,4832,-1087,-1486,4769,-2660,-4136,0.317693055,5.05376339,1.605545521,0.036478892
5,5771,-591,5719,3725,-5482,5374,724,1509,-4425,1705,2235,-9864,6902,-9537,9755,11227,-5272,9862,5623,-1295,-1768,5884,637,-4733,0.312805474,5.05376339,1.580844879,0.036486454
5,5931,-3400,6456,5621,-5266,5217,1008,2046,-4507,439,3180,-10317,6681,-6091,10346,11953,-3464,11486,5285,-1372,-1703,6672,2516,-4857,0.307917893,5.05376339,1.556144118,0.036493901
5,5788,-3871,7029,6640,-4342,5824,1090,1728,-4652,-316,3206,-10408,6693,-2638,9697,12078,-2115,11813,4370,-1400,-1436,7052,2900,-4291,0.312805474,5.043988228,1.577787161,0.036501441
5,5547,-3550,7203,6784,-4479,7205,1449,743,-5015,26,2724,-10216,6984,-767,8551,11443,-867,10777,3528,-1638,-1123,7489,1980,-3478,0.312805474,5.05376339,1.580844879,0.036508992
5,4935,-2727,7449,6334,-3775,9710,1673,-140,-5470,1001,2633,-10088,7859,829,7946,11032,197,9019,2469,-1894,-860,7029,525,-2584,0.312805474,5.05376339,1.580844879,0.036516529
5,4205,-1681,7441,4800,-3807,11066,2107,-427,-5470,2135,2551,-9750,8528,1315,7685,10801,2278,8165,2109,-2385,-471,6334,-95,-2556,0.317693055,5.05376339,1.605545521,0.036524203
5,3019,-689,7522,1764,-3275,11769,2735,-471,-4874,3315,3258,-8806,8563,1519,7849,11296,3981,7665,2186,-2936,-158,5415,-400,-3096,0.312805474,5.043988228,1.577787161,0.036531724
5,1890,-862,7831,-1516,-2624,11719,2767,-586,-4507,3997,3533,-7898,8220,2382,8284,12816,6045,7096,2652,-3668,-166,4608,-1703,-4456,0.312805474,5.05376339,1.580844879,0.036539279
5,454,-2056,8431,-5516,-2347,11119,2319,-172,-4199,5153,3824,-6946,7799,3819,8658,14472,8192,6412,3190,-4296,-525,4478,-2993,-5814,0.312805474,5.043988228,1.577787161,0.0365468
5,-633,-3264,8756,-8251,-1984,10195,1955,841,-4082,5114,3410,-6603,7576,6427,9242,16276,10237,4900,3446,-5055,-1043,3919,-3732,-6116,0.312805474,5.05376339,1.580844879,0.036554355
5,-1665,-4517,8786,-9686,-1496,9327,1568,2005,-3779,5150,2866,-6460,7822,9415,9138,17204,12135,2104,3774,-5728,-1232,4209,-3864,-6394,0.317693055,5.05376339,1.605545521,0.036562022
5,-3236,-6066,8371,-9575,-975,9415,1358,2937,-3607,5670,2406,-6083,7161,11453,7228,16953,16794,-800,3200,-7218,-854,5548,-1680,-5933,0.312805474,5.043988228,1.577787161,0.036569562
5,-4560,-6240,7936,-7838,-495,10309,1157,3389,-3485,5823,2019,-5471,5669,12072,4905,15151,18917,-2653,1969,-7425,-104,9369,-679,-5390,0.312805474,5.05376339,1.580844879,0.03657712
5,-6340,-4247,6591,-8450,426,10220,901,3735,-3270,5909,1690,-5097,5637,12160,1291,14850,17133,-4840,355,-6346,169,12147,-954,-5194,0.312805474,5.05376339,1.580844879,0.036584683
5,-7767,-2371,5392,-10336,875,8855,629,3867,-3023,5971,1455,-5431,6995,12535,-2259,12906,16518,-4127,-123,-4153,-115,12927,-2097,-3890,0.312805474,5.05376339,1.580844879,0.036592245
5,-9507,-898,3666,-11993,-350,5797,479,4129,-2497,7103,627,-7208,7119,13040,-5085,11597,15869,-5016,-4,-2253,-1050,12024,-3382,-2507,0.303030312,5.043988228,1.528481364,0.036599562
5,-10441,-1307,2646,-12114,-1925,2680,734,4563,-2070,7980,212,-8597,5590,13708,-6987,8041,15023,-5301,801,-1038,-1842,10128,-4812,-1071,0.312805474,5.05376339,1.580844879,0.036607109
5,-11142,-2209,1455,-11911,-3815,-509,1070,5066,-1706,8656,179,-10345,3080,13990,-8387,6911,12014,-7727,2494,-244,-2812,8303,-5259,-676,0.312805474,5.05376339,1.580844879,0.036614645
5,-11478,-2909,706,-12196,-4390,-2550,1173,5332,-1555,8440,83,-11089,945,14449,-8535,6659,10705,-11354,3712,-162,-3243,6802,-4846,-1043,0.312805474,5.05376339,1.580844879,0.0366222
5,-11465,-4114,85,-12474,-4318,-4725,1322,5634,-1473,7107,-348,-11208,-682,15124,-9005,5621,10539,-13900,4349,-183,-3060,5926,-4523,-2157,0.322580636,5.05376339,1.630246162,0.036629986
5,-11050,-5626,-659,-12047,-4416,-7109,1493,5890,-1457,5766,-596,-10709,-1944,15373,-10002,4610,9798,-18012,3706,-371,-2672,5442,-4488,-2907,0.322580636,5.05376339,1.630246162,0.036637794
5,-10604,-6138,-1412,-11407,-4587,-8792,1594,6066,-1435,3758,-627,-9698,-1780,15161,-12071,3648,8127,-22385,2720,-234,-2396,6951,-4636,-3250,0.322580636,5.05376339,1.630246162,0.036645584
5,-9836,-4918,-2983,-11358,-2937,-8729,1544,5915,-1456,2298,-820,-8610,-1234,13826,-13668,1949,9573,-24911,2242,321,-2331,6875,-4145,-3701,0.351906151,5.05376339,1.77845037,0.036654066
5,-9480,-3394,-4930,-11391,-3233,-8074,1549,5592,-1530,823,-1017,-7525,-2778,10413,-13491,556,9181,-24253,3538,48,-2978,5142,-3152,-3788,0.317693055,5.05376339,1.605545521,0.036661748
5,-8476,-2790,-7400,-11463,-3181,-7594,1741,4512,-1505,-686,-1076,-6320,-3652,7335,-12440,-904,6965,-22144,4945,-157,-3530,5000,-2509,-4338,0.317693055,5.05376339,1.605545521,0.036669422
5,-7493,-3247,-8702,-10179,-2551,-7650,2049,2791,-1177,-982,-739,-5596,-4105,3234,-11488,-434,4464,-20374,4745,227,-3444,5627,-2639,-4081,0.312805474,5.05376339,1.580844879,0.036676992
5,-5996,-3640,-9740,-6447,-1624,-8286,2612,-80,-546,-105,143,-5809,-3559,-133,-10845,-173,1447,-17151,3610,1070,-2843,6193,-2912,-4624,0.322580636,5.05376339,1.630246162,0.036684785
5,-4791,-3244,-10186,-3305,-1146,-9261,3019,-1693,-63,1313,601,-7226,-2803,-2563,-11308,1173,-253,-15362,3362,1379,-2474,6636,-2449,-4220,0.317693055,5.05376339,1.605545521,0.036692481
5,-3652,-2537,-10202,-345,-855,-9950,3524,-2998,50,3642,1793,-7428,-2880,-3620,-12217,1850,-2107,-13948,3711,1369,-2514,6460,-2016,-3868,0.317693055,5.05376339,1.605545521,0.036700148
5,-2278,-1313,-10033,2336,-960,-10213,3470,-4041,-564,5022,2484,-6652,-3401,-4679,-12661,1577,-4429,-12726,2809,663,-2347,5746,-2035,-4624,0.312805474,5.05376339,1.580844879,0.03670771
5,-1423,-558,-10013,2927,-1302,-9852,3526,-4717,-1795,5590,3409,-5273,-3972,-5813,-12304,1424,-6951,-12126,1558,560,-2178,6106,-2543,-4485,0.317693055,5.05376339,1.605545521,0.036715399
5,-270,-540,-9932,3648,-2163,-9657,3334,-4482,-2616,5485,3924,-5180,-4227,-6739,-10935,624,-9149,-11670,1974,446,-2083,5177,-2310,-4816,0.312805474,5.043988228,1.577787161,0.036722951
5,719,-716,-9489,5480,-2449,-9704,2842,-3704,-3119,5181,3927,-5584,-4126,-7764,-9141,-571,-12630,-11281,2692,179,-1537,6397,-1736,-4621,0.307917893,5.05376339,1.556144118,0.036730401
5,2274,112,-8575,7792,-3228,-9444,1845,-2732,-3509,4406,2759,-5507,-3029,-8552,-7685,-1692,-15416,-10222,1828,1412,-190,7630,-3184,-3844,0.312805474,5.05376339,1.580844879,0.03673796
5,3531,1285,-7557,8783,-3936,-8922,1498,-2738,-3567,3383,2272,-5758,-935,-9454,-5838,-2658,-16939,-8506,266,983,663,6169,-4349,-3520,0.312805474,5.05376339,1.580844879,0.036745507
5,5260,2930,-5430,9209,-4515,-7738,1304,-2568,-3747,1946,3017,-5875,1449,-10556,-4244,-2863,-16879,-6564,-311,95,406,4914,-3425,-2256,0.312805474,5.05376339,1.580844879,0.03675307
5,6380,3717,-3540,9390,-4789,-6321,1047,-2938,-3820,1836,4237,-6275,2963,-11622,-2631,-2593,-15823,-5067,578,-696,-535,5250,-1825,-2509,0.312805474,5.043988228,1.577787161,0.036760621
5,7239,4195,-1791,9081,-4711,-4973,247,-3488,-3774,2768,4544,-6876,4608,-12240,-1276,-1519,-13936,-3067,1132,-426,-943,7150,-1120,-3632,0.307917893,5.05376339,1.556144118,0.036768056
5,7838,4291,12,8056,-4509,-2851,-183,-3661,-3883,3735,4046,-7338,5605,-12678,739,-229,-11426,-852,1091,139,-949,8354,-550,-3761,0.312805474,5.043988228,1.577787161,0.036775604
5,7991,3811,994,7448,-4829,-1323,-352,-3215,-4120,4566,3460,-7752,5882,-12700,2738,618,-10058,1251,568,593,-959,8351,-763,-2344,0.317693055,5.043988228,1.60244,0.036783263
5,7974,2800,2240,6983,-5438,285,-323,-2607,-4366,4790,3177,-8157,5774,-12756,4423,1279,-8800,2543,596,752,-948,7780,-1760,-1905,0.307917893,5.043988228,1.553134203,0.036790691
5,7963,2102,2967,7111,-6468,1602,-160,-1756,-4540,4921,3017,-8687,5879,-12587,5724,2476,-7794,4249,1140,443,-851,6291,-3720,-2485,0.307917893,5.05376339,1.556144118,0.036798138
5,7524,1478,4038,6456,-6319,3156,38,-724,-4767,4670,3270,-9171,6558,-12290,6607,4120,-7624,5450,1654,105,-658,5854,-5514,-3055,0.317693055,5.05376339,1.605545521,0.036805801
5,6937,1035,5004,6069,-6388,4180,402,3,-4864,4965,3173,-9591,8165,-11658,7457,5705,-6530,7016,2650,-289,-868,5213,-5634,-2676,0.322580636,5.043988228,1.627092957,0.036813583
5,6313,666,6046,5744,-6647,5197,618,1107,-4805,4823,3819,-9695,9539,-10361,8048,8554,-4512,8438,3859,-719,-1344,5361,-3453,-2520,0.317693055,5.05376339,1.605545521,0.036821257
5,5665,463,6656,4471,-5737,5995,562,1516,-4562,4447,3054,-9999,9900,-8461,8631,11753,-1206,11147,4913,-1091,-1907,6279,27,-3175,0.312805474,5.05376339,1.580844879,0.036828812
5,4861,-110,7018,2099,-4845,6796,1188,1872,-3914,3949,2079,-10358,8968,-4350,9229,14997,3176,13677,4749,-1303,-1989,6754,1529,-3963,0.312805474,5.05376339,1.580844879,0.036836389
5,3210,-1991,7070,-2630,-4305,8895,1817,1450,-3274,4156,2746,-9881,6604,350,10842,16333,6362,14455,4100,-1325,-1833,7038,2527,-4369,0.317693055,5.05376339,1.605545521,0.036844052
5,1506,-4309,7213,-5233,-5837,10650,1983,-468,-2384,4519,3139,-7772,5136,4276,12665,16333,7003,13373,2637,-1222,-1377,6619,2511,-4259,0.322580636,5.05376339,1.630246162,0.036851846
5,-148,-6334,8001,-4137,-7393,10797,1860,-1120,-1763,5007,3236,-6871,6355,6202,12306,15549,7316,11424,1353,-1266,-775,5681,1916,-3934,0.317693055,5.05376339,1.605545521,0.036859501
5,-1067,-6116,8084,-3578,-6483,10421,1731,-146,-1041,5470,2913,-7113,9364,8321,11002,16993,10197,7565,812,-1580,-350,4563,586,-3727,0.317693055,5.05376339,1.605545521,0.036867172
5,-2486,-4953,7757,-5521,-5122,10617,1804,873,-551,6379,2710,-7541,10933,11155,8352,17873,14775,3953,782,-2345,111,4426,-941,-3870,0.317693055,5.05376339,1.605545521,0.036874861
5,-3750,-4629,7299,-6981,-3720,10892,1852,2062,-285,7208,2433,-7795,9140,13130,5564,16835,17005,1691,1128,-3186,532,4620,-1804,-4176,0.312805474,5.05376339,1.580844879,0.036882397
5,-5140,-4628,6671,-6704,-2718,10984,1940,3180,-185,7431,2174,-7661,7702,13571,2741,13898,16212,-63,1397,-3700,650,5082,-3098,-5284,0.312805474,5.05376339,1.580844879,0.036889929
5,-6816,-3670,5636,-7406,-2717,8822,1980,3886,-212,7042,1963,-7836,7005,13326,837,11961,13406,-1134,2077,-4370,323,4790,-3911,-6261,0.317693055,5.05376339,1.605545521,0.036897596
5,-7771,-2894,4841,-9195,-2864,6264,1920,5199,-387,6753,1572,-8291,7700,13564,-1016,11147,11656,-3587,3042,-5012,-306,4871,-4481,-6522,0.317693055,5.05376339,1.605545521,0.036905251
5,-8558,-2314,3639,-10004,-3608,3775,1779,5982,-527,6260,1090,-8443,8115,14428,-2965,9303,11678,-6559,3254,-5399,-788,5206,-4395,-5586,0.312805474,5.05376339,1.580844879,0.036912825
5,-8888,-2607,2956,-9973,-3584,1897,1778,6633,-686,5377,431,-8728,7076,13800,-5048,5987,12018,-7885,2973,-6292,-798,7002,-2996,-5045,0.312805474,5.05376339,1.580844879,0.03692038
5,-9131,-2701,1837,-9879,-3702,-8,2000,6779,-731,4593,77,-8864,4945,13119,-5836,4529,11284,-11355,2272,-6442,-624,8911,-2382,-6057,0.312805474,5.05376339,1.580844879,0.036927938
5,-9145,-2834,951,-10081,-3507,-1569,2232,6422,-707,3244,77,-8565,2775,12044,-6542,2309,11612,-13113,1527,-5507,-401,11165,-274,-5486,0.322580636,5.05376339,1.630246162,0.036935732
5,-8657,-3358,-455,-10475,-3189,-4459,2183,5758,-672,2291,41,-8004,528,10491,-7643,2022,11795,-14867,432,-3714,-456,12506,-488,-4123,0.322580636,5.05376339,1.630246162,0.036943499
5,-8107,-3569,-1649,-10746,-2876,-6105,2097,4582,-637,1424,46,-7214,-551,8902,-9262,2071,10781,-16416,-37,-1406,-879,11498,-2117,-2724,0.312805474,5.05376339,1.580844879,0.036951065
5,-7504,-3349,-2982,-10134,-2741,-6777,1824,2750,-772,841,-72,-6158,-499,7887,-10779,1737,8936,-17974,167,-306,-1470,8704,-3830,-2089,0.317693055,5.05376339,1.605545521,0.036958732
5,-6796,-2121,-4587,-8290,-2708,-6809,1721,1325,-1000,655,-310,-5600,800,6322,-12889,552,6329,-17616,1035,147,-1923,6423,-4932,-2010,0.312805474,5.05376339,1.580844879,0.036966275
5,-6185,-328,-5809,-7234,-2893,-7179,1783,-420,-1209,1328,-256,-5310,1238,4306,-14236,-270,5668,-15320,2449,52,-2499,5186,-5371,-2117,0.312805474,5.05376339,1.580844879,0.036973834
5,-5262,1223,-7418,-6349,-3101,-7197,1892,-1392,-1117,2195,-45,-5654,158,1942,-13907,-379,4795,-14328,3532,-693,-2906,4554,-5783,-2300,0.312805474,5.05376339,1.580844879,0.036981378
5,-4521,1318,-8253,-5118,-3000,-7293,2063,-2853,-663,4142,302,-6425,-1377,513,-13377,-51,1927,-13039,4544,-1174,-3270,5093,-5639,-2691,0.327468216,5.05376339,1.654946923,0.036989294
5,-3343,820,-8951,-2760,-2302,-7605,1960,-3794,-416,5632,697,-6472,-2461,-1093,-12495,17,-718,-12538,4682,-680,-3654,6350,-5388,-3074,0.327468216,5.043988228,1.651745796,0.036997166
5,-2429,473,-9147,-877,-2569,-7994,1550,-3995,-546,6626,715,-6475,-2872,-2467,-11938,-491,-2740,-11703,4175,643,-3701,7633,-4850,-2929,0.307917893,5.043988228,1.553134203,0.03700459
5,-1056,144,-8847,1768,-2803,-8786,1140,-3471,-1007,6516,356,-5754,-2971,-3970,-11589,-1194,-5513,-11032,3933,1407,-3588,7781,-4437,-3715,0.317693055,5.05376339,1.605545521,0.037012253
5,-141,-15,-8485,3485,-3077,-9512,1012,-2889,-1354,5814,-56,-6011,-3152,-4920,-10909,-1323,-9050,-10533,4431,1510,-3424,6610,-2755,-4829,0.317693055,5.05376339,1.605545521,0.037019923
5,772,-23,-7979,5421,-3424,-10059,1128,-1950,-1569,4087,-128,-6014,-2854,-5840,-9419,-2163,-12871,-10299,4390,1324,-3367,5700,-1730,-5449,0.312805474,5.05376339,1.580844879,0.037027489
5,1930,553,-7128,8201,-4111,-10541,1199,-2176,-1648,3141,-65,-5820,-1778,-6556,-7503,-2752,-16297,-9689,3894,1415,-3385,6003,-1797,-4922,0.312805474,5.043988228,1.577787161,0.037035033
5,2944,1531,-6391,10011,-4024,-10384,1140,-2991,-1850,2729,166,-6190,84,-7464,-5473,-3720,-17578,-8941,2841,1725,-3118,6103,-1298,-3979,0.312805474,5.043988228,1.577787161,0.037042562
5,4272,2936,-5115,10745,-4210,-9356,948,-3671,-2310,2492,-465,-6391,1387,-8309,-3666,-3690,-17327,-7461,1968,1836,-2886,6339,-1690,-2229,0.312805474,5.043988228,1.577787161,0.03705008
5,5245,3644,-3832,11139,-4285,-7615,796,-4259,-2659,3590,-48,-6780,2743,-9303,-2734,-3268,-15777,-5355,1687,1982,-2736,6225,-1409,-1078,0.307917893,5.043988228,1.553134203,0.037057526
5,6196,4227,-2207,10307,-4302,-4805,647,-4142,-2802,3989,224,-7143,3614,-10398,-1257,-3151,-13875,-2980,599,1500,-1715,7058,-1067,-4038,0.312805474,5.05376339,1.580844879,0.037065081
5,6636,4149,-1022,9516,-4442,-2483,622,-3493,-3067,4123,1138,-7759,4131,-11534,304,-2152,-12395,-1249,878,1028,-511,9633,450,-7991,0.317693055,5.05376339,1.605545521,0.037072759
5,6944,3804,142,9318,-4774,-911,379,-2628,-3205,3824,2092,-8364,4352,-12219,1724,-1007,-11341,464,135,1951,-319,4926,-3977,-5320,0.312805474,5.05376339,1.580844879,0.037080303
5,7230,3622,1492,9185,-5099,936,174,-1782,-3389,3000,2943,-8799,5017,-12790,2680,-25,-10466,2227,-2187,656,323,2883,-8212,-1433,0.317693055,5.05376339,1.605545521,0.037087955
5,7379,3570,2365,8613,-5730,2319,12,-1072,-3559,2121,3924,-9317,6243,-13338,3847,1191,-9393,3641,-1115,70,-137,4076,-5710,-1378,0.317693055,5.043988228,1.60244,0.037095632
5,7309,3536,3383,7720,-5462,3794,-278,-741,-3726,1813,3974,-9937,7817,-13469,4904,3253,-8186,4345,241,4,-540,6223,-2190,-2806,0.317693055,5.05376339,1.605545521,0.03710331
5,7009,3436,4349,6382,-5332,4745,-357,-294,-4130,1906,3039,-10031,9038,-13148,5977,5701,-6201,5219,545,324,-311,8962,37,-4099,0.317693055,5.05376339,1.605545521,0.037110977
5,6471,3139,5499,4968,-5317,5413,-287,-156,-4592,2302,2344,-9939,10322,-12106,6712,7979,-3750,6190,-44,537,-319,8148,622,-3571,0.322580636,5.043988228,1.627092957,0.037118748
5,6016,2468,6116,3550,-4694,6121,208,-30,-5185,2890,1912,-9749,10487,-10273,7727,9775,-629,7892,214,208,-864,7549,-1955,-2971,0.312805474,5.05376339,1.580844879,0.03712628
5,5366,1198,6671,2514,-4173,6707,673,218,-5345,3553,1953,-9646,9404,-7102,8633,11916,1938,9376,2240,196,-1637,6651,-4002,-2792,0.317693055,5.05376339,1.605545521,0.037133966
5,4919,-8,6973,582,-3484,7421,1124,569,-5283,3868,2434,-9564,7411,-4492,8968,13273,4847,11230,3394,285,-1757,5620,-4540,-3298,0.312805474,5.05376339,1.580844879,0.037141498
5,4104,-1683,7393,-1489,-2904,9413,1456,1030,-4756,3649,3159,-9009,5055,-1327,9179,14144,5062,10676,3869,31,-1249,5486,-4345,-3412,0.312805474,5.05376339,1.580844879,0.037149057
5,2714,-4131,8019,-2329,-3006,11526,1402,1148,-4232,3691,3544,-8416,4822,1084,9587,14328,4972,9147,4402,-93,-1128,5983,-2305,-2697,0.332355827,5.043988228,1.676398873,0.037157077
5,1577,-4766,8429,-2446,-3446,12590,1119,835,-3548,3579,3335,-7405,5938,2425,9853,14713,5875,8029,4624,-218,-1176,6571,-187,-3083,0.332355827,5.05376339,1.679647684,0.037165117
5,61,-4231,8655,-4459,-2800,12246,1003,464,-3039,3871,3063,-7003,7579,4117,9596,15977,7732,6865,4199,-336,-1448,7943,1734,-3453,0.322580636,5.05376339,1.630246162,0.037172925
5,-927,-3532,8470,-6243,-2195,11625,1040,754,-2717,4073,2693,-6969,9571,5981,8963,17497,10844,4679,3023,-366,-1537,8390,2643,-4245,0.312805474,5.05376339,1.580844879,0.037180468
5,-2197,-2886,7738,-8423,-1854,11054,1154,1408,-2652,4286,2578,-7409,10798,8912,7392,17829,13128,1913,1752,-130,-1323,7796,2637,-4078,0.312805474,5.043988228,1.577787161,0.037187997
5,-3178,-2688,7150,-8853,-1995,11258,1284,2677,-2702,4040,2409,-7987,11070,11145,5128,17265,14412,-67,1024,142,-843,7188,2292,-3537,0.317693055,5.043988228,1.60244,0.037195656
5,-4569,-2646,6192,-9804,-2109,11281,1344,3617,-2763,4030,2414,-8087,10651,12307,2683,16447,15671,-1056,575,340,-408,6782,1277,-2914,0.307917893,5.05376339,1.556144118,0.037203092
5,-5767,-2724,5455,-9713,-1925,11690,1305,4562,-2696,4048,2561,-8129,9419,12683,1037,15245,16554,-3390,496,188,2,6359,476,-2488,0.312805474,5.05376339,1.580844879,0.037210647
5,-7113,-2959,4866,-10141,-1762,11422,1175,5092,-2486,4130,2702,-8037,7603,12573,-1097,12895,16786,-2810,324,53,292,6794,-722,-2354,0.312805474,5.043988228,1.577787161,0.037218194
5,-8804,-3515,4310,-10156,-1303,9462,1099,5111,-2089,4632,2707,-7917,5340,11911,-3049,12139,16029,-3027,439,-199,267,6706,-1749,-2118,0.312805474,5.05376339,1.580844879,0.037225738
5,-9924,-3551,3858,-10633,-1099,6785,1142,4480,-1370,6117,2593,-8101,3963,11874,-4543,11729,13890,-4060,1053,-664,-7,6812,-2233,-2147,0.312805474,5.043988228,1.577787161,0.037233263
5,-10904,-3145,2849,-12862,-1480,2291,1191,3991,-846,7204,2154,-8297,3435,12601,-5319,12307,11570,-7585,1537,-966,-277,6669,-1950,-2189,0.312805474,5.043988228,1.577787161,0.037240792
5,-11218,-3255,1857,-14916,-1821,-873,1455,3652,-514,8070,1572,-8118,3591,14205,-6489,11791,10634,-12119,2149,-1193,-425,6288,-1860,-2672,0.312805474,5.043988228,1.577787161,0.03724834
5,-11112,-3785,428,-15041,-1806,-3682,1694,4054,-611,7590,1139,-8141,3265,15373,-8493,9918,11461,-17928,2944,-1690,-607,6150,-1202,-2973,0.312805474,5.043988228,1.577787161,0.037255883
5,-10765,-4103,-707,-13464,-2399,-4137,1928,5121,-931,5662,531,-8111,1616,15210,-11190,6791,12182,-21426,3537,-2303,-610,5776,-1144,-3503,0.322580636,5.043988228,1.627092957,0.037263654
5,-9996,-3794,-2544,-11495,-2168,-6590,2126,5799,-1183,4062,226,-7652,1001,14091,-14363,3894,10949,-22671,4203,-2668,-580,5503,-1442,-4173,0.312805474,5.05376339,1.580844879,0.037271205
5,-9395,-2803,-4063,-10757,-2499,-7414,2326,5659,-1360,1997,323,-6708,907,11388,-16442,2549,7290,-23130,4727,-3372,-614,4883,-1984,-4848,0.312805474,5.05376339,1.580844879,0.037278768
5,-8664,-853,-5687,-10272,-3219,-8462,2402,4794,-1237,750,681,-6302,947,8395,-17584,1762,6038,-20794,4957,-4363,-819,3881,-2193,-5012,0.317693055,5.043988228,1.60244,0.037286419
5,-7458,791,-7868,-11054,-3373,-7919,2537,3661,-897,-122,1048,-6328,-824,5422,-15980,2312,4306,-19568,5161,-4824,-1050,3201,-3602,-5893,0.327468216,5.05376339,1.654946923,0.037294339
5,-6578,30,-8983,-10148,-2515,-7445,2578,1050,-50,-285,1600,-5944,-2175,3182,-12868,1581,3136,-17555,5276,-5290,-1118,3071,-3253,-6057,0.312805474,5.05376339,1.580844879,0.037301876
5,-5191,-1267,-9766,-6232,-1815,-7987,2338,-1477,627,794,1169,-6028,-3408,415,-11556,570,-314,-15813,4609,-5776,-394,4735,-1958,-6276,0.312805474,5.05376339,1.580844879,0.037309434
5,-3985,-1900,-9934,-2525,-1552,-8897,2048,-3698,1147,2954,587,-6490,-2947,-2190,-11780,190,-2367,-14749,3047,-5970,657,7926,765,-6297,0.317693055,5.05376339,1.605545521,0.037317112
5,-2427,-1427,-9934,770,-1449,-9564,1832,-4970,964,4763,-136,-6328,-2423,-4469,-12221,482,-3603,-13941,838,-5241,1571,10716,2238,-6673,0.322580636,5.05376339,1.630246162,0.037324917
5,-1274,-771,-9783,2616,-1512,-9758,2156,-5828,59,6668,-245,-6344,-2582,-5893,-12106,549,-5715,-12652,-621,-5035,1461,12934,2336,-6170,0.317693055,5.05376339,1.605545521,0.037332587
5,-163,-455,-9431,4039,-1936,-9614,2646,-5754,-895,7105,357,-5800,-3271,-7397,-11442,386,-8573,-11446,-1078,-4253,538,14635,764,-3660,0.327468216,5.043988228,1.651745796,0.037340488
5,1178,-724,-8794,5581,-2549,-9037,3055,-4363,-1878,6158,1638,-6149,-3835,-8556,-9764,-199,-11715,-10149,-1075,-2287,-1050,14105,-1505,-1005,0.332355827,5.05376339,1.679647684,0.037348516
5,1971,-724,-8167,7247,-2944,-8965,2635,-3334,-2181,5223,2372,-5917,-3599,-9261,-7777,-584,-14020,-8638,125,-270,-2203,12413,-2684,-677,0.317693055,5.05376339,1.605545521,0.037356194
5,3110,323,-7146,10089,-3686,-9125,1884,-2886,-2305,4583,2313,-5877,-2374,-9465,-6278,-1330,-16530,-7739,1696,1093,-2747,9033,-5230,-1835,0.322580636,5.05376339,1.630246162,0.037364006
5,3956,1959,-6169,11102,-4082,-8801,913,-2951,-2371,3830,956,-6376,-19,-9606,-5374,-2176,-17151,-5878,4238,1237,-3161,5429,-7786,-799,0.312805474,5.05376339,1.580844879,0.037371557
5,4945,4089,-4400,10805,-4260,-7071,508,-2880,-2557,3830,435,-6642,2408,-10159,-4216,-2339,-16291,-4148,4664,260,-2746,3807,-9710,803,0.312805474,5.05376339,1.580844879,0.037379108
5,5587,5027,-2924,10070,-4309,-5314,385,-3212,-2942,3795,530,-6315,4283,-10647,-2599,-1961,-14939,-2039,2559,177,-1744,3628,-9844,-411,0.317693055,5.05376339,1.605545521,0.037386764
5,6132,5137,-1161,8572,-4256,-2863,259,-3282,-3203,4200,1006,-6351,5050,-11056,-659,-1310,-12559,-421,677,544,-1163,3851,-9464,-2552,0.317693055,5.05376339,1.605545521,0.037394442
5,6321,4342,45,7537,-4179,-1343,132,-2759,-3412,4862,1250,-6690,5137,-11264,801,-98,-10312,1450,2047,130,-1200,4825,-8545,-3011,0.317693055,5.05376339,1.605545521,0.037402134
5,6303,3141,1125,7203,-4127,-98,64,-2078,-3437,5226,1184,-7130,4604,-11305,2590,1138,-8835,2799,4920,-293,-2327,5213,-3979,-3679,0.317693055,5.05376339,1.605545521,0.037409805
5,6112,1704,2246,7031,-4499,1275,-183,-1197,-3382,5014,949,-7583,4191,-11125,4084,1596,-8263,4182,7734,-793,-3368,6128,1485,-5833,0.312805474,5.05376339,1.580844879,0.037417348
5,5852,862,3008,6758,-4843,2052,-351,-546,-3489,4639,542,-7972,4324,-10921,4978,2454,-7508,4853,5664,256,-3305,7845,2465,-6729,0.317693055,5.05376339,1.605545521,0.037425008
5,5342,-245,4126,6333,-5533,3100,-413,-193,-3811,4341,335,-8299,4824,-10800,5309,3167,-6102,5623,2632,1069,-2308,9805,3195,-6457,0.307917893,5.05376339,1.556144118,0.037432432
5,5032,-686,4326,7117,-6089,3457,-346,110,-4238,4090,260,-8482,4991,-10420,5453,4317,-4065,6568,332,1952,-1799,10053,2927,-3718,0.312805474,5.05376339,1.580844879,0.037439991
5,4611,-958,4843,6289,-5946,4051,-214,597,-4791,4033,738,-9001,4355,-9527,5255,5262,-2830,8539,352,1672,-1684,7381,281,-569,0.307917893,5.05376339,1.556144118,0.03744743
5,4681,-1370,4854,5871,-5767,4349,349,1181,-5444,3879,1230,-9290,4019,-7698,5072,6939,-2568,10141,-794,1023,-1184,4444,-1690,-1832,0.312805474,5.05376339,1.580844879,0.037455
5,4309,-1362,5372,4571,-5069,5775,588,1349,-5870,3786,2052,-9311,4500,-5755,5010,8613,-2592,11445,-1537,1278,-608,3859,-3888,-2910,0.307917893,5.043988228,1.553134203,0.037462421
5,3641,-1268,5937,3466,-4634,7556,964,1703,-5840,4240,2254,-9548,5457,-3241,5077,9959,-1141,12339,-863,1279,-257,5969,-3623,-3213,0.312805474,5.05376339,1.580844879,0.037469968
5,2684,-918,6323,1501,-4626,9458,1270,1969,-5240,4913,2408,-9350,6946,-864,5928,10973,1364,12354,-352,1935,-65,8941,-3515,-3398,0.307917893,5.05376339,1.556144118,0.037477404
5,902,-1064,6542,-2047,-5216,11169,1070,1774,-4052,5389,2084,-8233,7737,1433,7503,12301,3681,12499,-1098,2121,478,7263,-3137,-4039,0.312805474,5.043988228,1.577787161,0.037484929
5,-567,-1617,6552,-5170,-5451,11484,894,1126,-3285,5736,1541,-7429,8168,3423,9382,14126,6380,11886,-2376,849,1060,5117,-4103,-3098,0.317693055,5.043988228,1.60244,0.037492566
5,-2544,-3102,6643,-8362,-5933,10074,901,992,-2804,6367,1744,-7367,9039,6904,10148,16076,9882,10306,-1718,-140,541,5568,-4910,-1915,0.312805474,5.05376339,1.580844879,0.037500106
5,-3886,-4342,6828,-9246,-5849,8659,1177,1936,-2356,7440,2178,-7562,9568,10842,9804,16552,13355,7529,35,-56,-143,7152,-4932,-2350,0.322580636,5.043988228,1.627092957,0.037507884
5,-5571,-5823,6764,-8478,-5330,8113,1401,2858,-1914,7771,2309,-7695,9317,13711,7579,16625,15891,4068,1414,444,-864,7598,-3561,-3961,0.317693055,5.05376339,1.605545521,0.037515547
5,-7122,-6191,6559,-6687,-4448,9448,1522,3881,-1182,8256,2281,-7690,8343,14556,3413,15365,19954,-789,1861,643,-1358,7137,-1488,-4219,0.317693055,5.05376339,1.605545521,0.037523244
5,-9739,-5149,6418,-5040,-1804,11347,1507,4735,-503,8706,2251,-7550,5075,13468,-173,13250,21312,-2205,1697,595,-1525,6241,-399,-3666,0.317693055,5.05376339,1.605545521,0.037530929
5,-11532,-3191,5578,-8283,245,7590,1404,5303,661,9010,1915,-7569,2764,12824,-3739,13341,17169,-3641,1702,339,-1306,5964,-1125,-3882,0.312805474,5.05376339,1.580844879,0.037538465
5,-12483,-1708,4191,-12524,561,2022,1610,5237,1394,9184,1589,-8558,2382,15338,-5824,12677,14048,-6972,2316,-29,-947,6031,-1993,-4147,0.322580636,5.05376339,1.630246162,0.03754627
5,-12585,-2078,2596,-16245,-1517,-5053,2240,6622,1516,8707,2235,-10784,1705,17719,-7363,8430,14537,-10984,2680,-140,-917,6201,-2267,-3972,0.317693055,5.05376339,1.605545521,0.037553951
5,-11546,-3578,1362,-14756,-4218,-7940,2661,8686,783,6106,3099,-12075,-2419,19588,-8518,4588,17150,-20114,3179,-324,-1176,6470,-1365,-3604,0.317693055,5.05376339,1.605545521,0.03756161
5,-9659,-4509,-274,-10950,-5841,-6430,2907,10081,-412,2163,3461,-12446,-5373,19583,-10448,-1782,14283,-27529,3538,-496,-1323,6738,149,-3365,0.317693055,5.05376339,1.605545521,0.03756927
5,-8806,-3379,-1804,-10293,-5268,-6907,2305,9483,-1749,-2781,2461,-10204,-4165,15843,-12519,-7025,11390,-24471,3353,-571,-1216,6933,1002,-3655,0.322580636,5.05376339,1.630246162,0.03757707
5,-7394,-1176,-4447,-11926,-5233,-7993,1496,7235,-2162,-4796,921,-7777,-2991,9998,-12866,-9387,9081,-22417,2410,-630,-992,7014,866,-3992,0.322580636,5.05376339,1.630246162,0.037584871
5,-6197,23,-6380,-12021,-4570,-7593,1280,3466,-2002,-5191,-582,-5264,-2282,6147,-11750,-9023,7446,-20275,1665,-778,-919,6600,567,-4162,0.317693055,5.05376339,1.605545521,0.03759259
5,-4538,-64,-8281,-10583,-4795,-7530,2092,378,-1342,-3683,-1351,-4920,-3414,1771,-9166,-7852,5993,-17176,1554,-1061,-789,6027,21,-4001,0.317693055,5.05376339,1.605545521,0.037600271
5,-3365,-1344,-9015,-8452,-3778,-7572,3556,-3689,6,-720,-274,-5723,-4523,-1492,-7436,-6100,4289,-14210,1727,-1345,-622,5265,-585,-3205,0.327468216,5.05376339,1.654946923,0.037608191
5,-2259,-2611,-9353,-5435,-2812,-7762,4129,-6101,862,1558,753,-6925,-5077,-3151,-7173,-3283,2648,-12350,2284,-1839,-469,4367,-1394,-2412,0.312805474,5.05376339,1.580844879,0.037615739
5,-1141,-3079,-9495,-2398,-1713,-7897,4189,-7671,983,4635,2010,-8406,-5229,-3457,-7403,-1355,709,-10654,2962,-2485,-454,3919,-1571,-2176,0.322580636,5.05376339,1.630246162,0.037623558
5,-599,-2631,-9547,-768,-1313,-7733,3796,-7889,370,6432,2484,-8377,-4569,-3381,-8143,-839,-1552,-9610,4132,-3671,-576,4100,-1787,-3392,0.317693055,5.05376339,1.605545521,0.037631236
5,110,-1564,-9630,1148,-1347,-7426,3239,-7276,-935,8214,3044,-7634,-3531,-3434,-8788,-828,-3270,-8735,5404,-5077,-796,4341,-1752,-6016,0.317693055,5.05376339,1.605545521,0.037638932
5,693,-626,-9546,2873,-1556,-7386,2824,-6038,-1813,8523,3296,-6518,-2808,-3833,-9256,-1442,-4443,-8414,6300,-6056,-961,4482,-2341,-7836,0.317693055,5.043988228,1.60244,0.037646599
5,1504,997,-9298,5430,-2338,-7747,2223,-4749,-2466,8005,3575,-5888,-2179,-4396,-9477,-2027,-7231,-8239,6655,-6505,-917,4814,-2667,-8457,0.312805474,5.05376339,1.580844879,0.037654169
5,2292,2482,-9020,7280,-3214,-7957,1467,-2757,-2909,5971,3013,-6131,-1000,-5287,-9291,-2738,-11230,-8018,5397,-6829,-543,5222,-3178,-7047,0.312805474,5.05376339,1.580844879,0.037661716
5,3480,4387,-8234,8321,-4079,-7485,1267,-2206,-3061,5436,1387,-5956,835,-6709,-8173,-3337,-14401,-6982,3545,-6952,307,7424,-1790,-5971,0.312805474,5.05376339,1.580844879,0.037669279
5,4468,5040,-7131,8553,-4434,-7003,1360,-582,-3522,3924,157,-6280,2515,-8428,-6141,-3347,-15801,-5834,580,-6496,766,10081,1092,-5293,0.312805474,5.05376339,1.580844879,0.037676841
5,5496,4871,-5548,9085,-4424,-6734,1697,-1415,-3595,3170,415,-6277,3231,-9438,-3951,-2253,-16130,-4139,-1137,-4889,1058,12906,2768,-6042,0.322580636,5.05376339,1.630246162,0.037684608
5,6537,3895,-3185,9525,-4164,-5547,1312,-3036,-3649,3617,1516,-6742,3290,-10191,-2247,-1062,-15543,-2061,-1351,-3152,438,13867,2039,-5881,0.327468216,5.05376339,1.654946923,0.03769251
5,6920,2818,-1598,8918,-3919,-4178,980,-3626,-3750,4823,2419,-7372,3153,-10450,188,-270,-14541,23,-1189,-1504,-331,13011,-308,-3693,0.327468216,5.043988228,1.651745796,0.037700407
5,7073,1219,262,8566,-3945,-2496,354,-3324,-3758,5967,2152,-7288,3169,-10223,2416,526,-13507,1459,-562,255,-1228,10956,-3662,-1704,0.312805474,5.05376339,1.580844879,0.037707943
5,6999,288,1444,8964,-4412,-1543,-36,-2770,-3534,6705,1722,-7623,3259,-9998,4055,776,-12524,3239,1059,895,-2167,8713,-6224,-1236,0.317693055,5.05376339,1.605545521,0.037715621
5,6680,-180,2712,9527,-5634,-50,-370,-2006,-3295,6749,992,-8000,3768,-9633,4992,929,-11274,4970,3408,731,-2666,6205,-8444,-497,0.317693055,5.05376339,1.605545521,0.037723277
5,6381,-85,3367,9259,-5789,927,-575,-912,-3163,6261,268,-8685,4498,-9234,5889,1533,-9995,6265,3997,-382,-2921,5118,-8711,439,0.307917893,5.05376339,1.556144118,0.037730735
5,5894,-33,4034,8810,-6177,1823,-469,-520,-3133,5518,-192,-9156,5637,-8571,6397,2055,-8602,7654,2947,-389,-2861,4802,-9241,-926,0.312805474,5.05376339,1.580844879,0.037738293
5,5046,13,4627,8040,-7129,3620,68,-30,-3172,5386,-161,-9187,6191,-8027,6886,2557,-6720,9211,2932,122,-2693,4685,-8266,-2815,0.317693055,5.05376339,1.605545521,0.037745953
5,4287,-15,4900,7466,-8065,4817,333,636,-3085,5347,-350,-9298,6533,-7565,7243,4023,-4455,10857,3817,-143,-2723,3483,-6263,-3732,0.312805474,5.05376339,1.580844879,0.037753504
5,3499,-88,5393,6407,-7711,4655,764,973,-2714,5541,-635,-9610,6795,-6145,7227,5619,-2655,11837,5452,-966,-3333,3743,-3141,-5254,0.317693055,5.05376339,1.605545521,0.037761193
5,2873,-136,5759,6016,-7363,4442,1108,999,-2441,5260,-554,-9722,7044,-3536,6573,6607,-1018,13186,5626,-546,-3603,5508,234,-7026,0.312805474,5.05376339,1.580844879,0.037768748
5,2004,122,6116,5301,-6755,5095,1557,1268,-2439,5191,-472,-10222,7130,-167,5330,7257,1060,13749,4712,845,-3384,7544,925,-6401,0.317693055,5.05376339,1.605545521,0.037776425
5,1474,438,6350,4249,-6506,6263,2062,1676,-2493,4884,-453,-10333,7033,2197,4177,6859,2458,13010,3191,1949,-2740,8116,1278,-5138,0.317693055,5.05376339,1.605545521,0.037784085
5,503,853,6398,1733,-5496,8330,2544,1952,-2506,4734,-223,-10320,7856,4097,3304,6476,3405,11053,2500,2362,-2588,7275,968,-4756,0.317693055,5.05376339,1.605545521,0.037791774
5,-501,1372,6055,-1465,-5480,9624,3031,2134,-2359,4753,212,-9447,9064,5233,3670,7294,5108,9047,1149,1537,-2529,6070,-412,-3146,0.312805474,5.05376339,1.580844879,0.037799336
5,-1778,1781,5540,-5858,-4785,10185,3068,1651,-2221,4695,569,-8379,9793,6903,5260,9939,8396,7209,-31,1163,-2414,6052,-1795,-1628,0.322580636,5.05376339,1.630246162,0.037807118
5,-3527,675,4905,-10874,-4443,8639,2860,1250,-2009,4671,258,-7025,10015,9022,6313,12123,11679,4701,-309,1532,-1979,7451,-3684,-2272,0.307917893,5.05376339,1.556144118,0.037814569
5,-4537,-1302,4552,-11948,-4271,7240,2778,1643,-1979,4760,237,-6343,9665,11901,6149,12909,14384,2048,536,1999,-1560,10738,-3382,-5077,0.317693055,5.05376339,1.605545521,0.037822254
5,-5675,-3689,4324,-9510,-3033,5694,2647,2829,-1990,5141,566,-6221,9000,14128,3339,13548,16481,-1846,626,2532,-903,8731,-2397,-8089,0.317693055,5.05376339,1.605545521,0.037829924
5,-6780,-4489,3845,-7303,-970,6324,2552,3658,-1884,5399,931,-6614,7052,14845,-1695,12252,17988,-5429,-1127,1921,55,132,-6463,-4961,0.317693055,5.05376339,1.605545521,0.03783761
5,-8473,-4572,3008,-6454,132,6177,2425,4553,-1539,4854,1590,-6706,4841,13916,-6792,9166,17346,-6106,-1347,-63,520,1911,-10297,-199,0.317693055,5.05376339,1.605545521,0.03784528
5,-9507,-3861,1782,-8002,731,4484,2199,4218,-1195,3994,2055,-6312,2367,12142,-9099,8894,13994,-8601,1646,-358,-210,4239,-10089,-829,0.322580636,5.05376339,1.630246162,0.03785307
5,-10336,-3385,24,-11139,-686,498,1930,3412,-978,3813,1739,-6321,259,11988,-9989,9119,11039,-10725,3796,-392,-1123,6696,-3519,-3348,0.327468216,5.05376339,1.654946923,0.037860978
5,-10158,-4426,-1278,-13238,-1877,-2851,1722,3310,-1176,4147,1132,-6984,-2528,13094,-9854,8299,10407,-12176,3669,-225,-1200,8683,1472,-4873,0.317693055,5.05376339,1.605545521,0.037868679
5,-9552,-6467,-2248,-12408,-3013,-5994,1633,4176,-1704,3738,658,-7695,-4950,14190,-10190,7538,9241,-16513,1750,30,-1289,9043,3830,-4853,0.322580636,5.043988228,1.627092957,0.037876479
5,-8112,-8325,-3270,-9392,-3087,-7776,1717,5663,-2706,1257,209,-8203,-6114,15581,-11583,5270,7122,-21937,309,-130,-1563,8265,3693,-5097,0.312805474,5.05376339,1.580844879,0.037884034
5,-7322,-8144,-3857,-7464,-2403,-7146,1846,5854,-3425,-793,80,-7910,-5584,14242,-13932,931,6714,-22666,-152,132,-1467,7440,-46,-4537,0.307917893,5.043988228,1.553134203,0.03789147
5,-6522,-6546,-5431,-8262,-4710,-6042,1982,3998,-3706,-2312,120,-6887,-5735,10659,-13894,81,5549,-20356,512,623,-843,6072,-4564,-3928,0.312805474,5.05376339,1.580844879,0.037899032
5,-6119,-6108,-6641,-9480,-5073,-5576,2096,1672,-3354,-2188,566,-6358,-6549,6867,-11535,-734,4640,-19617,1288,474,-276,4571,-6532,-3139,0.312805474,5.05376339,1.580844879,0.037906587
5,-5043,-6491,-7836,-9176,-4552,-6787,2330,-1487,-2702,-813,1357,-6509,-6655,4494,-9437,-1383,1368,-18567,2706,102,-302,4326,-6146,-1599,0.312805474,5.05376339,1.580844879,0.037914157
5,-4035,-6437,-8362,-7059,-4426,-7804,2630,-3670,-2411,1118,2082,-7485,-4443,1895,-8335,-1851,-14,-16850,4423,-805,-979,5600,-2585,-1945,0.312805474,5.05376339,1.580844879,0.037921708
5,-2771,-4988,-8961,-3126,-4306,-8603,2579,-5508,-2493,3947,2722,-8807,-1916,-331,-8793,-2153,176,-15160,5154,-1445,-1655,7146,-14,-3560,0.312805474,5.043988228,1.577787161,0.037929226
5,-1921,-3407,-9379,-1131,-4229,-8587,2443,-5469,-2929,5327,2501,-9339,-1229,-2599,-9925,-2810,755,-14323,4964,-1351,-1932,8372,2429,-5151,0.307917893,5.05376339,1.556144118,0.037936643
5,-1093,-2403,-9631,219,-4611,-8231,2643,-4749,-3416,5792,2679,-9122,-1777,-4359,-10781,-3304,184,-13259,4167,-1039,-1895,8383,3062,-5344,0.317693055,5.043988228,1.60244,0.037944295
5,120,-2605,-9641,1105,-5226,-7745,2715,-3848,-3923,5271,3738,-7989,-3592,-6695,-11251,-3270,-1455,-12454,3159,-533,-1452,8053,2532,-4679,0.317693055,5.05376339,1.605545521,0.037951976
5,925,-3222,-9452,2265,-5618,-7650,2499,-3418,-4107,4645,4530,-7707,-5274,-8646,-10764,-3025,-3704,-11960,2587,-151,-995,7058,1195,-3319,0.307917893,5.05376339,1.556144118,0.037959423
5,1739,-3218,-9141,4520,-5748,-7334,2167,-2681,-4193,3838,4382,-8563,-5749,-10202,-9744,-2633,-7601,-11870,2311,-40,-586,5850,254,-2584,0.317693055,5.05376339,1.605545521,0.037967093
5,2369,-2018,-8935,6374,-6047,-7620,1794,-2128,-4252,3472,3602,-8672,-4307,-11023,-8965,-2986,-10989,-11115,2358,-678,-490,5196,295,-2508,0.312805474,5.043988228,1.577787161,0.037974648
5,3499,740,-8418,8864,-6737,-7966,1653,-1956,-4466,2956,2331,-8479,-1519,-12229,-8396,-3570,-13013,-9629,2489,-1340,-444,4818,-77,-2995,0.312805474,5.043988228,1.577787161,0.037982199
5,4547,3092,-7487,10187,-7197,-7702,1923,-2496,-4522,2341,2686,-7992,1265,-13640,-7879,-3826,-14019,-7681,2726,-2258,-327,5298,148,-3385,0.317693055,5.05376339,1.605545521,0.037989859
5,5943,5956,-5888,9943,-7316,-7072,2015,-3139,-4671,2643,3197,-7813,3911,-14825,-6710,-2732,-14292,-5885,3186,-2999,-292,5293,-162,-4075,0.317693055,5.05376339,1.605545521,0.037997548
5,6824,7077,-4306,9554,-6900,-5969,1952,-3398,-4811,3504,3833,-7873,5564,-15169,-5040,-1080,-13937,-3644,3644,-3567,-384,5121,-1202,-4225,0.322580636,5.05376339,1.630246162,0.038005359
5,7452,7423,-2674,8885,-6263,-4537,1825,-3346,-4856,3811,4220,-7778,7159,-15286,-3470,368,-12702,-1238,4274,-4511,-544,4653,-2318,-4957,0.317693055,5.05376339,1.605545521,0.038013022
5,7857,6511,-574,8008,-5409,-2137,1617,-3078,-4907,4839,4355,-7711,7766,-15254,-975,1701,-10952,991,4702,-5362,-853,4426,-3216,-5664,0.312805474,5.05376339,1.580844879,0.038020592
5,7809,5240,754,7558,-5360,-675,1424,-2530,-4896,5439,4176,-7954,7493,-14940,1592,3325,-9951,2731,4884,-5878,-1078,4681,-3565,-6313,0.317693055,5.05376339,1.605545521,0.038028263
5,7483,3537,2516,7535,-5277,730,1147,-1653,-4946,6145,3465,-7943,7310,-14380,3767,5395,-9388,4250,4562,-6241,-1051,5722,-1791,-5741,0.322580636,5.05376339,1.630246162,0.038036063
5,7159,2324,3631,6542,-5235,1596,1048,-914,-4988,6091,2794,-8149,7356,-12714,5184,7533,-9265,6510,2785,-6197,-485,7559,-387,-6236,0.337243408,5.05376339,1.704348445,0.038044196
5,6505,496,4841,5825,-5127,2503,967,440,-5138,5994,2027,-8530,7561,-10263,6922,8365,-7224,9148,1486,-6180,345,10381,272,-6742,0.317693055,5.05376339,1.605545521,0.038051888
5,6002,-860,5615,5841,-5775,3587,1212,1158,-5180,5457,1793,-9478,7575,-7255,8022,9436,-5331,11173,84,-5392,458,12572,882,-5996,0.322580636,5.05376339,1.630246162,0.038059682
5,5288,-2380,6589,7253,-7374,5204,1499,1413,-4970,4941,1748,-10254,7515,-5065,8007,9692,-3506,13475,-599,-4055,-82,13091,-1056,-3845,0.312805474,5.05376339,1.580844879,0.038067222
5,4638,-2595,7120,7991,-7374,6588,1674,1014,-4601,5236,1910,-10904,7295,-2672,7597,10426,-1974,14249,-325,-2607,-1262,12378,-2990,-2432,0.312805474,5.05376339,1.580844879,0.038074773
5,3729,-2194,7539,7857,-7466,8362,1874,470,-4216,5596,1925,-10999,7822,-598,6831,10802,-556,13895,792,-1481,-2047,10856,-4409,-1010,0.317693055,5.05376339,1.605545521,0.038082458
5,2407,-1282,7966,5858,-7190,9994,2165,-91,-3791,6736,2290,-10580,8553,1217,6256,11090,822,13250,2280,-233,-2746,9575,-5651,-354,0.322580636,5.05376339,1.630246162,0.038090236
5,1096,-647,8245,3523,-7160,10845,2171,604,-3443,7927,1159,-10415,9054,3021,6086,11663,3442,13114,3483,235,-2880,7431,-6254,-210,0.317693055,5.05376339,1.605545521,0.038097922
5,-942,-338,8370,-409,-6839,11367,2897,1910,-2483,8968,-196,-10694,9181,4496,6319,12888,6269,11998,4109,-261,-2773,5331,-6713,-583,0.312805474,5.043988228,1.577787161,0.038105451
5,-2652,-635,8311,-4540,-5834,10771,3410,2266,-1483,9229,-147,-10313,9091,7071,6780,15454,9496,10032,3499,-876,-2787,5044,-7083,-2265,0.312805474,5.05376339,1.580844879,0.038113032
5,-5293,-1412,7963,-12221,-3692,8023,3336,1587,-542,9643,125,-9219,10174,12000,7596,18094,11314,5041,2976,1,-2760,5920,-7123,-3297,0.312805474,5.043988228,1.577787161,0.038120564
5,-6706,-2010,7373,-16480,-2961,5415,3180,2197,2,8728,265,-8078,12404,17824,6690,20527,13789,-142,3024,570,-2761,5357,-6190,-3615,0.312805474,5.043988228,1.577787161,0.038128097
5,-7711,-2278,6385,-16760,-3155,2840,2869,3508,506,7021,320,-6051,15815,21018,4049,24964,14964,-10550,4116,372,-2973,4941,-4368,-3610,0.312805474,5.043988228,1.577787161,0.038135625
5,-8890,-892,4594,-11467,-1402,4051,2390,5029,812,6537,250,-5738,18877,22820,-2906,24675,11537,-23021,5273,-53,-3221,4823,-2124,-4670,0.322580636,5.043988228,1.627092957,0.038143415
5,-11226,705,3776,-8278,4442,9448,1864,6947,1288,6198,-184,-5638,18591,21573,-12652,17500,12696,-30045,4943,319,-3208,5884,523,-5593,0.312805474,5.05376339,1.580844879,0.038150989
5,-13998,2113,1106,-9428,7994,5062,1721,8544,2528,6482,-243,-5019,15555,15382,-19920,3935,16492,-23551,3557,1545,-2947,7222,5,-5760,0.307917893,5.05376339,1.556144118,0.038158417
5,-14827,2734,-2631,-12332,2526,-3103,1754,7704,3564,6681,-76,-5149,9281,9417,-21689,5603,13431,-16453,2092,2478,-2566,6955,-212,-5012,0.317693055,5.043988228,1.60244,0.038166061
5,-13223,622,-6062,-12647,-1075,-11988,1294,6438,4096,6371,-193,-7592,612,6609,-21973,12016,7684,-19608,1515,2100,-2481,5652,-494,-4239,0.312805474,5.043988228,1.577787161,0.038173605
5,-11240,-1058,-7747,-11630,-3087,-14391,1123,7753,3265,4228,-999,-10341,-8139,8343,-20350,15408,1906,-24451,1080,1299,-2499,5377,-813,-2990,0.312805474,5.05376339,1.580844879,0.038181178
5,-8664,-4553,-9449,-10044,-829,-12867,1179,10456,803,-2671,-2799,-11333,-10758,10725,-17985,15041,-2959,-28272,189,1360,-2025,6466,-1478,-2711,0.307917893,5.05376339,1.556144118,0.038188614
5,-7435,-6871,-10502,-7586,80,-10299,1521,9780,-950,-7943,-5301,-10437,-11180,9788,-14934,6900,-5664,-27259,640,1412,-921,9083,-3530,-4557,0.312805474,5.05376339,1.580844879,0.038196176
5,-5990,-8519,-11378,-5311,616,-10331,2407,5541,-1743,-10576,-4918,-8285,-9559,3954,-13714,33,-9733,-24759,1613,1995,-490,6975,-4642,-6912,0.307917893,5.05376339,1.556144118,0.038203631
5,-3468,-9566,-11669,-19,756,-11770,3097,291,-901,-7970,-2910,-6810,-5219,-3206,-13302,-493,-10691,-21378,-426,1873,285,2286,-8324,-4861,0.322580636,5.043988228,1.627092957,0.038211416
5,-1738,-7052,-11441,4507,882,-11608,3943,-7522,234,-2898,-909,-7621,-2289,-8852,-13207,1448,-8697,-19629,-927,238,455,2006,-8408,-2251,0.322580636,5.05376339,1.630246162,0.03821921
5,5,-2058,-11297,6733,49,-11019,4723,-10998,85,1286,1417,-9226,-1530,-11643,-12956,3402,-8086,-16720,1605,-1082,-308,3867,-6098,-2203,0.322580636,5.05376339,1.630246162,0.038227011
5,1441,563,-11228,7774,-630,-11302,4516,-11676,-831,4575,2905,-9828,-1569,-13663,-12693,4978,-9236,-14852,3648,-813,-1215,6019,-2332,-4166,0.317693055,5.05376339,1.605545521,0.038234692
5,3307,2021,-11026,7652,-1378,-10417,3650,-10668,-2385,6976,3844,-8424,-2389,-14423,-11632,5296,-11327,-12879,3512,-328,-1429,7826,-111,-4999,0.312805474,5.05376339,1.580844879,0.03824224
5,4697,2022,-10701,8488,-2094,-9548,2809,-8829,-3457,6787,3840,-7931,-2853,-14816,-9616,4781,-14483,-11400,2435,-119,-1415,8346,1969,-4633,0.317693055,5.05376339,1.605545521,0.038249921
5,6649,2384,-9450,10510,-2762,-8853,1724,-5995,-4274,4873,2701,-7571,-1718,-15106,-7678,3211,-17984,-9836,1092,239,-1312,8693,1974,-3443,0.317693055,5.05376339,1.605545521,0.038257595
5,8088,3664,-7988,11886,-3155,-7985,1182,-4813,-4590,3552,1352,-7651,1061,-15918,-6475,2784,-19190,-8307,291,195,-847,7249,381,-3039,0.317693055,5.05376339,1.605545521,0.038265254
5,9399,4971,-6065,12501,-3406,-6453,899,-4702,-5033,1784,766,-8895,3944,-16665,-4741,3385,-18044,-5896,152,-168,-329,5639,-3034,-3241,0.322580636,5.05376339,1.630246162,0.038273059
5,10531,6068,-3543,11383,-2874,-3483,1317,-5316,-5228,1740,1597,-9507,6177,-17408,-2437,4761,-16057,-3459,1291,-604,-340,5291,-4340,-3828,0.312805474,5.05376339,1.580844879,0.038280636
5,11004,5901,-1843,10186,-2542,-1220,1024,-5166,-5310,1836,1653,-10113,7202,-17673,207,6940,-13335,-1587,2820,-639,-984,5036,-3343,-3986,0.317693055,5.05376339,1.605545521,0.03828831
5,11208,4733,176,9487,-2268,1260,1104,-5309,-5250,1954,1711,-10632,8029,-17462,2022,9258,-11082,280,4566,-868,-1415,5647,-810,-4545,0.317693055,5.05376339,1.605545521,0.038295981
5,11108,3759,1584,9371,-2362,2693,1064,-5169,-5235,1974,2529,-10953,8496,-16806,4103,11209,-9728,1855,4565,-1086,-1448,6349,810,-4452,0.322580636,5.05376339,1.630246162,0.038303778
5,10570,2659,3338,9063,-2085,5265,763,-5179,-5409,2605,3090,-10950,9312,-15790,5781,12851,-9086,3274,3909,-1501,-1258,6520,1205,-4136,0.322580636,5.05376339,1.630246162,0.038311578
5,10364,2324,4272,8742,-2210,6723,570,-5061,-5753,3308,3211,-10675,10200,-14352,7021,15447,-7758,4442,3898,-2008,-1249,6046,407,-3369,0.312805474,5.05376339,1.580844879,0.038319137
5,9771,1687,5795,7205,-952,8296,444,-4719,-6521,4512,3327,-10298,11250,-12690,7693,19068,-5400,6062,3798,-2839,-1274,5633,-318,-3275,0.312805474,5.043988228,1.577787161,0.038326692
5,9153,577,6956,6677,37,10007,598,-4204,-6959,4724,3221,-9743,11485,-9183,8248,21700,-1925,8324,3780,-3664,-1229,5126,-627,-3735,0.317693055,5.05376339,1.605545521,0.038334366
5,8217,-521,8034,6088,792,11415,503,-2695,-7225,5387,3314,-8806,10159,-4995,8425,22770,1092,10151,4009,-4344,-1248,4008,-1292,-4792,0.312805474,5.05376339,1.580844879,0.038341932
5,6326,-1744,8963,4184,1079,14860,324,-1460,-7026,5275,2825,-8287,8634,-1271,8807,23682,2187,9790,4472,-5052,-1416,3534,-2489,-6234,0.317693055,5.05376339,1.605545521,0.038349621
5,4512,-2659,9505,2831,748,16961,390,-397,-6489,5511,2650,-7645,8326,715,9276,23481,2857,9095,5178,-5450,-1531,3510,-3668,-6774,0.312805474,5.043988228,1.577787161,0.03835715
5,1970,-3281,10146,806,-254,17396,298,-39,-5813,6334,2332,-7223,9081,2898,9400,23202,4701,8448,5515,-6128,-1300,4192,-2783,-6617,0.312805474,5.05376339,1.580844879,0.038364716
5,189,-3530,10603,-2049,-802,16254,126,135,-5232,6835,1700,-6994,9577,5182,9358,23019,7240,7189,4658,-6721,-589,8263,-137,-6648,0.312805474,5.043988228,1.577787161,0.038372241
5,-2115,-4785,11155,-5571,-1339,14320,-243,1426,-4762,8384,842,-8255,9369,8091,9089,22549,8906,5531,2139,-5896,489,10500,1052,-6333,0.312805474,5.05376339,1.580844879,0.038379814
5,-3935,-5763,11367,-7741,-1230,13163,-203,3339,-4371,9001,75,-9661,9241,10428,9087,22606,10476,2683,337,-4901,933,12086,1436,-5281,0.322580636,5.05376339,1.630246162,0.0383876
5,-5731,-5520,10956,-8357,-1659,10359,190,5233,-3505,8781,169,-9460,10949,14235,8160,21729,12247,-1379,-1448,-3656,730,12284,-436,-4048,0.322580636,5.05376339,1.630246162,0.038395386
5,-6784,-4650,10661,-7312,-2221,9568,66,5184,-2974,8429,-65,-9113,12414,16633,4645,19124,14844,-4595,-1789,-2494,-109,11937,-1933,-2863,0.317693055,5.05376339,1.605545521,0.038403068
5,-8118,-3252,10278,-6749,-2183,9546,87,5310,-2323,8183,-796,-9515,11579,16596,-181,15275,16643,-6412,-1181,-1590,-1155,10876,-3757,-2094,0.312805474,5.05376339,1.580844879,0.038410641
5,-9883,-506,9275,-9140,-1211,7970,504,5742,-1749,7996,-1013,-9379,10367,16141,-3647,13980,15950,-8607,392,-466,-1925,8742,-5807,-1079,0.312805474,5.043988228,1.577787161,0.038418181
5,-11273,1358,7925,-13980,279,5610,1108,5448,-1020,8477,-925,-8692,9037,15965,-4808,13843,14724,-12141,2754,-105,-2793,7053,-6882,-820,0.312805474,5.05376339,1.580844879,0.038425721
5,-12517,1483,5777,-18056,469,1467,1381,5442,-555,9189,-962,-8724,7769,17182,-5211,13470,13602,-14279,4021,-450,-3030,5371,-7254,-1188,0.312805474,5.043988228,1.577787161,0.038433261
5,-12831,252,4086,-18750,-325,-1650,1606,6090,-270,9533,-982,-9156,6058,18614,-5476,11910,13614,-16761,4410,-748,-2902,4328,-6905,-2189,0.307917893,5.05376339,1.556144118,0.038440686
5,-12432,-2349,2104,-15770,-1441,-4764,1687,7777,-226,8195,-1102,-9931,4010,18916,-7148,9547,14457,-19350,3817,-1055,-2716,4841,-6393,-3135,0.317693055,5.05376339,1.605545521,0.038448364
5,-11813,-3257,935,-12846,-1553,-5913,1632,8634,-265,6658,-1179,-9776,1521,18033,-9379,6738,12707,-23096,3028,-186,-2639,6413,-5307,-3734,0.317693055,5.05376339,1.605545521,0.038456019
5,-11479,-2307,-915,-12661,-681,-7512,1412,8427,-356,3974,-1274,-8559,3268,15548,-12985,5034,6985,-25694,2551,519,-2597,6239,-4042,-4046,0.307917893,5.05376339,1.556144118,0.03846344
5,-11187,-172,-2856,-13122,593,-8198,1139,7462,-310,1906,-1522,-7635,5383,12705,-15093,3711,6927,-24894,3701,471,-2832,5781,-1985,-4195,0.312805474,5.05376339,1.580844879,0.03847101
5,-10804,2333,-5290,-12357,-355,-9533,650,5838,-117,-851,-2274,-5921,5165,9318,-14950,3017,5904,-24692,4815,305,-3110,5908,-410,-4147,0.317693055,5.05376339,1.605545521,0.03847868
5,-8966,4306,-8312,-9897,-593,-11231,389,4868,68,-2534,-3256,-5032,4479,6650,-14700,1662,3866,-22081,3924,700,-2936,6713,47,-4135,0.312805474,5.05376339,1.580844879,0.038486231
5,-7387,4439,-9907,-7044,-906,-11424,1052,3217,334,-2645,-4537,-4784,2711,2823,-13598,1245,1248,-18355,2387,1662,-2442,7721,-1082,-5047,0.317693055,5.05376339,1.605545521,0.038493905
5,-5229,2726,-11287,-5078,-876,-10980,2270,451,878,-1204,-3320,-4901,279,-865,-12170,1586,-1174,-16062,1628,2089,-1927,6535,-1929,-5363,0.317693055,5.05376339,1.605545521,0.03850159
5,-3273,588,-11649,-2872,-193,-11018,3204,-3553,1423,1197,-1650,-6431,-714,-3327,-11025,2967,-4998,-15024,833,1572,-1901,3906,-3351,-4433,0.317693055,5.05376339,1.605545521,0.038509283
5,-1021,-1137,-11408,1546,750,-9972,3391,-6269,987,2989,-446,-6502,-1522,-4856,-10599,2441,-6363,-13158,1194,734,-2278,3336,-3792,-3323,0.322580636,5.05376339,1.630246162,0.038517054
5,236,-1657,-11020,3905,973,-8951,3368,-8071,-190,4616,337,-6150,-2371,-7034,-10211,1976,-7726,-10976,1577,768,-2283,5144,-4076,-3014,0.322580636,5.05376339,1.630246162,0.038524862
5,1518,-1888,-10332,6591,678,-7792,3386,-7732,-1863,5665,740,-6220,-2917,-9157,-9998,1741,-9138,-9869,2590,835,-1952,8352,-2570,-3840,0.312805474,5.05376339,1.580844879,0.038532417
5,2444,-1448,-9731,8143,141,-7904,3297,-6063,-2557,5496,1017,-6505,-3480,-10932,-9735,2237,-10334,-9226,3159,1522,-1299,8925,-1594,-5881,0.317693055,5.05376339,1.605545521,0.038540073
5,3192,-822,-9145,9275,-719,-7996,2876,-4236,-2901,4891,1880,-6368,-3708,-11719,-9014,1997,-12278,-8667,818,2005,-510,5828,-3116,-6314,0.317693055,5.05376339,1.605545521,0.038547754
5,4260,490,-8460,11556,-2202,-7500,2197,-3592,-3167,3352,2116,-6162,-3001,-12217,-8281,1503,-15765,-8108,-391,981,-57,4067,-4707,-5577,0.312805474,5.043988228,1.577787161,0.038555328
5,5323,2273,-7696,13303,-3467,-7413,1623,-3768,-3405,1384,1899,-6810,-530,-13057,-7587,144,-19120,-7045,404,-353,-340,3844,-3887,-1939,0.317693055,5.05376339,1.605545521,0.038562983
5,6937,5348,-5594,14692,-4829,-6863,1249,-3970,-3859,1283,2650,-7336,3282,-14420,-6811,-314,-20481,-6514,2115,-753,-1019,5250,-4015,-2398,0.327468216,5.05376339,1.654946923,0.038570877
5,7977,7423,-3692,13910,-5330,-5451,1058,-4701,-4669,1599,3507,-8112,6176,-15527,-4782,-11,-19426,-4522,2533,-388,-1086,7074,-2536,-3394,0.312805474,5.05376339,1.580844879,0.038578417
5,9144,8267,-1068,10828,-5020,-3461,715,-5033,-5200,2237,4261,-8807,8806,-16581,-2600,2584,-16643,-2427,2442,-53,-1194,7246,-284,-4145,0.317693055,5.05376339,1.605545521,0.03858608
5,9678,7078,898,8301,-4549,-1565,363,-5132,-5614,3226,3669,-9576,10010,-16683,865,4284,-12932,-292,2101,172,-1252,7450,748,-4129,0.307917893,5.05376339,1.556144118,0.038593508
5,9934,4884,2637,6570,-4210,435,271,-4451,-6091,4160,2952,-10430,9847,-15722,4588,6901,-11011,1084,1397,257,-1098,7437,889,-3206,0.317693055,5.043988228,1.60244,0.038601153
5,10009,1618,4518,5904,-4431,2477,354,-3960,-6278,4318,2845,-10899,9061,-14898,7771,8953,-9093,2918,623,79,-607,6646,-1031,-2847,0.312805474,5.05376339,1.580844879,0.038608696
5,9877,-485,5841,5561,-4739,3596,640,-3324,-6538,3740,3540,-11133,8656,-13385,9572,10733,-8077,4331,732,-234,-283,6351,-2780,-3160,0.312805474,5.043988228,1.577787161,0.038616225
5,9849,-2044,6572,5860,-5279,5107,726,-3185,-6716,3767,4123,-11168,9073,-11648,11245,12184,-6256,5703,1316,-527,-565,5796,-3122,-3584,0.317693055,5.043988228,1.60244,0.038623892
5,9681,-2492,7353,5569,-4265,6434,973,-2766,-7267,4413,4274,-11190,10043,-9734,11916,14602,-4545,6400,2399,-890,-898,6109,-2529,-3408,0.312805474,5.05376339,1.580844879,0.038631435
5,8807,-2930,8293,6004,-4298,9033,1296,-2174,-7475,5802,4158,-10969,10857,-7796,11806,17236,-1070,7986,3298,-912,-1338,6241,-1812,-3097,0.312805474,5.05376339,1.580844879,0.038639005
5,7823,-2889,8786,5223,-3886,11277,1340,-1025,-7128,7651,3614,-10048,10692,-6180,11477,20157,3667,9927,3576,-1231,-1513,5594,-470,-3404,0.317693055,5.043988228,1.60244,0.038646653
5,5626,-2853,9203,3792,-3751,13636,1448,-189,-6190,8051,2542,-9458,9491,-3274,10757,21706,6827,11781,3452,-1724,-1437,5324,146,-3877,0.322580636,5.043988228,1.627092957,0.038654435
5,3724,-3004,9529,1604,-2853,14414,1865,-254,-5051,7878,2514,-8830,8000,-217,9538,22360,8118,11886,3196,-2375,-1318,5072,150,-4006,0.317693055,5.05376339,1.605545521,0.03866211
5,1476,-3748,9944,-2610,-2753,14929,1966,-736,-3749,9338,2157,-7522,7118,3211,9141,22811,8897,10896,3092,-2890,-1069,5076,-308,-4262,0.317693055,5.05376339,1.605545521,0.038669765
5,-1629,-6004,10613,-6776,-3125,13915,1948,-379,-2844,9602,1872,-6340,6469,6049,9526,21890,9036,9053,3205,-3685,-905,4929,-861,-4783,0.322580636,5.05376339,1.630246162,0.038677555
5,-3268,-6678,11195,-6798,-1908,10594,1935,354,-1853,10167,1851,-6403,8311,10536,9060,20576,9140,4739,3528,-4518,-961,4483,-1144,-5622,0.312805474,5.05376339,1.580844879,0.038685109
5,-4906,-5123,10636,-9737,-772,7756,1738,2155,-1102,10345,2086,-7082,11407,14536,7889,20895,10312,-2527,3830,-5002,-1212,4135,-1746,-6445,0.312805474,5.05376339,1.580844879,0.038692668
5,-5910,-4297,10284,-11552,-1032,6752,1390,5016,-346,9683,1909,-7432,12723,17468,6036,20447,12791,-6948,4370,-5222,-1227,4579,-2590,-6838,0.322580636,5.05376339,1.630246162,0.038700458
5,-7321,-3149,9415,-11285,-24,7585,1078,6531,-68,8748,1738,-7021,12238,18553,4531,20449,16333,-13800,3980,-5546,-887,5120,-2023,-6236,0.317693055,5.05376339,1.605545521,0.038708117
5,-8616,-2549,8729,-10175,2108,8911,662,7319,282,7433,1705,-5865,9377,18624,1285,15653,18573,-15936,3241,-5629,-319,7772,-996,-5765,0.322580636,5.05376339,1.630246162,0.038715892
5,-10508,-943,6659,-11612,3505,6314,184,7730,503,6921,1516,-5411,7618,15954,-2241,11465,18316,-14483,1787,-5345,40,10054,-121,-5572,0.317693055,5.05376339,1.605545521,0.038723566
5,-11327,363,4766,-13410,2962,3153,-304,7727,869,6548,682,-5612,6663,13326,-5686,8445,16782,-14828,451,-4073,163,11420,-685,-5192,0.312805474,5.05376339,1.580844879,0.038731132
5,-11591,1202,2727,-14953,1013,-1723,-241,8277,1351,6840,-1192,-6935,5960,12698,-7469,5935,15842,-14657,-385,-2630,-100,11879,-1199,-3751,0.322580636,5.05376339,1.630246162,0.038738936
5,-10693,1385,-94,-15504,-1708,-6707,364,9014,1201,6122,-1788,-8178,4484,12917,-9561,4414,14731,-16992,-806,-1862,-655,10301,-3173,-2569,0.327468216,5.05376339,1.654946923,0.038746841
5,-9851,1501,-1933,-13956,-2378,-7563,754,8924,589,4111,-1805,-9002,3483,12952,-11758,3426,11111,-19220,-46,-989,-1524,9531,-4285,-1537,0.317693055,5.05376339,1.605545521,0.038754497
5,-9462,1578,-3649,-10288,-1646,-7845,388,7361,127,2536,-1719,-8369,4409,11793,-14861,1407,7320,-19600,888,-385,-2240,8138,-4814,-1136,0.317693055,5.05376339,1.605545521,0.038762175
5,-9397,2983,-4652,-7753,-165,-7673,-378,3771,-38,1200,-1950,-6915,5220,9402,-16831,169,4040,-17827,2114,-206,-2587,6869,-5523,-1278,0.322580636,5.05376339,1.630246162,0.038769964
5,-9154,6277,-6677,-7039,-808,-9713,-669,1130,410,1513,-1905,-5282,5243,6210,-16714,1307,1541,-16237,3346,-465,-2954,6058,-5659,-1780,0.317693055,5.05376339,1.605545521,0.038777623
5,-7972,7916,-8359,-6292,-1876,-12093,-1018,-1400,1571,2786,-1420,-3418,5980,5429,-16016,1471,-2277,-17039,3887,-565,-3158,6386,-5597,-2686,0.322580636,5.05376339,1.630246162,0.038785394
5,-6308,8478,-9688,-3384,-2721,-12197,-476,-2513,2222,3880,-1564,-4504,4835,4114,-14800,-7,-2903,-15589,3804,-59,-3191,6752,-5148,-3181,0.317693055,5.05376339,1.605545521,0.038793083
5,-3707,6496,-10973,-2468,-2613,-9328,46,-3375,2127,4424,-1036,-5516,1815,1973,-11722,-1678,-3783,-12860,3777,880,-3107,6506,-4434,-2866,0.312805474,5.05376339,1.580844879,0.038800646
5,-1965,2483,-10989,-2903,-1386,-7899,428,-3558,944,3751,-315,-4882,-2750,-1759,-8977,-2509,-6175,-11186,4149,1130,-3013,6124,-3871,-2972,0.317693055,5.043988228,1.60244,0.038808335
5,179,-3632,-9629,1268,-617,-7735,444,-3377,-47,2998,18,-5193,-5601,-4923,-6771,-1610,-8239,-10546,4249,1188,-2868,6807,-3062,-2605,0.307917893,5.05376339,1.556144118,0.03881577
5,1469,-5984,-8273,5595,-733,-8579,500,-2955,-609,2697,1000,-5316,-7155,-6555,-6492,-399,-9980,-10282,3966,1223,-2690,7102,-1361,-3260,0.312805474,5.05376339,1.580844879,0.038823321
5,2576,-6107,-6991,9273,-1054,-9509,244,-3291,-615,2319,820,-5465,-7105,-7012,-6693,-586,-12644,-9491,3141,1485,-2572,7055,-261,-4712,0.312805474,5.05376339,1.580844879,0.038830888
5,2904,-4590,-6605,10344,-1800,-9606,148,-4255,-554,1696,602,-5778,-5675,-7347,-6435,-1154,-15704,-9292,2206,2122,-2259,6489,-162,-5379,0.317693055,5.043988228,1.60244,0.038838554
5,3656,-827,-6477,13218,-3028,-9161,24,-5365,-789,1555,142,-6435,-2363,-7914,-6001,-3349,-18068,-8854,357,2115,-2063,6206,-889,-3982,0.317693055,5.043988228,1.60244,0.03884621
5,4498,2219,-5904,13475,-4247,-8781,-1,-6434,-1711,3386,-254,-6906,1566,-9444,-5818,-4549,-18388,-7954,-898,2261,-1431,7277,-956,-2298,0.312805474,5.05376339,1.580844879,0.038853765
5,5428,4945,-4932,13615,-5052,-7779,-130,-6634,-2416,4744,-577,-7459,3938,-11384,-4974,-4333,-17077,-6862,-970,1470,-449,6962,-582,-5616,0.317693055,5.043988228,1.60244,0.038861431
5,6559,7406,-3375,12468,-5135,-5750,83,-6530,-3073,6109,32,-7972,5924,-12607,-3918,-3130,-15174,-4799,-3,555,209,7043,-1638,-8645,0.312805474,5.043988228,1.577787161,0.038868975
5,7156,7954,-2074,11482,-5277,-4013,152,-5043,-3728,7234,1849,-8030,6850,-14014,-2193,-1859,-13182,-2141,-2309,1623,697,2516,-5494,-4705,0.317693055,5.05376339,1.605545521,0.038876653
5,7578,7462,-205,8916,-5416,-1307,-346,-3322,-4017,7003,2606,-8062,7187,-14812,-53,-281,-11469,337,-3102,273,605,2151,-8019,-1643,0.312805474,5.05376339,1.580844879,0.038884185
5,7554,6207,1186,7039,-5327,538,-901,-1348,-4155,5515,2471,-8582,7143,-15225,2285,1762,-9763,1926,-82,-449,-367,5022,-4193,-2568,0.317693055,5.05376339,1.605545521,0.038891844
5,7414,3962,2940,6482,-5873,2011,-1066,-210,-4138,4394,1921,-9168,7123,-14786,3866,3845,-8498,3815,850,-378,-710,6790,-1058,-4271,0.322580636,5.043988228,1.627092957,0.038899645
5,7105,2521,4006,5946,-6393,2874,-757,446,-4066,3417,1169,-10007,7244,-13658,5745,5486,-7109,5922,-234,343,-18,8531,-14,-3491,0.312805474,5.05376339,1.580844879,0.038907196
5,6315,1092,5279,4243,-5992,3567,-291,460,-4114,3137,1184,-10298,7605,-12126,7231,6479,-6151,7545,-371,470,150,8328,-1621,-2313,0.332355827,5.05376339,1.679647684,0.038915213
5,6030,-341,5953,4676,-6526,4179,274,153,-4323,2906,1508,-10071,7923,-9958,8157,7737,-4137,9109,1080,329,-575,8007,-3813,-2203,0.317693055,5.05376339,1.605545521,0.03892288
5,5895,-1098,6089,5289,-6652,4655,643,-164,-4468,2918,1786,-10036,7744,-7838,8346,8975,-1885,10913,2187,13,-1490,6666,-4898,-3282,0.327468216,5.05376339,1.654946923,0.038930815
5,5663,-1612,6796,5514,-5979,5375,985,-371,-4539,3028,2383,-10169,7313,-5009,7631,9426,115,11592,3478,-340,-1773,6210,-5426,-3752,0.317693055,5.05376339,1.605545521,0.038938493
5,5293,-1595,7097,5448,-5434,7012,1383,-664,-4453,3227,2973,-10526,6720,-2784,6420,9816,1408,10855,4029,-224,-1834,5986,-4210,-3293,0.322580636,5.05376339,1.630246162,0.038946308
5,4469,-1107,7483,4253,-4575,9391,1446,-634,-4655,3997,2941,-11032,6623,-1348,5749,9948,2002,9525,4279,-375,-1763,6266,-2300,-3235,0.317693055,5.05376339,1.605545521,0.03895399
5,3660,-746,7711,2465,-4570,10833,1868,96,-4509,4328,2963,-10506,6768,-766,5788,10003,2502,8969,4287,-282,-1657,6765,968,-3514,0.312805474,5.05376339,1.580844879,0.038961552
5,2430,-707,8251,172,-4290,11404,2030,-304,-4233,4859,3118,-9506,7288,-252,6021,10670,3236,8649,3059,-278,-1349,7131,2368,-3973,0.312805474,5.05376339,1.580844879,0.038969118
5,1456,-741,8715,-2674,-3613,11164,1794,-577,-3806,5021,2298,-8955,7976,911,6900,12105,4550,7856,1768,-275,-1019,7256,2648,-4117,0.317693055,5.05376339,1.605545521,0.038976792
5,24,-988,8776,-8868,-1841,10555,1951,709,-3382,5030,1604,-8946,9159,3568,8840,15097,6452,6424,992,-179,-759,6814,2154,-4002,0.322580636,5.05376339,1.630246162,0.038984582
5,-928,-1893,8435,-14100,-1373,9173,2537,2749,-2735,4201,2260,-7474,10567,6808,10839,18500,9814,2814,189,-101,-377,6025,1288,-3962,0.312805474,5.05376339,1.580844879,0.038992129
5,-1522,-3789,8083,-16201,-2074,7690,2720,2700,-2516,3371,3248,-6370,12589,11444,11382,20779,13710,-1798,-23,-172,123,6169,395,-4309,0.322580636,5.05376339,1.630246162,0.03899993
5,-2028,-6156,7544,-15256,-2121,8621,2597,2804,-2472,2549,4257,-6421,12314,14444,10663,23956,18460,-5753,24,-198,281,6423,-1365,-4450,0.317693055,5.05376339,1.605545521,0.039007623
5,-2877,-6976,6827,-10755,-1544,10169,2180,3658,-2503,1860,4451,-6336,10361,17161,7795,24198,20791,-9327,436,-351,134,6294,-2862,-3879,0.317693055,5.05376339,1.605545521,0.039015308
5,-4834,-5044,5277,-7005,578,13074,1662,3848,-2383,1718,4332,-6236,9665,17693,2975,18248,18944,-8260,1289,-852,-331,5330,-3817,-3725,0.317693055,5.043988228,1.60244,0.039022967
5,-6842,-3046,4569,-7502,1125,13124,886,3461,-1867,3467,3751,-6192,10924,15550,-1486,11995,17636,-4909,2207,-1082,-874,5967,-2389,-2668,0.312805474,5.043988228,1.577787161,0.039030511
5,-9601,-600,3126,-8115,292,11793,581,3128,-1277,5267,2592,-6296,11089,11468,-6875,9774,16103,-6001,3418,-1689,-1172,5627,-2085,-2997,0.312805474,5.05376339,1.580844879,0.039038062
5,-11254,1021,2094,-8987,-638,7881,897,2431,-564,8915,1429,-7082,10284,8997,-10393,8125,15303,-3861,4522,-2485,-1343,5674,-1776,-4148,0.307917893,5.05376339,1.556144118,0.039045498
5,-12473,1775,587,-11224,-1430,1835,1111,1997,78,11852,1023,-7124,8251,7874,-12100,8884,12295,-4299,5186,-3325,-1330,5297,-1414,-4917,0.312805474,5.05376339,1.580844879,0.039053064
5,-12918,1079,-232,-12135,-1383,-1828,631,2119,390,14154,138,-6881,4751,8361,-12523,9960,8610,-5864,5406,-4111,-1375,4907,-1195,-5443,0.312805474,5.05376339,1.580844879,0.0390606
5,-13024,-638,-777,-12502,-1737,-3929,972,3725,227,13728,-914,-8076,1493,9669,-12191,11186,6666,-9071,5355,-4544,-1662,4313,-1847,-5807,0.312805474,5.05376339,1.580844879,0.039068151
5,-12778,-3306,-1132,-11152,-1076,-5771,2363,6921,-120,10740,-1088,-9567,-1150,11903,-12040,10997,5150,-12666,5590,-5032,-1989,3775,-2846,-6216,0.312805474,5.05376339,1.580844879,0.039075695
5,-12280,-4624,-1385,-9740,-1306,-6914,3260,8769,-478,7802,-789,-9940,-2533,12889,-12437,9266,3785,-15518,5768,-6013,-2094,4445,-1327,-6300,0.317693055,5.043988228,1.60244,0.039083343
5,-11432,-4600,-1952,-8279,-1086,-7946,3609,9687,-813,5258,-467,-9597,-2055,12801,-12991,7017,1285,-19144,4513,-6494,-1654,5656,-477,-6327,0.327468216,5.043988228,1.651745796,0.039091248
5,-11009,-3344,-2869,-7809,-335,-7841,3310,9830,-1103,2463,-492,-9003,109,11761,-14030,4263,298,-20167,2956,-6252,-735,8438,1169,-6383,0.327468216,5.043988228,1.651745796,0.039099149
5,-10069,-290,-4708,-6399,-706,-8393,2698,9223,-1040,121,-459,-8308,1705,8816,-14273,2733,-196,-20118,1314,-5890,-328,10951,1866,-6400,0.327468216,5.043988228,1.651745796,0.039107043
5,-9111,2205,-6395,-6138,-868,-8665,1499,7365,-930,-3175,-1323,-7285,3083,5181,-13510,749,-340,-19429,342,-4661,-507,12196,975,-4576,0.312805474,5.05376339,1.580844879,0.039114598
5,-7434,4066,-8354,-5219,-917,-8992,1575,5176,-467,-5153,-1894,-6132,3315,1997,-12064,-876,-393,-17796,93,-3220,-1328,11783,-352,-2889,0.317693055,5.05376339,1.605545521,0.039122257
5,-5734,4298,-9294,-4763,-1565,-9721,2727,6,239,-4048,-1873,-4119,3445,-1886,-11390,-1306,-1403,-16079,407,-2161,-2062,10645,-2754,-2088,0.317693055,5.05376339,1.605545521,0.039129939
5,-3885,3616,-9633,-2731,-1570,-10197,3270,-3753,370,-1624,-571,-4523,2702,-5076,-10608,-726,-1664,-14518,1410,-974,-2663,9611,-4184,-1181,0.317693055,5.05376339,1.605545521,0.039137617
5,-1526,2419,-9753,-1264,-1460,-10148,3855,-7095,35,2806,5,-6295,767,-7070,-9821,627,-1914,-13488,2377,-271,-2959,8111,-5200,-915,0.312805474,5.05376339,1.580844879,0.039145172
5,42,1010,-9556,-488,-1518,-10068,3657,-8221,-692,6449,1111,-6484,-1139,-7848,-9224,1357,-2936,-12450,3184,3,-2999,6909,-6156,-1374,0.317693055,5.05376339,1.605545521,0.039152831
5,1967,-1426,-9034,1555,-1559,-9981,3072,-8076,-1643,9091,2113,-5819,-4160,-8642,-8874,942,-4878,-11757,3193,303,-2930,6016,-7175,-2361,0.317693055,5.043988228,1.60244,0.039160497
5,2879,-3028,-8658,2445,-1482,-9307,2320,-5900,-2980,8825,1179,-5093,-6396,-9303,-7807,1096,-7845,-11049,3137,473,-2980,5006,-7466,-3021,0.317693055,5.05376339,1.605545521,0.039168172
5,3715,-4083,-8343,3893,-1383,-8103,2419,-3660,-3870,6780,481,-5661,-6629,-9779,-6369,397,-9751,-10108,3361,424,-3094,4685,-7083,-3453,0.317693055,5.05376339,1.605545521,0.039175838
5,4279,-3944,-8048,5767,-1709,-7254,2675,-1317,-4562,3787,673,-6736,-5923,-10385,-5359,-253,-11688,-8622,4472,199,-3255,4650,-5187,-3623,0.317693055,5.05376339,1.605545521,0.039183501
5,4909,-2943,-7501,8477,-2282,-7255,2593,-1135,-4813,2074,1784,-6554,-4387,-11240,-5171,-681,-13269,-7442,5612,474,-3126,5240,-4110,-3469,0.312805474,5.05376339,1.580844879,0.039191056
5,5775,-293,-6710,11009,-3461,-6913,1768,-3307,-4708,299,1914,-6514,-1902,-11816,-5140,-934,-14453,-6095,5926,720,-3088,6209,-1487,-4396,0.317693055,5.05376339,1.605545521,0.039198719
5,6504,2151,-5931,10952,-4158,-6162,1513,-4801,-4551,1661,2120,-7102,1014,-12380,-4884,-1071,-14997,-4879,4752,1187,-2830,6529,993,-5562,0.312805474,5.05376339,1.580844879,0.039206263
5,7383,4502,-4378,10386,-4961,-4801,1090,-4638,-5074,2320,2663,-7157,2953,-13007,-4031,-992,-14339,-2896,2930,1450,-2454,7737,1868,-5681,0.312805474,5.05376339,1.580844879,0.039213818
5,7952,5353,-3018,9483,-5193,-3206,1236,-5019,-5505,3607,3292,-7533,4922,-13774,-2859,-89,-13265,-1141,1558,2161,-2050,8630,1644,-5140,0.317693055,5.05376339,1.605545521,0.03922148
5,8461,4968,-1049,8051,-5133,-984,1056,-4571,-5915,4356,3891,-7830,6098,-14534,-732,884,-11994,423,130,2242,-1540,7266,280,-4130,0.317693055,5.05376339,1.605545521,0.039229132
5,8712,3823,272,6924,-5007,222,983,-4072,-6562,5575,4291,-8141,6537,-14783,1898,3284,-11038,1316,-1047,1669,-1217,6913,-1751,-4195,0.312805474,5.05376339,1.580844879,0.039236702
5,8930,1565,2229,5654,-5176,1743,954,-3368,-7175,5938,4972,-7839,6424,-14307,4757,5259,-10016,2959,-776,975,-968,6733,-4374,-6310,0.317693055,5.05376339,1.605545521,0.039244372
5,8847,-293,3993,4791,-5722,2685,984,-2200,-7994,6005,6697,-8200,6258,-13938,6833,7341,-9762,4444,581,1315,-633,4077,-5304,-5766,0.312805474,5.05376339,1.580844879,0.039251935
5,8879,-1994,5098,5486,-5844,3088,614,-1104,-8455,5458,8204,-8276,6851,-12448,9276,9678,-9111,6257,-503,1397,67,3012,-6745,-4476,0.317693055,5.043988228,1.60244,0.039259594
5,8575,-3245,6611,4252,-5072,3773,-90,94,-9040,5110,8651,-8496,7809,-10536,11208,11489,-8425,7412,-757,699,277,4730,-4254,-1956,0.332355827,5.05376339,1.679647684,0.039267626
5,8234,-4257,7714,3825,-5264,5467,173,1543,-9160,4248,7601,-8781,8838,-8234,12979,14388,-6141,8480,318,73,-107,4622,-1386,-2870,0.322580636,5.05376339,1.630246162,0.039275426
5,7456,-5453,8691,1844,-5244,8174,882,1815,-8334,3751,6311,-9012,9302,-6154,14666,17472,-1723,9624,585,-125,-536,6058,-37,-4104,0.327468216,5.043988228,1.651745796,0.03928332
5,6497,-7205,9078,-1341,-6171,10267,1259,-28,-7571,5043,5134,-8964,7762,-3987,17493,20712,2422,10666,446,241,-300,8399,215,-4101,0.317693055,5.043988228,1.60244,0.039291002
5,4946,-12031,9541,-3917,-8263,11284,1233,-1344,-6770,6627,3801,-8344,5403,-1438,20335,22807,4243,11858,374,459,-404,8068,-781,-3610,0.312805474,5.043988228,1.577787161,0.039298579
5,3834,-15565,10324,246,-9167,10505,1550,-1128,-5434,8614,2717,-7680,4388,578,20651,23424,4117,12215,834,352,-1225,7805,-1985,-3231,0.312805474,5.05376339,1.580844879,0.039306115
5,2389,-15618,11292,5974,-6701,11212,2011,127,-4267,10666,2692,-8135,5111,1746,19110,23878,2612,10856,1232,111,-1555,5963,-3306,-3671,0.312805474,5.043988228,1.577787161,0.039313644
5,1051,-12376,11943,5917,-4627,12446,2346,2771,-2235,11761,3226,-8511,8840,3853,15291,25586,2644,8802,1991,-325,-1355,4500,-5034,-4384,0.312805474,5.043988228,1.577787161,0.039321192
5,-535,-8070,12489,1798,-1532,13850,2203,3421,-951,10538,3894,-7591,13745,7302,11308,27555,6086,3934,3113,-655,-1260,3749,-5043,-3735,0.312805474,5.05376339,1.580844879,0.039328739
5,-2988,-3367,12273,-5866,520,14327,1831,3712,0,9220,4501,-8234,16963,11595,8058,28848,8959,-392,4356,-1267,-1397,4079,-2534,-3619,0.312805474,5.043988228,1.577787161,0.03933626
5,-4531,-2322,11999,-9829,679,14129,1605,5146,424,8118,4229,-8599,17202,14092,5481,27305,11511,-4821,5142,-1614,-1607,5126,666,-4297,0.312805474,5.05376339,1.580844879,0.039343812
5,-6716,-1886,11801,-10221,1792,15662,1649,7072,884,7374,3483,-8969,15713,15712,3844,26922,12577,-10353,4622,-1844,-1658,5987,3042,-4696,0.317693055,5.05376339,1.605545521,0.039351474
5,-8311,-783,11067,-10351,3948,15201,1806,8021,1383,7212,3385,-8999,13565,16318,1596,25298,13589,-13814,3795,-2062,-1341,6980,3195,-4781,0.322580636,5.05376339,1.630246162,0.039359264
5,-10674,888,9205,-12918,5256,11792,1810,8419,1988,7403,3264,-8824,12407,16293,-643,19908,14017,-13084,2515,-2397,-942,6908,2267,-4662,0.312805474,5.05376339,1.580844879,0.039366812
5,-12002,1393,7769,-14751,3769,6528,1667,8848,2564,7681,2882,-9529,12271,14760,-3732,14433,12970,-11924,1643,-2991,-566,6019,719,-4839,0.327468216,5.05376339,1.654946923,0.039374713
5,-12514,2055,5984,-15229,2314,1819,1490,9454,2526,7172,2636,-10283,12110,13768,-6415,11735,11878,-14790,1624,-3628,-597,4209,-627,-5641,0.312805474,5.05376339,1.580844879,0.039382257
5,-12280,3344,3998,-15877,732,-1362,1580,10208,2195,4783,2504,-10262,11821,13640,-8753,10074,10467,-16964,1904,-4143,-506,3025,-2764,-7349,0.317693055,5.05376339,1.605545521,0.039389949
5,-12225,3569,2489,-15084,971,-2256,1732,10118,2313,2548,2208,-9242,10558,13329,-10054,8258,9742,-17116,2455,-4674,-461,1735,-5316,-7098,0.317693055,5.05376339,1.605545521,0.039397635
5,-11912,3227,426,-13255,1511,-4012,2327,7912,2787,318,1650,-7001,8229,12120,-11024,6101,9530,-17160,2763,-6081,-341,1722,-4369,-5876,0.312805474,5.05376339,1.580844879,0.039405204
5,-11318,2844,-872,-10963,58,-5483,2450,5463,3026,-2,1735,-5173,6118,10291,-11247,3519,6089,-16830,2680,-7342,-47,5812,-1497,-6404,0.317693055,5.05376339,1.605545521,0.039412867
5,-10327,3283,-2838,-10162,193,-6341,2189,2021,3181,-112,1954,-3783,5542,8589,-11246,2565,4194,-15659,1840,-7751,600,8837,54,-6989,0.317693055,5.05376339,1.605545521,0.039420538
5,-9432,3322,-4075,-8579,-364,-7323,1985,-154,2966,546,1002,-3592,5194,6691,-11081,1364,2491,-15038,858,-5934,1108,12271,-269,-6273,0.312805474,5.05376339,1.580844879,0.039428104
5,-7802,3442,-5535,-6080,-232,-8325,1912,-1513,2380,1726,-498,-4278,5127,4823,-11295,458,1455,-15135,448,-4688,795,13133,-1128,-5688,0.322580636,5.043988228,1.627092957,0.039435901
5,-6568,3832,-6386,-3940,-99,-8631,2227,-2552,1192,3955,-1969,-5223,4242,3126,-11507,-412,447,-14140,-188,-2753,-104,13665,-1801,-3576,0.322580636,5.05376339,1.630246162,0.039443679
5,-5387,4101,-7205,-2681,-210,-8772,2575,-3511,303,5399,-2279,-4739,3152,710,-11441,-162,-1180,-12957,-299,-446,-1169,12689,-2461,-1240,0.327468216,5.05376339,1.654946923,0.039451595
5,-4003,4318,-8234,-2580,-36,-8367,2797,-4421,-345,6324,-1518,-4112,2541,-1613,-10431,-123,-2230,-12235,331,1178,-1680,9878,-3657,31,0.322580636,5.05376339,1.630246162,0.03945937
5,-3004,4252,-8842,-2341,-240,-8691,2514,-4462,-527,6019,-698,-3932,2560,-3523,-9362,-69,-3287,-12172,1613,1816,-2226,7016,-4889,-213,0.317693055,5.043988228,1.60244,0.039467018
5,-1336,3909,-8985,-592,-649,-9675,2114,-3610,-841,5319,-300,-4223,2510,-4533,-8926,-183,-4010,-11530,2698,1209,-2318,4987,-5749,-832,0.312805474,5.043988228,1.577787161,0.039474547
5,-165,3734,-8869,612,-531,-9423,1882,-3164,-1180,4830,21,-4176,1769,-5731,-8502,-413,-3901,-10220,3324,53,-2399,3420,-6823,-2085,0.317693055,5.043988228,1.60244,0.039482187
5,1011,3436,-8598,2251,-701,-7893,1402,-3397,-1505,4506,-286,-4720,343,-6909,-7842,-700,-4192,-8112,3604,-721,-2719,5024,-7135,-3524,0.322580636,5.05376339,1.630246162,0.039489973
5,1584,3149,-8180,2984,-1073,-7039,1439,-3912,-1431,4714,-3,-4815,-641,-8009,-7156,-926,-4981,-6560,3450,837,-2995,6425,-7074,-3998,0.312805474,5.05376339,1.580844879,0.039497521
5,2086,2739,-7507,3517,-1521,-5994,1090,-4142,-1240,4953,300,-4715,-1423,-8514,-6621,-742,-5778,-5242,3288,1616,-3211,5897,-6401,-3412,0.312805474,5.05376339,1.580844879,0.039505068
5,2347,2702,-6893,4145,-2016,-5485,563,-4639,-995,5156,434,-4663,-1336,-8770,-6147,-1027,-6395,-3931,4707,1518,-3332,4501,-4661,-4861,0.312805474,5.05376339,1.580844879,0.039512608
5,2713,2945,-6341,4603,-2582,-5661,57,-4628,-1050,5244,-98,-4956,-438,-8567,-6007,-1121,-7162,-3408,4698,890,-3147,2670,-2317,-7677,0.307917893,5.05376339,1.556144118,0.039520033
5,3416,3454,-5253,5916,-3161,-5493,-48,-3955,-1366,5249,-822,-5477,353,-7904,-6182,-1901,-7312,-2540,4191,1173,-3204,4625,-1171,-7301,0.312805474,5.05376339,1.580844879,0.039527584
5,3730,3863,-4513,6444,-3306,-5107,48,-3733,-1659,5113,-871,-5911,698,-7831,-6038,-2392,-7541,-1440,4381,2392,-3568,5540,-1323,-5260,0.317693055,5.043988228,1.60244,0.039535232
5,3971,3975,-3692,7191,-3713,-4612,69,-3246,-1834,5144,-293,-6508,684,-7834,-5538,-2701,-8681,-833,3131,2182,-3432,5474,-1912,-2171,0.312805474,5.05376339,1.580844879,0.039542783
5,4148,3808,-3041,7763,-4163,-4375,-244,-2838,-1950,4947,-309,-6651,798,-7918,-4819,-2833,-9782,-417,1579,1556,-2518,8142,-814,-1952,0.317693055,5.043988228,1.60244,0.039550427
5,4436,3841,-2180,8759,-4582,-3875,-501,-2350,-2385,4178,-160,-7288,1124,-8095,-3840,-2989,-11373,-161,860,1848,-1553,13700,-826,-6097,0.317693055,5.043988228,1.60244,0.03955809
5,4689,3980,-1359,9936,-5008,-3446,-610,-1981,-2862,4087,287,-7970,2003,-8359,-3109,-3212,-13187,286,1296,2367,-816,10036,-292,-11499,0.312805474,5.05376339,1.580844879,0.039565649
5,4991,4327,53,11067,-6363,-2415,-769,-1652,-3360,4231,1399,-8141,3227,-9149,-2181,-4388,-14263,1384,-195,937,-602,-1223,-6768,-5946,0.317693055,5.05376339,1.605545521,0.039573323
5,5167,4482,1274,10898,-7812,-1528,-1182,-1218,-3703,4681,2161,-8008,4959,-10397,-941,-4258,-14923,2838,-1182,-150,-83,1085,-11962,-37,0.317693055,5.043988228,1.60244,0.039580967
5,5324,4379,2246,10734,-8885,-501,-1250,-503,-3657,4562,1051,-8780,6493,-11579,801,-3491,-14282,4149,-176,-277,-413,4337,-7533,537,0.317693055,5.05376339,1.605545521,0.03958863
5,5361,4015,3831,10194,-9130,-251,-648,386,-3697,4141,-514,-10481,7648,-12363,2205,-1001,-13769,4273,1320,-221,-786,8173,-1644,-1386,0.307917893,5.05376339,1.556144118,0.039596081
5,5451,3268,4918,9652,-8778,34,723,690,-3905,3830,-262,-11588,8831,-11867,3445,2031,-11735,5855,981,394,-245,10012,2869,-4248,0.317693055,5.05376339,1.605545521,0.039603751
5,5657,1897,5973,8065,-8700,430,2232,559,-4296,3036,2096,-12070,8752,-10360,5238,3300,-10101,7970,-768,1555,494,10253,3283,-2929,0.322580636,5.05376339,1.630246162,0.039611541
5,6071,867,6254,5855,-8172,1375,2598,361,-4770,2247,3432,-12074,8555,-7584,7355,5471,-8337,9375,-1023,1290,-34,9236,1588,-2105,0.322580636,5.05376339,1.630246162,0.039619323
5,6312,-1109,6987,2793,-8324,3584,2823,-337,-5725,1828,3451,-11878,8598,-5752,9413,6642,-6024,9925,-565,1021,-798,8634,-474,-3828,0.322580636,5.05376339,1.630246162,0.03962715
5,6421,-3073,7560,2103,-7994,4886,3260,-1166,-6297,2723,3930,-11471,8837,-3796,10771,8102,-3243,8539,-176,790,-1608,7463,-3487,-5202,0.317693055,5.05376339,1.605545521,0.039634809
5,6476,-4398,8084,2174,-7245,6532,3512,-1582,-6553,4063,4263,-11346,8685,-2764,12278,9211,-1284,7048,584,1008,-1516,4170,-5082,-4420,0.312805474,5.05376339,1.580844879,0.039642345
5,6186,-5151,8527,-746,-5591,9372,3843,-1062,-6252,5556,3165,-12305,8471,-2830,14485,12254,586,5689,2048,1057,-830,2581,-5218,-3237,0.312805474,5.05376339,1.580844879,0.039649904
5,5484,-6157,8947,-3709,-4588,11014,4778,430,-5456,5676,3547,-11758,8694,-2590,16758,17180,2822,4522,4218,555,-420,3438,-2266,-4338,0.322580636,5.05376339,1.630246162,0.039657678
5,3924,-8515,9786,-7482,-3962,11352,5063,-1205,-4400,5435,5501,-7940,9315,-1721,18187,22380,6399,4839,4928,-38,-864,6528,547,-5574,0.312805474,5.05376339,1.580844879,0.039665245
5,2595,-10170,10600,-8333,-3241,10062,4360,-2516,-3876,6241,5616,-6108,9472,1264,18792,26608,9972,4854,4274,-515,-1169,6724,3442,-5791,0.322580636,5.05376339,1.630246162,0.039673019
5,928,-10912,11303,-6703,38,9566,3451,-785,-2820,6773,4382,-4951,10414,7222,16741,29534,12441,3092,2726,-732,-1021,6664,4250,-5357,0.312805474,5.05376339,1.580844879,0.039680563
5,-808,-9199,10756,-6234,2113,10722,2690,1351,-1800,7918,3438,-3906,12102,11934,12472,30431,13583,-1098,1645,-1021,-722,6046,3624,-4540,0.312805474,5.05376339,1.580844879,0.039688133
5,-3360,-5474,9771,-7345,4219,12924,1592,2949,-462,8244,2483,-2350,14952,14368,7857,30367,12945,-6966,1107,-1313,-395,5508,2065,-3994,0.312805474,5.05376339,1.580844879,0.039695684
5,-5647,-3014,8510,-8526,5177,14515,792,3046,89,8862,2090,-1608,16379,16106,1683,27457,12524,-10831,784,-1699,90,4226,272,-3579,0.312805474,5.05376339,1.580844879,0.039703246
5,-8059,-1518,7536,-8861,5157,14304,-41,3558,486,9272,1450,-1861,15886,16283,-3671,22297,12599,-12475,872,-2725,323,3296,-979,-3687,0.307917893,5.05376339,1.556144118,0.039710663
5,-10490,54,5632,-10123,4133,9038,-519,4718,1107,9639,137,-4041,14141,15209,-7974,16155,13800,-12879,1306,-3546,417,3457,-2243,-4229,0.312805474,5.05376339,1.580844879,0.039718229
5,-11416,976,3791,-13321,2288,3553,-37,6254,1536,10349,-990,-6728,11009,14634,-10475,13689,12928,-14575,1698,-4379,717,5075,-4015,-4802,0.312805474,5.05376339,1.580844879,0.039725799
5,-11396,1085,544,-17337,60,-1609,678,9025,1227,8688,-1606,-9944,8600,15181,-12210,11974,9359,-18799,2251,-5039,583,5456,-4938,-5125,0.317693055,5.05376339,1.605545521,0.039733477
5,-11050,223,-1460,-17196,-843,-2298,1169,10842,84,5931,-1718,-11807,5566,14764,-12563,10903,9061,-21186,3051,-5681,-353,5409,-5033,-5817,0.312805474,5.043988228,1.577787161,0.039740998
5,-10587,-1878,-3653,-13119,46,-2397,1547,11228,-1668,56,-1642,-12262,2568,13005,-12808,6683,9853,-21127,4265,-5928,-1434,5200,-4139,-6970,0.312805474,5.043988228,1.577787161,0.039748557
5,-9947,-3040,-4789,-9561,114,-3971,1456,9372,-2569,-4624,-865,-10459,267,10432,-13662,3381,6708,-18407,4666,-6069,-2384,5267,-3213,-6873,0.312805474,5.05376339,1.580844879,0.039756119
5,-8815,-2375,-6450,-6285,-1024,-6140,462,4895,-2407,-8835,-724,-6817,73,6751,-15402,2158,2891,-15924,3889,-6526,-1940,7798,-1358,-6660,0.312805474,5.05376339,1.580844879,0.039763689
5,-7906,-756,-7574,-6167,-2748,-7461,1161,2249,-1764,-8526,-916,-6078,-241,3812,-15703,2945,398,-14749,2682,-6358,-1500,10479,517,-6888,0.317693055,5.05376339,1.605545521,0.039771371
5,-7009,80,-8617,-5852,-2506,-7269,2349,-4022,-682,-3003,-7,-6705,627,2421,-15103,2332,-1083,-13828,1402,-5450,-1248,11335,1337,-5462,0.312805474,5.05376339,1.580844879,0.039778929
5,-6045,433,-9443,-3572,-1699,-6877,2552,-8874,-72,1906,257,-8415,734,932,-14535,678,-1391,-12024,822,-4686,-1750,10117,-710,-4445,0.312805474,5.043988228,1.577787161,0.039786462
5,-5091,302,-9927,-1445,-1669,-7168,2129,-11237,-193,6259,-324,-10177,-119,-1517,-13890,-50,-1446,-11674,1169,-3783,-2291,8818,-2711,-3677,0.327468216,5.05376339,1.654946923,0.039794385
5,-3265,-82,-10354,1373,-2547,-9183,2155,-10876,-1398,10804,336,-9517,-1945,-3557,-13690,-258,-3155,-12268,2351,-3281,-3039,8252,-3691,-3607,0.337243408,5.043988228,1.701051831,0.03980251
5,-1762,-605,-10331,3116,-3707,-10371,2031,-9975,-2571,11750,1430,-7029,-4467,-4865,-13550,-1011,-4899,-12177,2901,-2631,-3578,7898,-3946,-3288,0.312805474,5.043988228,1.577787161,0.039810058
5,-200,-2230,-9908,4378,-4401,-10350,1802,-6282,-3567,9258,1687,-7161,-6367,-5749,-12587,-1583,-8277,-12374,3436,-2054,-3779,7936,-4531,-2117,0.317693055,5.05376339,1.605545521,0.039817721
5,699,-3692,-9376,5402,-4927,-10457,1770,-2445,-3942,6184,2643,-7776,-7729,-6781,-11085,-2246,-13350,-13020,3752,-1324,-3732,7113,-5149,-1315,0.312805474,5.05376339,1.580844879,0.03982529
5,2026,-4400,-8377,8770,-5542,-10447,548,-819,-4457,2652,2511,-7823,-6754,-8132,-8719,-3632,-18666,-13125,3580,-832,-3528,6267,-5310,-1542,0.317693055,5.05376339,1.605545521,0.039832972
5,3240,-2461,-7626,12536,-5696,-10781,649,-1141,-4764,2788,2094,-7975,-3549,-10066,-6779,-5250,-21345,-12194,2748,-3,-3262,6315,-4933,-2481,0.317693055,5.05376339,1.605545521,0.039840654
5,4624,869,-6615,14423,-6235,-10636,127,-1638,-5114,805,948,-7141,-246,-12029,-5851,-5101,-21979,-10543,2257,1074,-2752,6213,-4360,-3775,0.312805474,5.05376339,1.580844879,0.039848223
5,6435,5076,-4482,15193,-6206,-8891,-53,-2859,-5022,2057,1714,-7117,3601,-13435,-5433,-4059,-20176,-7868,1788,1186,-2179,5080,-3462,-4458,0.312805474,5.05376339,1.580844879,0.039855778
5,7510,7396,-2857,14151,-5849,-6271,-469,-3180,-5348,2729,1132,-7384,6499,-15185,-4001,-1341,-17294,-4637,1964,1064,-2198,5950,-2111,-4154,0.317693055,5.05376339,1.605545521,0.039863426
5,8495,8383,-1132,10939,-4761,-2511,-103,-3302,-6379,2794,956,-8281,8349,-16233,-1547,1368,-15082,-2273,3355,1153,-2954,6553,-691,-3423,0.317693055,5.05376339,1.605545521,0.039871108
5,9092,7210,344,8737,-3966,667,128,-2927,-7203,1772,1276,-8551,8929,-16477,1516,5224,-12042,-610,5413,2245,-3562,8628,-1786,-1928,0.307917893,5.05376339,1.556144118,0.039878521
5,9449,3732,2629,6681,-2661,5261,755,-2523,-8420,664,2767,-8770,8496,-16907,4014,8865,-10199,1596,4358,3197,-3075,7805,-3893,-3503,0.312805474,5.05376339,1.580844879,0.039886087
5,9677,761,3747,7568,-2727,7882,1049,-1808,-8984,541,4706,-8861,8173,-17714,7666,12742,-9948,2963,1460,2692,-2105,5773,-3781,-5194,0.312805474,5.05376339,1.580844879,0.039893653
5,9250,-1001,5494,6885,-2738,9382,414,-983,-9452,1111,5556,-9302,9322,-17902,10462,16815,-10216,3093,2158,2287,-2588,4345,-2764,-3896,0.317693055,5.05376339,1.605545521,0.039901361
5,9045,-1926,6973,6278,-2513,9380,53,-229,-9500,2008,4937,-9025,10803,-15774,12251,22209,-8322,4060,2862,1895,-3221,4287,-2135,-2261,0.312805474,5.05376339,1.580844879,0.039908916
5,8399,-2642,8684,5441,-957,9967,220,1223,-9939,2505,4771,-8407,12674,-12214,12707,27668,-2863,7436,1867,1547,-2499,10664,-3794,-4116,0.322580636,5.05376339,1.630246162,0.039916694
5,7388,-4177,10166,5544,967,11545,714,1994,-9833,3088,5003,-8673,11156,-5305,12658,31377,3033,11557,1868,1093,-725,12878,-54,-8592,0.322580636,5.05376339,1.630246162,0.039924495
5,5882,-5086,10889,4837,2236,14755,1147,2431,-9568,3274,6623,-9077,8438,1129,11962,31211,3651,10247,774,1246,-1026,2888,-3920,-6064,0.317693055,5.05376339,1.605545521,0.039932169
5,2890,-5694,12532,3149,954,19713,1693,2618,-8369,4069,8779,-9649,9022,4826,11196,29730,2241,8006,-358,682,-399,361,-6963,-2516,0.312805474,5.043988228,1.577787161,0.039939702
5,690,-5233,13386,-935,-298,21130,1648,2333,-6917,5991,8025,-9673,11520,6143,11424,30172,5140,5631,-577,-158,-94,2306,-4943,-1490,0.312805474,5.05376339,1.580844879,0.039947264
5,-2589,-5577,14103,-11474,87,20654,846,745,-5353,8730,5076,-7357,12812,8509,12564,32394,11470,1933,250,113,-620,5958,-824,-2691,0.307917893,5.05376339,1.556144118,0.039954692
5,-5134,-7233,14738,-15533,1078,17975,804,427,-4120,9920,3331,-8263,12804,12915,13986,32394,16418,-3588,-735,556,-223,9300,1787,-4486,0.307917893,5.05376339,1.556144118,0.039962124
5,-7139,-7275,14485,-16092,2449,15691,1363,2182,-2869,10158,3111,-8749,15812,17844,12158,32394,18242,-8219,-952,767,746,10363,1006,-4091,0.332355827,5.043988228,1.676398873,0.039970141
5,-9432,-6536,13451,-16258,4009,17038,1603,4186,-2109,10215,2784,-9321,15272,19354,5326,32394,23282,-20683,-618,803,-282,8132,-1441,-3283,0.327468216,5.043988228,1.651745796,0.039978039
5,-11615,-5705,12801,-14034,4946,19436,1999,8081,-893,10012,2657,-10739,10993,20752,191,28845,25704,-18602,605,283,-1234,7501,-4625,-3718,0.327468216,5.05376339,1.654946923,0.039985955
5,-14563,-753,10488,-16085,8712,14744,2067,10626,159,9442,2465,-11352,10856,16382,-6269,23856,20792,-19264,2327,222,-1990,5659,-5993,-4576,0.312805474,5.05376339,1.580844879,0.039993502
5,-16097,3521,7954,-19895,8776,7195,1970,11811,1261,9130,1733,-12400,11964,14904,-11252,18775,19239,-20864,3679,273,-2195,2880,-6304,-4504,0.312805474,5.05376339,1.580844879,0.040001038
5,-16884,6771,3719,-24347,5719,-4678,2854,12579,2491,8751,1276,-14874,11658,15412,-15276,14647,18173,-22555,5502,-245,-1794,2794,-3524,-5013,0.312805474,5.05376339,1.580844879,0.04000859
5,-16396,6931,569,-23301,2743,-9976,3923,13599,2863,6954,2463,-15960,9534,17223,-17602,11493,13554,-24616,7074,-858,-1539,4843,-1139,-5486,0.317693055,5.043988228,1.60244,0.04001623
5,-15008,6061,-2811,-20321,319,-10821,4330,13626,3018,2663,4364,-14249,7459,18045,-19839,10393,7503,-28467,6919,-1082,-2117,5750,1315,-6065,0.312805474,5.05376339,1.580844879,0.040023774
5,-14412,6024,-4544,-16328,1762,-10701,4127,11708,3734,55,4721,-11779,5774,16805,-21133,7009,4373,-29219,5822,-1457,-2215,6192,4100,-6651,0.317693055,5.05376339,1.605545521,0.040031429
5,-13571,5759,-6472,-14732,1295,-9981,3573,7574,5284,-751,3993,-7914,2393,13767,-19272,4480,3092,-25806,4551,-2066,-1841,5501,4913,-6509,0.303030312,5.043988228,1.528481364,0.040038735
5,-11625,4638,-8248,-11383,299,-9125,3192,4031,5837,-636,3496,-5820,0,10305,-16553,2638,-313,-22423,3602,-2365,-1259,4601,4886,-5961,0.312805474,5.05376339,1.580844879,0.040046301
5,-9860,3384,-9225,-9016,906,-9598,2873,183,5714,270,2230,-5068,-1018,6522,-12548,1695,-3223,-20286,2565,-2749,-685,3340,3427,-4826,0.322580636,5.05376339,1.630246162,0.040054072
5,-6851,2323,-9895,-5085,998,-9522,3232,-760,5152,907,1207,-4261,241,2942,-10170,-54,-5038,-18352,2053,-3521,162,2666,1342,-4363,0.34701857,5.05376339,1.753749728,0.040062439
5,-4546,2236,-10033,-1694,861,-8692,3426,-1428,4360,756,548,-3490,1652,-46,-9420,-1313,-5659,-15468,2210,-4621,868,2678,-840,-4266,0.312805474,5.05376339,1.580844879,0.040070008
5,-2171,3433,-9948,1238,815,-7902,4187,-2581,3274,93,-1016,-3899,3331,-4049,-9361,-997,-5211,-12783,3301,-5472,1202,5017,-2890,-5513,0.322580636,5.05376339,1.630246162,0.040077802
5,-745,4574,-9808,1516,1180,-7224,4813,-4110,2451,542,-1054,-4102,4203,-7318,-9024,834,-4175,-10947,4252,-5484,923,5505,-4205,-8451,0.322580636,5.05376339,1.630246162,0.040085591
5,999,5414,-9671,2127,1709,-6420,4893,-5880,1616,2015,-1101,-4038,4358,-9384,-8251,2325,-3960,-9299,4437,-5498,154,6350,-4026,-8468,0.317693055,5.05376339,1.605545521,0.040093273
5,2104,5644,-9527,2216,2586,-6348,4548,-6317,1156,2933,-975,-3975,4030,-10474,-7409,4794,-3898,-9012,3713,-6226,-445,6982,-2356,-6403,0.317693055,5.05376339,1.605545521,0.040100943
5,3263,5551,-9289,3741,3344,-6992,3763,-5776,189,3789,-1110,-4741,3096,-10533,-7137,6246,-4818,-8380,1338,-7566,-1009,9585,-1418,-5488,0.322580636,5.05376339,1.630246162,0.040108722
5,4825,5198,-8946,5468,3895,-7392,3140,-5395,-777,4654,-1852,-4490,1244,-10603,-6954,6695,-5772,-7380,393,-6801,-1575,12440,-714,-5600,0.327468216,5.05376339,1.654946923,0.040116627
5,5806,4688,-8676,6100,3698,-6720,2415,-5567,-1837,5137,-2767,-3775,-577,-10654,-6442,6092,-7206,-6013,473,-5784,-1758,13064,-237,-4492,0.322580636,5.05376339,1.630246162,0.040124409
5,6491,3627,-8047,6281,2981,-5153,1927,-5482,-2371,5053,-3225,-3791,-1314,-11306,-5659,5241,-9246,-5070,444,-4049,-2050,12540,-1556,-2999,0.317693055,5.05376339,1.605545521,0.040132072
5,6756,2728,-7274,7172,2576,-4586,1752,-5369,-2698,4543,-3757,-4200,-1541,-11937,-5053,5267,-10952,-4372,1460,-1982,-2676,12192,-3024,-1959,0.317693055,5.05376339,1.605545521,0.040139724
5,7121,2069,-5910,9836,1873,-4670,1405,-4074,-3089,4374,-2647,-5299,-1117,-12432,-4549,5375,-12907,-3505,3014,-888,-3222,9632,-5125,-1322,0.317693055,5.05376339,1.605545521,0.040147394
5,7253,2375,-4810,11462,1180,-4915,1035,-3977,-3145,3436,-1633,-5856,7,-12420,-4158,5545,-14252,-2652,4711,-302,-3692,7220,-5969,-1912,0.322580636,5.05376339,1.630246162,0.040155172
5,7444,3407,-3702,12327,326,-5033,66,-4659,-3161,2491,-647,-5989,1626,-11966,-3746,4927,-15786,-1763,5055,-823,-3580,5587,-6036,-1917,0.317693055,5.043988228,1.60244,0.040162832
5,7853,4999,-2052,12124,-684,-4540,-618,-5442,-3242,1932,-597,-6156,4263,-11509,-3184,4401,-15924,-666,4557,-1372,-3349,4950,-6467,-1979,0.307917893,5.05376339,1.556144118,0.040170271
5,8222,5720,-783,11134,-809,-3780,-1154,-6509,-3564,1708,-686,-6914,6511,-10741,-1789,4906,-15034,276,2997,-1233,-3274,6195,-6209,-2272,0.312805474,5.05376339,1.580844879,0.040177818
5,8692,5510,1096,9369,-470,-2195,-1367,-6915,-3972,2055,-392,-7470,7918,-9861,268,5475,-14109,1125,1478,527,-2926,7143,-6051,-2571,0.307917893,5.05376339,1.556144118,0.040185258
5,8920,4540,2397,8322,-85,-803,-1697,-6853,-4480,2815,236,-7866,8351,-8723,2988,6816,-12013,1702,1162,1414,-2465,6809,-5636,-2808,0.312805474,5.05376339,1.580844879,0.040192809
5,9136,2815,3800,6891,556,1019,-2024,-6454,-4623,2826,442,-7940,7985,-7706,5205,8158,-9611,2149,3495,1226,-2701,5868,-3505,-2989,0.312805474,5.043988228,1.577787161,0.040200334
5,9185,1450,4717,6252,610,2505,-2351,-5886,-4611,2977,196,-8298,7104,-6460,7810,8712,-7654,2605,4920,1222,-3396,5341,-1846,-4655,0.307917893,5.05376339,1.556144118,0.040207766
5,9004,-130,5836,6176,131,4519,-2521,-4882,-4685,2673,37,-8637,6575,-5757,9651,8945,-6040,3323,4971,1112,-3608,5305,-1935,-5605,0.312805474,5.05376339,1.580844879,0.04021531
5,8867,-1217,6546,7292,-106,6109,-2645,-4103,-4623,2783,456,-8842,6476,-5730,10514,9537,-5013,3786,3548,1508,-3380,5740,-1430,-6125,0.317693055,5.043988228,1.60244,0.040222961
5,8661,-1262,7049,8931,-1365,7421,-2722,-3160,-4748,2479,575,-9541,6914,-6021,10321,10241,-4058,4724,2334,1755,-3268,5598,-895,-5244,0.317693055,5.043988228,1.60244,0.040230639
5,8234,-177,7930,9285,-904,10112,-2389,-2696,-5145,2185,970,-10031,8120,-6926,9705,11576,-3651,5388,2228,1640,-3567,4980,251,-4152,0.307917893,5.05376339,1.556144118,0.040238075
5,7576,926,8611,7941,-1502,13149,-1832,-2501,-5938,2522,2147,-10768,9516,-8231,9309,13284,-2055,6499,1775,1651,-3460,5690,-253,-388,0.312805474,5.043988228,1.577787161,0.0402456
5,6540,1061,9725,6938,-996,15259,-1474,-2019,-6442,3040,2344,-11662,10715,-9039,9423,17180,-729,7021,875,1852,-2194,9171,-1762,-2376,0.312805474,5.05376339,1.580844879,0.040253151
5,5614,992,10336,4075,-626,16493,-989,-1276,-7007,4212,2419,-12441,11176,-8714,10129,22262,2408,8362,1408,927,-598,12788,-2699,-10044,0.312805474,5.05376339,1.580844879,0.040260702
5,3557,-437,11161,-427,803,18304,-578,-543,-7084,4723,3338,-12198,10522,-5975,10918,27524,6078,10512,-830,1930,-206,1152,-9198,-7394,0.322580636,5.05376339,1.630246162,0.040268485
5,1881,-2327,11755,-3778,-48,18350,-488,-198,-6836,5195,4413,-11633,9075,-330,11337,29889,9894,12315,-511,976,368,-996,-12491,-1142,0.307917893,5.05376339,1.556144118,0.040275924
5,-337,-4924,12496,-7009,-1087,19634,-925,481,-6190,5251,3150,-11274,8465,5263,11079,30260,11303,11207,986,-494,-201,1342,-7879,85,0.317693055,5.05376339,1.605545521,0.040283602
5,-2075,-6329,12646,-7452,-2373,20358,-791,1455,-5528,5390,1581,-11405,8615,8298,10972,29903,11183,7326,3101,-565,-1470,7053,313,-1760,0.317693055,5.05376339,1.605545521,0.040291276
5,-3825,-6807,12773,-8671,-2705,20480,174,3137,-4712,5792,54,-12495,9613,10943,10878,29588,12393,4204,1740,-117,-1687,9737,4813,-4593,0.322580636,5.05376339,1.630246162,0.040299065
5,-5916,-6074,12925,-10714,-480,17098,1519,3831,-4147,6038,667,-12411,11651,13904,9828,30199,13784,-105,-157,43,-291,12570,7175,-4853,0.312805474,5.05376339,1.580844879,0.040306613
5,-7298,-4721,12580,-12469,664,15303,2549,4159,-3457,7362,2234,-11674,14176,16966,6935,30592,14845,-3890,-1737,476,-496,10196,5050,-4936,0.322580636,5.05376339,1.630246162,0.040314395
5,-9305,-2710,11808,-14557,2102,15535,2992,5723,-2939,8150,2863,-11266,15070,18036,2773,31336,18039,-12067,-1920,898,-646,8687,-2633,-4663,0.327468216,5.05376339,1.654946923,0.040322289
5,-11449,-1490,11419,-14657,4628,16392,3260,7836,-1918,8281,2954,-10135,13054,18955,-973,28876,20244,-17662,-745,1522,164,5727,-7580,-4010,0.317693055,5.05376339,1.605545521,0.040329956
5,-14411,880,9835,-17866,9686,13460,3191,8595,-889,8925,2860,-9146,9900,17897,-4729,26288,20440,-16785,2244,1762,428,2523,-12440,-2678,0.317693055,5.05376339,1.605545521,0.040337618
5,-16017,2916,7804,-22365,11700,7530,2852,8923,146,10344,2663,-8500,8176,16934,-6851,25209,18627,-19361,4883,469,-888,1205,-6579,-2101,0.317693055,5.05376339,1.605545521,0.04034527
5,-16939,3939,4806,-25174,10950,337,2115,9573,1664,12965,2157,-8574,8450,18057,-9060,22320,17050,-22779,5941,-1442,-1857,4980,-2469,-3405,0.317693055,5.05376339,1.605545521,0.040352933
5,-17002,3917,333,-22647,7186,-7344,2276,11123,2080,12206,686,-11159,8700,18517,-12146,17935,15885,-26492,6165,-1725,-2169,6982,1600,-5076,0.317693055,5.05376339,1.605545521,0.040360596
5,-16541,4690,-2587,-19423,5180,-8755,3623,15652,1811,7304,688,-14847,8969,17583,-16807,13555,10117,-29329,5068,-1912,-2387,6825,3703,-6143,0.317693055,5.05376339,1.605545521,0.04036827
5,-15317,6235,-5499,-15804,4848,-10090,3936,17220,2087,4187,1728,-14979,10648,14509,-20776,9977,5305,-31303,4212,-2049,-2156,5984,4340,-6300,0.312805474,5.05376339,1.580844879,0.040375803
5,-14175,7958,-7511,-13731,5451,-11878,2559,13628,3387,-77,2706,-10845,8925,10006,-21713,7212,5096,-26726,2797,-1986,-1555,4871,4039,-5736,0.312805474,5.05376339,1.580844879,0.040383339
5,-11527,8223,-10056,-12204,4089,-12957,1091,8038,4416,-3558,2074,-6595,5412,6479,-20305,7870,2267,-21930,1845,-1901,-294,4165,3438,-4662,0.307917893,5.05376339,1.556144118,0.040390775
5,-9624,6207,-11287,-9537,3539,-13093,1256,822,5590,-5863,78,-3217,941,4067,-16818,8412,-2025,-19500,1542,-2701,878,3028,2499,-3977,0.312805474,5.05376339,1.580844879,0.040398315
5,-7225,3489,-11747,-6410,4411,-12012,2211,-2888,5959,-4268,210,-2543,-783,2488,-13411,7011,-4308,-17059,1309,-3487,1592,3725,386,-3822,0.307917893,5.05376339,1.556144118,0.040405747
5,-5673,2097,-11835,-3673,4499,-11150,2285,-6095,6133,-460,-943,-1637,-915,623,-10980,6054,-6539,-15966,1477,-4326,2259,5691,-2174,-4846,0.312805474,5.05376339,1.580844879,0.040413294
5,-3827,1220,-11444,-9,4434,-11362,3029,-8482,5354,6670,-2962,-3383,-221,-714,-10353,5465,-8694,-15290,1699,-4658,2295,7973,-3402,-5806,0.317693055,5.043988228,1.60244,0.040420964
5,-1297,1752,-10500,4476,5083,-10825,3406,-8513,3942,10004,-3698,-3296,462,-2413,-10234,4437,-9611,-13798,1418,-4522,1731,8073,-4573,-5701,0.312805474,5.05376339,1.580844879,0.040428497
5,16,2401,-10006,5965,5755,-9325,3662,-4807,2303,9501,-2302,-2332,516,-5226,-9730,4316,-10277,-11507,1051,-4516,509,7321,-5916,-4452,0.317693055,5.05376339,1.605545521,0.040436175
5,1312,2761,-9218,7479,6313,-7768,2472,-1943,2032,6438,-1734,-1292,283,-8369,-8880,5027,-11244,-9910,531,-5080,-696,7368,-6054,-3281,0.322580636,5.05376339,1.630246162,0.040443964
5,2122,3257,-8420,9044,5458,-7778,792,-887,2020,3004,-3543,-23,580,-9835,-8390,5949,-13649,-8751,347,-5427,-1191,8377,-5894,-3272,0.312805474,5.05376339,1.580844879,0.040451501
5,3174,4628,-7540,10124,5315,-7857,303,-1692,1768,1116,-4840,-59,2432,-10246,-7547,7111,-11270,-7982,267,-4611,-1346,9538,-4108,-3291,0.317693055,5.043988228,1.60244,0.04045916
5,3880,5026,-7368,10001,4530,-8388,205,-3069,1046,408,-4852,-790,2074,-10084,-6879,7701,-11278,-6057,545,-3465,-1291,9473,-2909,-3219,0.317693055,5.05376339,1.605545521,0.04046683
5,4402,5718,-6806,10497,4321,-8065,72,-4270,466,-324,-5079,-1411,2345,-9452,-6714,7182,-13428,-5844,793,-2275,-1316,10011,-2516,-2649,0.317693055,5.05376339,1.605545521,0.040474493
5,5215,6991,-5506,10210,4265,-6873,265,-4779,-244,1073,-3361,-2562,4077,-9004,-6251,6032,-14093,-5053,1835,-933,-1690,9794,-3035,-1803,0.317693055,5.05376339,1.605545521,0.040482149
5,5867,7496,-4132,10450,3790,-6173,-840,-4216,-918,830,-2628,-3456,5476,-8954,-5220,5147,-14481,-4272,3342,73,-2344,9134,-3595,-1687,0.322580636,5.043988228,1.627092957,0.040489916
5,6621,7617,-2137,11259,2748,-4923,-1566,-5094,-1105,1353,-2453,-4066,6605,-9027,-3895,4828,-14575,-3425,4265,296,-2590,6873,-4277,-1676,0.317693055,5.05376339,1.605545521,0.040497582
5,7056,7821,-677,11309,2188,-3990,-2278,-5634,-1632,1772,-2327,-4444,7736,-9061,-2199,4656,-14473,-2626,4613,320,-2584,5482,-4924,-1856,0.317693055,5.05376339,1.605545521,0.040505257
5,7461,7538,1145,10361,1638,-2650,-2615,-5980,-1858,1988,-1891,-4858,8092,-9054,-606,4932,-13393,-1158,3090,76,-2316,4975,-4922,-2515,0.317693055,5.05376339,1.605545521,0.040512908
5,7578,6662,2477,9294,1256,-1439,-3263,-5696,-1843,2024,-2285,-5967,8123,-8989,1652,5125,-12167,-26,1420,142,-2087,5656,-4930,-3506,0.312805474,5.05376339,1.580844879,0.040520459
5,7684,5173,4197,9321,590,-121,-3491,-5441,-1898,2230,-2613,-7204,8259,-8721,3481,5517,-10991,610,1068,1054,-2094,6060,-4319,-3166,0.322580636,5.05376339,1.630246162,0.040528234
5,7818,4400,5148,9469,-111,501,-3586,-5203,-2038,2431,-2648,-8136,8409,-7950,4746,5879,-9886,1403,1858,1239,-2278,5677,-3478,-3190,0.312805474,5.05376339,1.580844879,0.040535774
5,7880,4014,5888,8971,-555,1266,-3672,-4949,-2104,2508,-2737,-9119,8510,-7280,5714,6240,-8311,2494,2523,1002,-2806,6272,-1521,-4240,0.312805474,5.05376339,1.580844879,0.040543325
5,7872,3531,6677,8761,-1124,3061,-3550,-4347,-2331,2221,-2642,-10172,8442,-6495,6229,6074,-6841,3457,2857,1877,-3039,6991,-822,-4862,0.317693055,5.05376339,1.605545521,0.040550981
5,7766,3332,7610,7893,-2500,5113,-3137,-3651,-2767,2142,-2981,-11478,8867,-6406,6507,5961,-5745,4237,2055,2695,-2945,7646,-464,-4105,0.317693055,5.05376339,1.605545521,0.040558647
5,7862,3404,7676,8474,-2495,7983,-2749,-3034,-3460,2100,-2728,-12414,9688,-7093,7030,6365,-4963,4932,1557,2638,-2660,6634,841,-3051,0.312805474,5.05376339,1.580844879,0.040566191
5,7404,3551,8313,6860,-3130,10543,-1837,-2257,-4588,3131,-2785,-12764,10559,-7940,7812,8662,-3736,5185,178,2438,-1845,9268,-1395,-2111,0.317693055,5.05376339,1.605545521,0.040573861
5,7026,2646,8857,4017,-2252,13020,-1134,-1785,-5498,3544,-2935,-13423,11330,-8792,8923,13443,-1334,5631,159,587,-465,11266,-2918,-7457,0.327468216,5.05376339,1.654946923,0.04058177
5,5990,1907,9530,2099,-339,14217,0,-999,-6707,4285,-1907,-13272,12127,-8842,10822,16913,394,5552,439,1026,-841,4658,-7621,-6681,0.312805474,5.05376339,1.580844879,0.040589321
5,4651,1333,10270,348,-938,15010,807,-766,-6790,4710,391,-11251,13273,-7514,12011,20615,2326,5724,731,689,-453,-606,-13193,-3452,0.312805474,5.05376339,1.580844879,0.040596876
5,3299,2,11357,-2870,-614,15057,1143,-823,-6362,4161,2813,-9635,14003,-5300,11674,24354,6604,6713,961,-502,-790,613,-8875,-554,0.322580636,5.05376339,1.630246162,0.040604662
5,2122,-1231,12229,-5492,400,15223,416,-1745,-5464,3214,4151,-8764,13220,-827,10962,28283,12338,6339,2251,-63,-1486,5472,-667,-2178,0.322580636,5.05376339,1.630246162,0.040612482
5,-515,-3442,12334,-9235,2583,16442,-428,-1807,-4977,4544,3284,-8513,10863,4322,10123,29424,15323,3042,730,266,-869,9886,5713,-4237,0.317693055,5.05376339,1.605545521,0.040620148
5,-2760,-4403,11957,-9402,2128,15772,-622,-608,-4369,4806,1573,-8982,10803,9277,7969,27768,15364,194,-1359,559,937,11448,5300,-4455,0.312805474,5.05376339,1.580844879,0.040627688
5,-4688,-2987,10761,-9400,2209,13375,-504,-137,-4044,5544,301,-8925,12594,12378,3595,24624,15154,-3701,-1941,905,552,9791,2931,-4315,0.312805474,5.05376339,1.580844879,0.040635228
5,-5784,-1167,9660,-11226,2215,12690,-262,1115,-3918,6837,-606,-8938,13288,14362,-229,20942,17263,-10008,-2356,968,-197,8407,-2954,-4074,0.312805474,5.043988228,1.577787161,0.040642768
5,-7077,523,7976,-14576,1726,12438,104,2805,-4064,6641,-543,-8951,12170,14696,-4484,17778,19210,-12779,-1318,562,-687,6341,-5805,-4014,0.317693055,5.043988228,1.60244,0.040650412
5,-8178,1422,6073,-16777,2183,12487,541,5233,-4490,5011,-2,-8853,10475,14311,-6504,16549,19616,-15051,-178,765,-646,3866,-6752,-3172,0.312805474,5.05376339,1.580844879,0.04065796
5,-9673,1684,4205,-17760,2679,12728,544,6521,-4770,4378,299,-8474,9133,13556,-6829,13444,20343,-13325,1438,596,-731,3333,-7924,-3271,0.327468216,5.043988228,1.651745796,0.040665839
5,-11931,762,2459,-15848,2202,10154,574,7512,-4841,4103,-8,-8237,5491,11651,-7256,11131,21686,-9349,4553,171,-460,5591,-2395,-3610,0.317693055,5.05376339,1.605545521,0.040673498
5,-13467,190,1503,-14152,2887,5815,1079,8489,-4149,5339,-421,-8609,1178,9582,-9045,12862,18253,-7665,4696,-212,-1127,7666,350,-3698,0.317693055,5.043988228,1.60244,0.04068115
5,-14789,42,48,-14822,3692,-1109,1782,8322,-2931,6955,-480,-8963,-1365,10276,-11221,15345,13412,-10962,3457,-242,-1466,7921,1189,-4482,0.312805474,5.043988228,1.577787161,0.040688679
5,-14896,-15,-1272,-16961,3630,-6042,2942,6550,-1200,9429,-101,-8871,-1697,14098,-12812,16287,7964,-15670,2673,-67,-1515,7250,1687,-3972,0.312805474,5.05376339,1.580844879,0.040696226
5,-14013,-1781,-3222,-16662,1504,-11080,3112,5303,-594,10125,353,-9000,-1503,16623,-13869,12933,7229,-20676,2235,-45,-991,6444,1931,-3994,0.312805474,5.05376339,1.580844879,0.040703766
5,-13321,-3245,-4102,-13652,-72,-9552,2854,6038,-1168,7333,-503,-10177,-1810,17855,-16130,8551,5980,-26414,1671,121,-457,6285,1087,-4003,0.317693055,5.043988228,1.60244,0.040711414
5,-12413,-3471,-4690,-10689,723,-10062,3332,7358,-1826,4079,-907,-10350,-2278,15778,-18895,5225,5951,-28179,1544,-27,-11,5802,97,-3502,0.317693055,5.043988228,1.60244,0.040719081
5,-11182,-1469,-6624,-10788,263,-10655,3839,8184,-2018,986,-462,-9280,-3135,11918,-18607,3817,3800,-28231,1719,-568,-13,5356,-337,-3252,0.317693055,5.05376339,1.605545521,0.04072677
5,-10191,-171,-8372,-12547,-950,-10844,3725,7474,-1768,-377,85,-7471,-3325,9105,-16270,2363,1324,-27425,1792,-1080,-141,5455,-790,-3231,0.317693055,5.05376339,1.605545521,0.040734436
5,-8547,-384,-10036,-12287,13,-11513,3328,5582,-1359,-1300,162,-5541,-3348,4994,-12137,-319,-933,-24797,2057,-1629,-341,5744,-1077,-3524,0.317693055,5.05376339,1.605545521,0.040742099
5,-6468,-1470,-10489,-8995,-34,-13104,3455,1979,-460,-527,132,-5190,-2196,764,-10507,-1212,-2516,-22273,2796,-2280,-448,6202,-1468,-3970,0.317693055,5.05376339,1.605545521,0.040749758
5,-3778,-2173,-10393,-3513,24,-13955,3880,-594,469,1024,803,-5938,-1748,-2645,-10662,-117,-2920,-20537,3218,-2646,-554,6077,-1671,-4113,0.312805474,5.05376339,1.580844879,0.040757317
5,-2341,-1520,-10385,-1995,304,-13503,3507,-3386,1273,3139,1243,-5819,-1945,-4128,-10339,1339,-3447,-17934,3779,-3144,-523,5794,-2314,-4334,0.312805474,5.05376339,1.580844879,0.040764857
5,-736,-1209,-10420,-1138,-298,-13293,3129,-5183,1060,4779,1071,-5168,-2731,-5002,-9331,2199,-5403,-16025,4034,-3833,-581,5476,-2433,-4543,0.317693055,5.05376339,1.605545521,0.04077252
5,519,-1400,-10175,-13,-155,-12895,3047,-7065,-217,6589,967,-4844,-3178,-5490,-8674,1416,-6812,-15519,4223,-4436,-928,4609,-2894,-4860,0.317693055,5.05376339,1.605545521,0.040780187
5,1679,-1607,-9849,1298,-327,-12041,3096,-6967,-1290,7827,827,-5040,-3265,-6848,-7923,-249,-7983,-14686,5048,-5157,-1728,3790,-3375,-5691,0.327468216,5.05376339,1.654946923,0.040788092
5,2999,-1657,-9272,3187,-633,-10525,3189,-5455,-2151,8064,644,-4357,-3175,-8331,-7385,-1075,-8849,-13624,5582,-5911,-2214,4114,-3162,-5798,0.312805474,5.05376339,1.580844879,0.040795643
5,3863,-1332,-8914,4291,-1134,-10494,2980,-4004,-2414,7238,424,-4550,-2862,-10115,-6493,0,-9821,-12549,5380,-6588,-1953,6436,-1880,-6342,0.317693055,5.05376339,1.605545521,0.040803339
5,5017,-337,-8558,4727,-1101,-10608,2584,-2737,-2469,5952,31,-5027,-2202,-10989,-5561,779,-10723,-11625,3889,-6377,-1324,8738,269,-6184,0.317693055,5.05376339,1.605545521,0.040810999
5,6045,442,-8155,5813,-1056,-10830,2125,-2160,-2481,4152,-897,-5671,-1146,-11035,-4923,1651,-11670,-11214,2185,-5481,-979,10170,1307,-5508,0.312805474,5.05376339,1.580844879,0.040818546
5,7406,1622,-7193,7206,-1135,-9414,2254,-3072,-2465,2921,-1566,-6247,-380,-11283,-4153,985,-12911,-9618,1433,-4891,-1164,11176,1116,-4747,0.327468216,5.05376339,1.654946923,0.04082644
5,8326,2230,-6141,8293,-1516,-7611,2480,-4140,-2685,2097,-728,-7023,426,-12257,-3268,358,-13548,-7291,1137,-4075,-1534,11413,107,-2834,0.327468216,5.05376339,1.654946923,0.040834341
5,9344,2408,-4578,8536,-2505,-5867,2441,-5866,-2700,2052,11,-7453,1227,-13527,-1825,1097,-13876,-5440,1144,-2974,-2187,11071,-707,-2069,0.327468216,5.05376339,1.654946923,0.040842239
5,9846,2045,-3370,9111,-2419,-4524,1993,-7736,-2742,3248,729,-8405,1853,-14495,-201,2419,-13683,-3826,1519,-1875,-2686,9691,-2071,-1890,0.312805474,5.05376339,1.580844879,0.04084979
5,10172,1613,-2199,9486,-2242,-2947,1664,-8450,-2988,4650,873,-9125,2246,-15007,1322,4342,-13472,-2297,2651,-700,-2794,8257,-3260,-2042,0.312805474,5.05376339,1.580844879,0.040857345
5,10400,1016,-676,10319,-1968,-1432,1232,-8132,-3478,6110,947,-9046,2818,-15260,2371,5817,-13304,-564,3754,-226,-2753,7573,-4419,-1719,0.312805474,5.05376339,1.580844879,0.040864881
5,10396,755,184,10648,-1961,-262,830,-7248,-3757,6592,721,-8864,3828,-15240,3646,6867,-12972,1347,3813,-52,-2687,7558,-6257,-1620,0.312805474,5.05376339,1.580844879,0.040872421
5,10109,542,1566,10606,-2204,1480,462,-5915,-3947,6900,344,-8608,5252,-14550,4714,8777,-12254,2828,2734,811,-2572,7707,-7851,-1671,0.317693055,5.05376339,1.605545521,0.040880084
5,9668,693,2712,10930,-1721,2939,58,-4256,-4035,5839,-62,-8468,6343,-13813,5498,10837,-11000,4388,1598,1285,-2302,6321,-8428,-1950,0.317693055,5.05376339,1.605545521,0.040887747
5,8965,1240,3982,11055,-1712,5243,-257,-3146,-3949,5452,-345,-8438,7604,-12475,6008,12867,-9069,6364,2247,726,-2590,5513,-7945,-1450,0.322580636,5.05376339,1.630246162,0.040895529
5,8356,1697,4898,9350,-1161,7409,-407,-1983,-4021,4517,-392,-8141,8564,-10688,6839,14521,-7021,7935,3706,67,-2840,3886,-4703,-4184,0.312805474,5.05376339,1.580844879,0.04090308
5,7390,1190,6024,7199,-1024,9369,-356,-1458,-4137,4313,-669,-8073,9459,-8502,7793,16665,-5454,8970,5884,-379,-3342,3969,-1214,-7407,0.317693055,5.05376339,1.605545521,0.040910743
5,5991,-137,7199,6381,-730,11602,-30,-808,-4292,3821,-281,-7738,9968,-6464,8529,18887,-3101,9942,5345,-5,-3023,4479,1114,-6218,0.312805474,5.05376339,1.580844879,0.040918279
5,4980,-940,8047,5937,-226,12309,218,-663,-4241,3726,140,-8146,10013,-3288,8584,20478,-231,10171,2216,1693,-2336,7010,1047,-4247,0.317693055,5.05376339,1.605545521,0.040925939
5,3379,-1391,8886,4069,950,13776,408,21,-4482,3838,486,-8900,9365,4,8311,21430,2501,8851,1182,2063,-1410,7348,1100,-4099,0.312805474,5.05376339,1.580844879,0.04093349
5,1926,-1550,9170,1371,1221,15179,468,271,-4510,4223,1056,-8459,8981,2869,8295,21237,4344,7584,1164,2117,-1269,8248,284,-2629,0.317693055,5.05376339,1.605545521,0.040941153
5,74,-2212,9395,-1984,27,15982,393,469,-4379,4223,1375,-8712,8989,4603,8339,20136,6388,6114,-168,1905,-1113,7712,-641,-2977,0.307917893,5.05376339,1.556144118,0.040948577
5,-1078,-2935,9772,-2680,-934,15827,125,166,-4147,3117,572,-9558,8904,6220,8061,19461,7587,4897,-387,1578,-168,10162,-2542,-4938,0.312805474,5.05376339,1.580844879,0.040956128
5,-2215,-3135,9867,-5065,-41,15641,30,574,-4279,3545,602,-9782,8929,7420,8137,20283,8928,2843,-602,3038,-26,7755,-4921,-6031,0.312805474,5.05376339,1.580844879,0.040963668
5,-3885,-3770,9805,-9412,382,14255,219,2873,-4586,3561,1173,-9558,9245,9635,8421,21461,10696,1572,-2434,1857,-46,2302,-7353,-5534,0.312805474,5.05376339,1.580844879,0.04097122
5,-4895,-4647,9702,-11447,58,12250,443,3613,-4555,3739,1873,-9023,9651,11906,8012,21522,13014,83,-690,-215,-328,2357,-7595,-2201,0.317693055,5.05376339,1.605545521,0.040978875
5,-6070,-5359,9032,-12022,-1637,11610,630,4166,-4245,4546,2060,-9018,10135,14660,7217,21302,14931,-2136,858,-573,-866,3242,-5875,-2229,0.317693055,5.05376339,1.605545521,0.040986534
5,-6978,-5708,8540,-12666,-1750,11569,746,4766,-3994,4675,1764,-9151,9384,15821,5249,21093,18161,-4682,2564,-310,-1356,5541,-1520,-3187,0.317693055,5.05376339,1.605545521,0.040994227
5,-8467,-6534,8166,-10353,-45,13023,997,5393,-3655,5046,1408,-8351,6936,15742,2386,20007,19136,-6422,2858,225,-1193,7604,1508,-3869,0.327468216,5.05376339,1.654946923,0.041002128
5,-9937,-6149,7861,-11038,1459,12938,1292,5142,-3159,6074,1483,-7586,5134,14612,-180,18046,17832,-6001,2326,444,-900,8680,1611,-3753,0.322580636,5.05376339,1.630246162,0.041009922
5,-11668,-4579,6885,-13113,2678,9264,1436,4605,-2518,7480,1283,-7218,4390,13935,-1504,17981,14998,-8369,1349,263,-770,8295,674,-3147,0.322580636,5.05376339,1.630246162,0.041017696
5,-12360,-3394,5657,-16051,2103,4599,1742,3681,-1730,9065,665,-7662,5348,14956,-3726,16308,14102,-10546,246,-183,-581,6947,-2644,-3522,0.307917893,5.05376339,1.556144118,0.041025124
5,-12564,-2871,4129,-17917,649,666,1941,4013,-1411,9943,-49,-8719,5801,16509,-5753,14497,14773,-14469,722,-463,-783,5706,-4424,-4121,0.317693055,5.05376339,1.605545521,0.041032787
5,-12388,-2720,2034,-17420,-1613,-1712,2408,6607,-1490,8970,-828,-10572,4822,17127,-7953,11540,16703,-17590,2134,-603,-1092,4888,-4409,-3817,0.322580636,5.05376339,1.630246162,0.041040577
5,-12087,-2674,668,-16391,-1678,-2626,2836,8645,-1705,6439,-943,-11220,2403,16276,-9670,8241,16531,-21030,3811,-730,-1378,4682,-3282,-3934,0.312805474,5.05376339,1.580844879,0.041048117
5,-11730,-2547,-1444,-16252,-1270,-5730,3223,9333,-1601,3128,-467,-10483,1148,14197,-11294,6341,13971,-22266,4336,-1074,-1485,5301,-134,-3302,0.317693055,5.05376339,1.605545521,0.041055776
5,-11259,-1908,-3196,-16520,-1151,-5895,3365,8091,-986,1738,107,-9332,1469,11995,-12765,5281,11735,-23241,4128,-1618,-1453,6307,1173,-4585,0.317693055,5.05376339,1.605545521,0.041063435
5,-10151,-664,-5393,-13226,-946,-7166,3342,6096,-118,835,495,-8176,2514,9884,-14485,2995,8636,-22571,3341,-1720,-1289,7087,1511,-5023,0.312805474,5.05376339,1.580844879,0.041070979
5,-9332,704,-6800,-11613,-956,-7895,2876,3391,997,-337,698,-5854,2597,7575,-15264,1230,7646,-19385,2681,-1615,-1138,6781,1587,-4908,0.312805474,5.043988228,1.577787161,0.041078512
5,-8460,1414,-8121,-9697,-1346,-8913,2807,1618,1543,-632,296,-4981,653,4655,-14973,1809,4879,-17158,2523,-1818,-928,5747,1109,-4851,0.317693055,5.05376339,1.605545521,0.041086175
5,-6841,809,-9251,-7691,-1742,-9807,3748,-1740,2234,1079,1276,-5321,-1688,2979,-13811,2486,2905,-16193,2561,-2558,-635,4792,372,-5188,0.312805474,5.043988228,1.577787161,0.0410937
5,-5656,-62,-9714,-5523,-1258,-10165,3750,-4490,2461,3092,1593,-5783,-3121,2075,-12526,2868,-261,-15774,2852,-3445,-459,3815,-669,-5441,0.322580636,5.043988228,1.627092957,0.041101485
5,-4005,-1180,-9857,-2072,-679,-10023,3213,-6801,1635,6263,1099,-5132,-4520,1301,-11995,2028,-3452,-14893,3436,-4200,-528,2884,-2292,-6565,0.312805474,5.05376339,1.580844879,0.041109037
5,-2882,-2149,-9615,436,-735,-9536,2998,-6721,497,7441,165,-4660,-5369,-446,-11761,26,-6070,-14332,4167,-5297,-565,3018,-3864,-7012,0.312805474,5.043988228,1.577787161,0.041116577
5,-1524,-2314,-9317,1818,-489,-8683,3312,-5154,-535,7194,-571,-4437,-4488,-3467,-11033,-1139,-8033,-13965,4231,-5895,-683,3775,-4299,-6476,0.312805474,5.05376339,1.580844879,0.041124132
5,-604,-1606,-9030,2706,-566,-8039,3303,-3873,-787,6406,-136,-4309,-2961,-6622,-9591,-1500,-9583,-13229,4201,-6396,-828,5487,-2643,-6117,0.307917893,5.05376339,1.556144118,0.04113156
5,884,16,-8179,5906,-1137,-8369,2803,-2811,-932,5366,340,-4356,-1128,-8531,-8691,-918,-9942,-11649,4060,-7310,-897,8718,-40,-6995,0.312805474,5.05376339,1.580844879,0.041139107
5,1972,1666,-7567,7269,-1150,-9032,2000,-2552,-1195,3068,-406,-4758,-48,-9978,-7994,874,-10060,-9978,2686,-6415,-628,11285,1889,-7474,0.322580636,5.043988228,1.627092957,0.041146871
5,2837,3071,-7118,7918,-1115,-9688,1892,-3449,-1446,2895,-1115,-5044,711,-9928,-7395,1607,-11325,-8301,1115,-5037,-319,13229,3233,-6174,0.312805474,5.043988228,1.577787161,0.041154411
5,3957,4209,-6342,7847,-1453,-9044,1291,-3939,-1911,2445,-1381,-5234,1456,-9366,-6452,1324,-11844,-6827,-530,-3019,-660,13616,1419,-3760,0.312805474,5.05376339,1.580844879,0.041161977
5,4713,4307,-5383,7777,-1715,-7745,886,-4662,-2154,2931,-1320,-6100,1702,-9257,-4934,56,-12985,-5521,-504,-657,-1461,13148,-1172,-1068,0.322580636,5.05376339,1.630246162,0.041169751
5,5701,3935,-3956,8255,-2542,-6345,215,-4957,-2470,3157,-882,-6598,2284,-9574,-3749,-809,-13613,-4138,642,767,-2415,10533,-4367,491,0.317693055,5.043988228,1.60244,0.041177403
5,6408,3530,-2861,8510,-3174,-5529,-23,-5300,-2748,3363,-489,-6942,2823,-9914,-1873,-871,-13382,-2823,2451,1237,-2857,8043,-6667,391,0.312805474,5.05376339,1.580844879,0.041184973
5,7237,2858,-1490,8640,-3707,-4409,-377,-5472,-3064,3484,-30,-7755,2899,-9840,-63,-459,-12867,-1671,3385,848,-3391,6172,-7869,-591,0.327468216,5.05376339,1.654946923,0.041192871
5,7807,2279,-446,8607,-3867,-3309,-642,-5228,-3310,3858,-121,-8379,3016,-9760,1423,-245,-12222,-464,3281,430,-3421,4270,-8903,-1268,0.317693055,5.05376339,1.605545521,0.041200537
5,8374,1471,689,8380,-4123,-1305,-818,-4825,-3634,4195,-47,-8706,3165,-9924,2405,-70,-10722,819,2024,-292,-2987,4217,-9495,-2657,0.317693055,5.05376339,1.605545521,0.0412082
5,8588,958,1436,8644,-4379,5,-1069,-4359,-4092,4671,-162,-8837,3290,-10570,3433,235,-10027,1705,2920,26,-2733,4499,-8196,-3504,0.312805474,5.05376339,1.580844879,0.041215748
5,8677,657,2068,8894,-4234,1100,-1221,-3810,-4356,4722,-579,-8948,3830,-11335,4152,1491,-9287,2224,4893,112,-3461,4296,-4649,-4059,0.312805474,5.05376339,1.580844879,0.041223295
5,8550,553,2916,9950,-4319,2541,-1174,-2457,-4613,4831,-1017,-8834,4563,-11913,4566,2517,-8906,3043,6900,137,-3723,5192,-1483,-4326,0.307917893,5.05376339,1.556144118,0.041230712
5,8285,1588,3161,9604,-4532,3456,-1004,-1623,-4802,4664,-1062,-8753,6220,-12347,4753,4478,-8268,4109,6008,991,-3338,5943,-516,-5127,0.317693055,5.05376339,1.605545521,0.041238386
5,7596,2725,4249,8131,-4338,4854,-647,-955,-5002,4227,-1645,-9010,8171,-12416,4897,6138,-6840,4730,4446,1328,-2591,6460,1140,-5282,0.312805474,5.05376339,1.580844879,0.041245926
5,7231,3100,5010,7396,-3970,5547,74,-727,-5169,3624,-1345,-8985,9682,-11749,4937,8725,-5006,5334,2087,1763,-2302,8030,2071,-4011,0.317693055,5.05376339,1.605545521,0.041253582
5,6494,2633,5990,5378,-3017,7041,615,-647,-5448,3639,-484,-8993,9808,-10776,5298,11549,-2145,7070,758,2103,-2427,8105,2307,-1652,0.312805474,5.05376339,1.580844879,0.041261137
5,5779,1529,6679,3467,-2288,8478,815,-506,-5497,3815,64,-8748,8743,-8612,5957,14374,497,8918,-121,1291,-2299,6975,1874,-2118,0.312805474,5.05376339,1.580844879,0.041268677
5,4853,110,7310,1536,-1339,9828,822,-345,-5385,3940,483,-8748,7112,-5535,7096,16058,1802,10185,-1680,1287,-1439,9657,178,-4287,0.317693055,5.05376339,1.605545521,0.041276332
5,3308,-2004,8055,690,-1043,11794,885,-215,-4822,4280,1773,-8583,6824,-2147,7717,17166,2448,10216,-1822,1875,205,11671,-3091,-7067,0.312805474,5.05376339,1.580844879,0.041283883
5,2194,-2552,8663,809,-1310,12634,599,-491,-4356,4647,2977,-8409,7405,-20,7261,17387,3068,9412,-2003,1414,351,4932,-4798,-8249,0.317693055,5.05376339,1.605545521,0.041291557
5,629,-2148,9228,-1331,-1313,14372,-72,-460,-3946,4566,3580,-8612,8497,2077,7250,17648,4692,7572,-3025,468,389,564,-11061,-3547,0.312805474,5.05376339,1.580844879,0.04129909
5,-782,-1941,9577,-3639,-1219,15010,-359,439,-3576,4601,3638,-8988,9489,4104,7809,18259,6529,6085,-1750,323,516,1065,-9994,390,0.317693055,5.043988228,1.60244,0.04130673
5,-2655,-1023,9537,-7604,-621,13360,-465,1800,-3159,4837,2827,-9251,11602,6667,8162,19308,8346,4003,-383,572,-283,4809,-6261,-188,0.312805474,5.05376339,1.580844879,0.04131427
5,-3794,-613,9266,-10043,-626,11885,-238,2424,-3051,5014,2048,-9293,13517,9214,6955,20392,11101,789,2840,35,-1001,10428,779,-4016,0.312805474,5.05376339,1.580844879,0.041321822
5,-5426,-1019,8546,-12161,-1091,11567,186,3702,-3135,5726,1420,-9408,14273,12313,5347,20848,16194,-2729,2596,-88,-1213,11633,2815,-5127,0.312805474,5.05376339,1.580844879,0.041329373
5,-6744,-1623,7979,-10926,-1125,12412,500,4957,-3160,5583,1153,-9029,12484,14048,2064,18328,19737,-4954,1392,274,-1630,9439,1271,-4287,0.312805474,5.05376339,1.580844879,0.04133692
5,-8131,-1020,6997,-10468,-905,13287,701,5445,-2938,5387,1014,-8491,10246,13669,-1256,16903,20007,-6404,1234,656,-1772,7443,-1644,-2946,0.322580636,5.05376339,1.630246162,0.041344687
5,-10331,315,5546,-12912,604,11088,641,5496,-2203,5844,497,-8231,9382,12527,-4425,14832,18168,-6095,1801,659,-1735,5923,-3172,-3364,0.317693055,5.05376339,1.605545521,0.041352347
5,-11762,967,4285,-14293,830,7432,936,5507,-1531,7024,254,-8549,8639,12211,-6746,14117,16524,-7529,2027,518,-1086,4780,-3613,-3139,0.317693055,5.043988228,1.60244,0.041360009
5,-12923,931,2700,-15061,81,1629,1504,5464,-678,8842,171,-9734,6966,13131,-9869,11919,15575,-9600,2562,634,-569,5554,-2370,-2174,0.312805474,5.05376339,1.580844879,0.041367542
5,-13141,635,1216,-15294,-772,-1706,1813,5522,20,9418,215,-10251,4433,14365,-12093,10769,14060,-12998,2986,273,-553,6518,325,-2188,0.307917893,5.05376339,1.556144118,0.041374963
5,-13007,145,-701,-14989,-1735,-3500,2097,6289,444,8748,175,-10704,1971,15688,-12474,9742,11788,-16480,2949,-111,-1005,7842,1531,-3046,0.312805474,5.043988228,1.577787161,0.041382492
5,-12714,-882,-2013,-14577,-2182,-4509,2382,7312,329,6525,-51,-10990,-222,15792,-12295,6993,10010,-18024,2216,-152,-1077,7545,2275,-4616,0.317693055,5.043988228,1.60244,0.041390151
5,-12389,-2372,-3019,-12995,-2640,-6546,2903,7804,118,3724,3,-10718,-1081,15006,-12224,4896,6835,-19696,1119,74,-753,7069,1995,-4490,0.312805474,5.043988228,1.577787161,0.041397676
5,-11856,-2275,-4038,-11085,-1639,-5119,3091,7504,182,2523,319,-9848,-238,12683,-11892,2067,3366,-19890,406,313,-330,6596,1096,-3604,0.317693055,5.043988228,1.60244,0.041405324
5,-11436,-1056,-4820,-10281,-1343,-5052,3089,6664,497,1954,544,-8953,606,9071,-10752,-1089,1619,-19099,333,326,25,6564,-581,-2763,0.307917893,5.05376339,1.556144118,0.04141276
5,-10367,189,-5820,-8099,-1159,-6768,3078,4588,1226,1270,899,-7619,2513,6070,-10276,-3247,1508,-17680,821,-68,251,6626,-1278,-2505,0.317693055,5.05376339,1.605545521,0.041420437
5,-9152,898,-6470,-6315,-984,-8740,3119,2720,1796,721,1085,-6640,3057,2559,-10581,-2765,2499,-17103,1346,-368,194,6673,-1463,-2250,0.312805474,5.05376339,1.580844879,0.041428003
5,-7237,2010,-7492,-4634,-590,-10678,3043,303,2209,577,802,-5830,2033,405,-11249,-1530,2360,-16461,1891,-683,19,6927,-1872,-2632,0.317693055,5.05376339,1.605545521,0.041435663
5,-5886,2553,-8249,-4122,-589,-11284,3189,-978,1998,1627,601,-5286,1039,-832,-11456,-888,168,-15833,2555,-1001,-349,6684,-1628,-2911,0.317693055,5.05376339,1.605545521,0.041443329
5,-4062,2441,-9142,-3112,-950,-11542,3203,-2469,1088,3305,-329,-4458,-265,-1577,-11268,-1083,-1960,-14535,2837,-1261,-569,6328,-1571,-2918,0.327468216,5.05376339,1.654946923,0.041451223
5,-2721,1850,-9559,-1916,-993,-10914,3581,-3281,248,4564,-811,-4525,-1808,-2820,-10663,-1441,-3606,-13617,3110,-1503,-607,5313,-1758,-3002,0.342130989,5.05376339,1.729049087,0.041459471
5,-1463,1115,-9679,-601,-779,-10299,3976,-3659,-481,5165,-341,-4299,-3343,-4365,-9794,-1392,-4772,-12467,3715,-2285,-623,4569,-1956,-3159,0.317693055,5.05376339,1.605545521,0.041467153
5,20,223,-9454,1247,-422,-9748,3971,-3646,-669,5326,234,-4332,-4251,-5764,-8916,-897,-6426,-12105,3980,-3066,-622,4222,-2398,-3466,0.312805474,5.05376339,1.580844879,0.041474696
5,1072,109,-9143,3084,-431,-9624,3687,-3347,-675,5282,742,-4343,-4629,-6486,-8536,-689,-8288,-11392,4186,-3681,-791,3885,-3001,-3834,0.317693055,5.05376339,1.605545521,0.041482352
5,2346,793,-8628,4985,-623,-9804,2879,-3142,-855,4771,445,-4264,-4272,-7431,-8235,-372,-10131,-10235,4398,-4412,-1166,4058,-3285,-4799,0.317693055,5.05376339,1.605545521,0.041490018
5,3225,1666,-8155,5656,-709,-9634,2416,-3528,-1135,4491,-334,-4339,-3025,-8008,-7904,-241,-11843,-9234,4835,-4741,-1440,4474,-2910,-5894,0.303030312,5.05376339,1.531443477,0.041497335
5,4177,2999,-7344,6050,-914,-8270,2322,-4398,-1468,4566,-881,-4414,-749,-9031,-7109,-880,-12148,-8317,4814,-4762,-1324,5771,-1746,-6504,0.312805474,5.05376339,1.580844879,0.041504886
5,4866,3972,-6579,6505,-1026,-7089,1996,-4355,-1779,4836,-1021,-4530,706,-10060,-6019,-947,-12138,-7087,4104,-4750,-845,7780,197,-6432,0.322580636,5.05376339,1.630246162,0.041512676
5,5505,4717,-5648,6836,-1219,-6630,1481,-4657,-2085,4789,-1431,-4730,2692,-11410,-5074,-311,-11236,-5861,2411,-4531,-124,9425,944,-5780,0.322580636,5.05376339,1.630246162,0.041520443
5,6326,5148,-4384,7292,-1441,-6221,1227,-4827,-2296,4968,-1763,-5014,3606,-12146,-4037,572,-10114,-4629,991,-4052,-96,10631,488,-4771,0.322580636,5.043988228,1.627092957,0.041528214
5,6787,5076,-3390,7722,-1479,-5843,1073,-4774,-2461,5403,-1279,-5510,3467,-12077,-2978,1806,-9725,-3251,-77,-3644,-597,10614,-1396,-3115,0.312805474,5.05376339,1.580844879,0.041535765
5,7081,4562,-2105,7722,-1507,-4311,612,-4476,-2680,5279,-475,-5788,3148,-12022,-1678,2178,-9792,-1490,306,-3435,-1564,10154,-2778,-1967,0.312805474,5.05376339,1.580844879,0.041543316
5,7155,3923,-1273,7707,-1938,-3267,162,-4215,-2760,4720,-221,-6190,2993,-11743,-615,2699,-10453,57,1020,-2983,-2451,9291,-3901,-1331,0.322580636,5.043988228,1.627092957,0.041551098
5,7299,3197,-102,8006,-2466,-2255,-248,-4036,-2947,4186,-40,-6765,3477,-11351,615,2753,-10860,1453,2426,-2216,-2933,8129,-4520,-1150,0.312805474,5.043988228,1.577787161,0.041558623
5,7333,2856,893,7752,-2876,-1432,-482,-4039,-3173,4054,263,-6965,4568,-10649,1805,3184,-10542,2673,3833,-1416,-3265,7821,-4888,-1319,0.312805474,5.043988228,1.577787161,0.041566174
5,7331,2402,2023,6909,-3289,-117,-823,-3714,-3541,4230,279,-7577,5370,-9865,3200,3967,-9457,4042,4279,74,-2926,7999,-5847,-1362,0.317693055,5.05376339,1.605545521,0.041573849
5,7336,1804,2839,6353,-3281,680,-979,-3252,-3840,4171,-27,-8000,5892,-8558,4234,4644,-8204,5103,3610,986,-2320,6212,-6521,-1931,0.307917893,5.05376339,1.556144118,0.041581277
5,7183,771,3676,6678,-3448,1506,-861,-2793,-4121,3939,-11,-8561,5950,-7459,5365,4848,-7424,6138,2541,431,-1680,3724,-6382,-3891,0.312805474,5.043988228,1.577787161,0.041588813
5,6917,-562,4794,7588,-4248,3044,-898,-2612,-4084,4242,-101,-8601,5868,-6483,6288,5433,-6711,6780,2979,-713,-1825,3570,-4738,-5014,0.312805474,5.043988228,1.577787161,0.041596342
5,6647,-614,5068,7843,-4385,3970,-929,-2508,-4052,4392,-371,-8859,6150,-5731,7039,6016,-5917,7743,3790,-853,-2130,5282,-1783,-5313,0.312805474,5.05376339,1.580844879,0.041603893
5,6125,-875,5680,6847,-4758,5074,-732,-2338,-4066,4700,-735,-9178,6713,-4896,7297,6921,-4729,8136,4401,-571,-2596,6242,991,-4568,0.317693055,5.043988228,1.60244,0.041611541
5,5737,-1013,5994,7053,-4894,6195,-425,-2172,-4269,4596,-485,-9189,7162,-4008,7482,7341,-3115,8949,4135,483,-2405,8077,1273,-3676,0.312805474,5.043988228,1.577787161,0.041619077
5,4990,-767,6515,6254,-5272,7683,-70,-1876,-4539,4826,-19,-9404,7474,-3231,7376,8250,-1929,9425,2618,1062,-1898,8913,288,-3781,0.317693055,5.043988228,1.60244,0.041626725
5,4520,-970,7025,6061,-5265,8262,139,-1474,-4579,5042,209,-9584,7608,-2504,7018,9166,-267,10050,387,1357,-1176,9093,-1049,-3278,0.312805474,5.05376339,1.580844879,0.041634277
5,3992,-815,7430,4586,-5000,8998,402,-700,-4612,5166,181,-9803,7762,-1275,6839,10444,1324,10307,13,1757,-1397,7432,-2375,-3011,0.317693055,5.043988228,1.60244,0.041641925
5,2994,-941,7771,2045,-4288,10278,687,-37,-4583,5029,124,-10153,7822,317,7184,11790,2896,10207,29,1662,-1559,5661,-3406,-3549,0.322580636,5.05376339,1.630246162,0.041649707
5,2046,-1346,7971,367,-4284,11161,919,692,-4301,5250,438,-10150,7707,2086,7904,12355,4205,9836,-407,1261,-1202,5915,-3661,-4134,0.317693055,5.05376339,1.605545521,0.04165737
5,689,-2217,8284,-2210,-4461,11574,928,864,-4046,5328,513,-10182,7550,3673,8764,13411,5832,9386,-221,1429,-366,9594,-3210,-3924,0.317693055,5.043988228,1.60244,0.041665021
5,-377,-3081,8449,-4761,-4547,11849,904,1011,-3784,5136,757,-10058,7222,5413,9585,15002,8375,8152,-390,1491,-46,5636,-3197,-4931,0.317693055,5.05376339,1.605545521,0.041672692
5,-1707,-4580,8655,-6269,-4544,11467,910,1373,-3378,4300,985,-9237,7336,7871,10106,15344,10440,6621,-1462,443,134,3834,-5845,-3241,0.317693055,5.05376339,1.605545521,0.041680366
5,-2509,-4728,8584,-5753,-4236,11061,1176,1182,-3192,3612,907,-8855,9027,9879,8949,15797,11627,4033,-261,84,-358,4554,-6122,-2633,0.327468216,5.05376339,1.654946923,0.041688263
5,-3524,-3052,7868,-7052,-3466,10687,1509,1163,-3254,3595,1319,-8617,10916,11756,6158,16609,13172,1255,1072,329,-770,6050,-4003,-2963,0.322580636,5.05376339,1.630246162,0.041696049
5,-4506,-1660,7305,-9502,-2657,10663,1676,1875,-3343,3846,1323,-8426,12682,12820,3477,17119,15155,-2140,1605,664,-867,7080,-1776,-3632,0.317693055,5.05376339,1.605545521,0.041703712
5,-5752,-1136,6658,-10969,-1580,10803,1974,2944,-3341,4130,1359,-7981,12454,13555,-280,16624,18529,-6708,1683,581,-966,7129,180,-3649,0.317693055,5.05376339,1.605545521,0.041711375
5,-7805,-990,5451,-11403,237,11409,2149,3731,-3220,4421,1685,-7465,9415,13474,-4111,14618,20715,-8724,1422,486,-1094,7371,616,-3737,0.317693055,5.05376339,1.605545521,0.041719034
5,-9396,-575,4210,-13748,1667,10359,2111,4260,-2793,5065,2158,-6555,7056,11961,-6689,13363,20237,-8724,1652,328,-1407,7396,-1237,-3819,0.317693055,5.05376339,1.605545521,0.041726697
5,-11283,-1086,2230,-15763,1643,7042,1927,4442,-2354,5967,2083,-6398,3937,11235,-7779,12699,18411,-9959,2407,313,-1623,6376,-3018,-3818,0.317693055,5.05376339,1.605545521,0.041734368
5,-12089,-1712,877,-15748,859,3184,1818,4438,-1915,6790,1480,-7040,1257,11212,-8579,12067,14687,-10250,2740,155,-1540,5917,-4365,-3753,0.317693055,5.05376339,1.605545521,0.041742042
5,-12249,-3026,-805,-15745,-393,-2488,2122,4678,-1435,8176,540,-8694,-524,12261,-9577,11285,12296,-12278,3119,203,-1340,5356,-3982,-2930,0.317693055,5.05376339,1.605545521,0.041749716
5,-11891,-4368,-1830,-14489,-1345,-5239,2385,5471,-1264,8458,168,-9751,-1655,13715,-10935,9982,10660,-14775,3488,123,-1194,5538,-2502,-2849,0.312805474,5.05376339,1.580844879,0.041757286
5,-10966,-5813,-2824,-12562,-2088,-7587,2656,6627,-1553,6729,-297,-10149,-3126,14505,-11991,8633,9551,-18267,3668,-234,-1262,6050,-124,-3217,0.307917893,5.05376339,1.556144118,0.04176471
5,-10549,-6500,-3392,-12200,-2282,-7680,2986,6992,-1945,4272,-689,-10214,-3673,14448,-13623,7092,7618,-21877,3744,-730,-1554,6812,1623,-4154,0.317693055,5.05376339,1.605545521,0.04177238
5,-9848,-6715,-4073,-11624,-1473,-7969,3352,6480,-2197,945,-609,-9302,-3257,13669,-15164,5762,6715,-24301,3210,-772,-1568,7305,2372,-4855,0.312805474,5.043988228,1.577787161,0.041779917
5,-9119,-5365,-5717,-10938,-2093,-8276,3347,5475,-2115,-678,-311,-8009,-4501,11133,-14844,3963,6266,-23930,2556,-652,-1201,6700,2566,-5055,0.317693055,5.043988228,1.60244,0.041787561
5,-8391,-4260,-6930,-10810,-2102,-7906,3068,3647,-1652,-1429,178,-6255,-4497,8835,-13583,1816,4429,-22759,1748,-574,-747,5526,1836,-4772,0.317693055,5.05376339,1.605545521,0.041795239
5,-7454,-3604,-8522,-10045,-1621,-7669,2821,1802,-1099,-1241,162,-5300,-4943,4948,-12082,703,3391,-20321,1351,-1074,-167,4655,1137,-4280,0.317693055,5.05376339,1.605545521,0.041802891
5,-6551,-3805,-9162,-8737,-1203,-8331,3119,-374,-375,-186,459,-4946,-4403,1512,-10588,618,1139,-17775,1219,-1530,292,4302,-101,-3790,0.307917893,5.05376339,1.556144118,0.041810311
5,-4990,-3831,-9628,-5223,-867,-9746,3545,-2971,470,2092,678,-6196,-3319,-956,-10465,1601,173,-16160,1394,-2210,437,4018,-1129,-3319,0.317693055,5.05376339,1.605545521,0.041817971
5,-3905,-3270,-9695,-3177,-479,-9862,3696,-4300,762,4449,908,-7081,-3011,-2016,-10908,2503,-218,-14422,2252,-2934,395,4575,-1814,-3589,0.317693055,5.043988228,1.60244,0.041825645
5,-3118,-2697,-9690,-1671,-113,-9765,3071,-5990,186,7238,930,-6243,-3123,-2982,-11213,2620,-1360,-13334,3126,-3594,133,5388,-2423,-4544,0.317693055,5.05376339,1.605545521,0.041833326
5,-2283,-2084,-9794,-533,-44,-9104,2707,-6378,-742,8474,473,-5697,-3300,-3996,-11262,2169,-2437,-12360,4022,-4675,-341,5342,-2492,-6178,0.312805474,5.05376339,1.580844879,0.041840877
5,-1576,-2021,-9762,493,-373,-8640,2535,-4865,-1873,8240,545,-4851,-3832,-5116,-10925,1747,-3560,-11875,4352,-5420,-1245,5308,-2508,-7135,0.317693055,5.043988228,1.60244,0.041848522
5,-514,-2027,-9535,2140,-973,-9013,2311,-3171,-2341,6976,640,-4897,-4122,-5787,-10130,1405,-6195,-11269,4081,-5897,-1748,5461,-1851,-6878,0.317693055,5.043988228,1.60244,0.041856166
5,239,-1672,-9279,3287,-1113,-9477,2084,-1319,-2435,4566,478,-5425,-3935,-6408,-9292,1031,-9007,-10677,3091,-6760,-1670,6897,-1507,-6497,0.337243408,5.043988228,1.701051831,0.04186428
5,1262,-627,-8790,5494,-1291,-9668,2088,-571,-2522,4292,253,-5579,-3048,-6720,-8099,462,-11563,-9869,1972,-6578,-1216,9106,-1175,-5439,0.327468216,5.05376339,1.654946923,0.041872181
5,2062,450,-8219,6957,-1597,-9316,1796,-242,-2662,3118,-18,-5480,-1459,-7164,-7121,-684,-12772,-8927,1670,-5523,-1068,11311,-821,-5358,0.317693055,5.05376339,1.605545521,0.04187984
5,3139,1957,-7088,8005,-2130,-8839,1531,-2008,-2527,2276,-59,-5895,-231,-7607,-6049,-1269,-13693,-7701,1725,-4143,-1144,12270,-1043,-3811,0.317693055,5.05376339,1.605545521,0.041887503
5,3985,2859,-5942,8668,-2710,-8692,1140,-3361,-2412,2246,240,-6591,1237,-8055,-5246,-1604,-14412,-6543,1983,-2419,-1611,12140,-1569,-2120,0.322580636,5.05376339,1.630246162,0.041895285
5,4874,3604,-4723,9298,-3280,-8397,742,-4860,-2488,2971,1044,-6645,2457,-8277,-4039,-2197,-14742,-5243,2295,-1012,-2090,10161,-2943,-1242,0.317693055,5.05376339,1.605545521,0.041902948
5,5845,4045,-3073,9286,-4086,-7166,137,-5829,-2540,3803,1370,-6923,3007,-8740,-2425,-3028,-14450,-4059,2608,-342,-2402,8303,-3984,-1124,0.317693055,5.05376339,1.605545521,0.041910604
5,6379,3835,-1926,9034,-4595,-5810,-525,-6217,-2630,5656,943,-7739,3191,-9236,-565,-3151,-13624,-2530,3359,204,-2617,7384,-4585,-1259,0.317693055,5.05376339,1.605545521,0.041918267
5,6912,3156,-583,8457,-4782,-4102,-808,-5584,-2819,6728,500,-8013,3362,-9781,742,-2439,-12195,-1051,3842,-27,-2614,6200,-5295,-1398,0.317693055,5.05376339,1.605545521,0.041925937
5,7175,2577,277,8011,-4601,-2975,-1028,-4202,-3148,6819,280,-8219,3493,-10114,2176,-1441,-10551,232,3574,-515,-2725,6483,-5809,-2969,0.322580636,5.05376339,1.630246162,0.041933741
5,7322,1946,1262,8019,-4725,-1283,-1168,-3090,-3314,6015,8,-8545,3497,-10222,3291,-970,-9576,1190,2665,667,-2767,7594,-6156,-4463,0.317693055,5.05376339,1.605545521,0.041941401
5,7261,1668,1969,8267,-5193,-22,-1240,-1862,-3476,5505,-207,-8689,3687,-10793,3918,-836,-8950,2618,2671,1110,-2768,5544,-5699,-4723,0.317693055,5.05376339,1.605545521,0.041949097
5,7076,1462,2625,8361,-5233,898,-1051,-517,-3488,4490,-572,-8780,4370,-11106,4178,472,-8501,3213,3897,1061,-2953,4126,-3126,-4508,0.317693055,5.05376339,1.605545521,0.04195676
5,6754,1674,3344,8471,-5543,1571,-955,233,-3428,4068,-575,-8764,5693,-11105,4383,1859,-7494,4256,5012,701,-3358,4655,-1925,-3500,0.327468216,5.05376339,1.654946923,0.041964658
5,6400,2223,3728,7769,-4992,2183,-885,123,-3325,3133,-279,-8685,6984,-10693,4597,2786,-6449,5466,4810,1331,-3014,5786,-1497,-3249,0.317693055,5.05376339,1.605545521,0.041972321
5,5542,2676,4407,6533,-5174,3424,-623,52,-3392,3087,-455,-8891,7702,-9966,4901,4058,-4839,6390,3398,1478,-2342,6357,63,-4503,0.317693055,5.05376339,1.605545521,0.041979983
5,5349,2415,4708,5723,-5471,3934,-102,-198,-3500,2641,-25,-8886,8155,-9038,5091,5754,-3064,7379,2111,1925,-1690,7087,824,-3520,0.312805474,5.05376339,1.580844879,0.041987527
5,5117,1506,5084,4318,-4895,4431,142,-555,-3634,2604,275,-9104,7633,-7223,5332,7201,-978,8735,1021,2337,-1738,7718,616,-2022,0.312805474,5.043988228,1.577787161,0.041995067
5,4856,368,5499,3467,-4418,5329,548,-834,-3845,2414,672,-9365,6343,-5003,5670,7966,-143,9987,-361,2819,-1616,9492,-858,-1502,0.307917893,5.043988228,1.553134203,0.042002484
5,4413,-1233,5979,2846,-4193,6792,803,-840,-4094,2514,1123,-9557,5235,-2716,6138,8711,846,10253,-1402,2367,-161,13337,-1761,-7428,0.312805474,5.05376339,1.580844879,0.04201005
5,3955,-2214,6316,3141,-4055,8187,771,-639,-4196,3150,1284,-9813,4238,-1561,6342,8994,576,9720,-1061,1937,50,7055,-2174,-9628,0.312805474,5.05376339,1.580844879,0.042017594
5,3301,-2615,6785,3461,-4307,9250,511,42,-4110,3555,2031,-9904,4485,-673,6349,8898,485,9456,-1737,994,-183,-4,-10762,-3132,0.312805474,5.043988228,1.577787161,0.042025123
5,2429,-2233,7134,2999,-4469,10421,310,403,-3812,3295,2116,-9506,5296,-102,6415,9250,1209,9084,-421,-155,-258,1808,-12727,-849,0.317693055,5.043988228,1.60244,0.042032775
