activity,wrist_Gx,wrist_Gy,wrist_Gz,wrist_Ax,wrist_Ay,wrist_Az,biceps_Gx,biceps_Gy,biceps_Gz,biceps_Ax,biceps_Ay,biceps_Az,palm_Gx,palm_Gy,palm_Gz,palm_Ax,palm_Ay,palm_Az,thigh_Gx,thigh_Gy,thigh_Gz,thigh_Ax,thigh_Ay,thigh_Az,current,voltage,power,energy
8,1967,-6138,-5213,-11431,-4446,-7469,-1085,855,858,-365,1042,-7014,-9525,1694,-6774,609,10598,-7345,659,112,-321,5967,-851,-3986,0.366568923,2,0.733137846,874667
8,3621,1893,385,-665,-1667,3024,-4604,-2900,-232,928,3773,-6049,462,-16128,-2584,4357,1314,-897,220,-212,-240,7528,218,-1118,0.322580636,2,0.645161271,769645
8,3339,509,1325,-1419,-2448,1911,-5171,-2586,-458,563,3707,-7201,-1220,-14336,-1419,3320,719,1255,141,-265,-239,7550,240,-1022,0.317693055,2,0.635386109,758044
8,2745,-1342,2117,-2313,-2771,581,-5719,-2144,-920,361,3630,-8018,-2088,-12148,-750,860,1002,1450,-43,-276,-196,7685,162,-1026,0.342130989,2,0.684261978,816356
8,2054,-2439,2888,-1758,-3403,-258,-6235,-1599,-1138,1016,4050,-8517,-2782,-11622,-746,138,2548,38,-172,-268,-139,7750,-1,-1081,0.322580636,2,0.645161271,769707
8,1280,-2588,3292,-2284,-4365,-2093,-6633,-913,-1187,1509,4340,-8570,-3289,-10444,-570,-1,4154,503,-392,-195,-61,7905,-259,-1179,0.332355827,2,0.664711654,793031
8,531,-3246,3015,-4856,-4243,-3496,-6898,504,-1380,1559,4765,-8887,-3588,-8424,-221,-1536,3750,117,-505,-150,-24,7986,-567,-1176,0.322580636,2,0.645161271,769707
8,-40,-3785,2863,-5030,-4989,-3850,-6977,1399,-1514,1510,3968,-10026,-3152,-7742,867,-3408,4667,-11,-604,-78,-14,8079,-689,-925,0.317693055,2,0.635386109,758044
8,-879,-3952,2687,-6102,-4415,-5577,-6334,1997,-1402,2362,2047,-11310,-3689,-7366,1941,-2179,6121,2348,-537,-22,-17,8033,-716,-914,0.317693055,2,0.635386109,758044
8,-1652,-4607,2614,-6178,-4133,-6848,-5809,2162,-1214,2385,3207,-10730,-4401,-3368,2340,-1124,5960,3797,-522,-33,3,7841,-578,-868,0.317693055,2,0.635386109,758044
8,-2352,-5723,2354,-5401,-4402,-7856,-5763,2129,-1324,1746,6315,-10482,-4687,-1021,3035,-5063,4880,2687,-545,-97,38,7831,-245,-1007,0.322580636,2,0.645161271,769707
8,-2792,-6022,2434,-4601,-4179,-8762,-5595,2146,-1412,1401,6309,-11958,-4066,43,3168,-5653,3971,831,-562,-53,93,7967,-4,-1175,0.322580636,2,0.645161271,769707
8,-3586,-5752,2727,-3509,-3661,-10210,-4936,1908,-524,2386,3518,-12614,-3034,2343,3104,-5839,5596,-391,-521,3,87,7987,164,-1226,0.327468216,2,0.654936433,781369
8,-4255,-5223,2638,-2966,-3461,-10800,-4096,1841,2,3108,4017,-12009,-2733,4085,2982,-6564,6108,-2718,-497,27,63,7765,224,-1250,0.317693055,2,0.635386109,758044
8,-4554,-3172,1653,-1753,-2253,-12026,-3035,2985,658,3274,5685,-12439,-2548,4778,2814,-6921,6720,-3606,-488,53,77,7709,142,-1404,0.327468216,2,0.654936433,781369
8,-5257,-1752,1294,-4428,-1798,-14201,-2232,2949,582,3065,4578,-12529,-2033,6287,2480,-6238,8610,-5341,-758,55,143,7695,72,-1452,0.317693055,2,0.635386109,758044
8,-5884,-1946,1365,-5757,-2328,-16811,-954,3738,1251,4375,4218,-12174,-2291,8150,2378,-7735,9186,-8644,-578,67,177,7711,-90,-1357,0.322580636,2,0.645161271,769707
8,-5834,-1693,978,-2570,-3655,-17304,-327,4204,1516,4714,5010,-11746,-2924,9102,2696,-8279,8574,-11033,-612,45,167,7664,-165,-1259,0.322580636,2,0.645161271,769707
8,-5610,-167,532,-3344,-2878,-17362,540,4460,1740,3793,5997,-11668,-2003,9953,2819,-7683,7070,-13199,-588,-19,142,7607,-125,-1231,0.337243408,2,0.674486816,804693
8,-5253,194,623,-3203,-2531,-16884,1514,3972,1934,2456,6195,-11240,-390,10402,3103,-7438,5192,-15037,-502,-103,148,7586,-146,-1322,0.327468216,2,0.654936433,781369
8,-4953,915,625,-1713,-3393,-16852,1905,3524,2403,1974,6308,-10216,1247,10156,3355,-6584,5505,-14001,-351,-131,171,7629,-190,-1467,0.317693055,2,0.635386109,758044
8,-4198,1825,684,-2134,-3308,-16739,2336,2533,2921,1254,5831,-9360,1747,10680,3623,-4722,5675,-14970,-264,-111,177,7723,-199,-1666,0.322580636,2,0.645161271,769707
8,-3708,2097,864,-2192,-3826,-16215,2734,1724,3230,798,5331,-9079,2612,10855,3715,-3883,6235,-14547,-262,-1,138,7854,-107,-1664,0.317693055,2,0.635386109,758044
8,-3066,2608,725,-4172,-4217,-13455,3525,665,3550,836,4040,-9351,2514,10103,3533,-4174,8983,-15382,-154,15,92,7713,-22,-1681,0.322580636,2,0.645161271,769707
8,-2750,2804,418,-5037,-4400,-11440,4333,66,3732,1755,3325,-9475,3385,9334,3395,-4482,9853,-15017,24,-25,83,7749,-2,-1724,0.312805474,2,0.625610948,746382
8,-2309,3301,-148,-5911,-4611,-10622,5239,-108,3766,2742,3677,-9181,3593,7526,3290,-4460,10211,-12434,157,38,97,7800,-54,-1782,0.327468216,2,0.654936433,781369
8,-2074,3393,-407,-6397,-4875,-11165,5610,-34,3486,2642,4403,-8607,3221,6972,3310,-2520,10422,-10454,240,81,77,7645,-232,-1965,0.317693055,2,0.635386109,758044
8,-1682,3405,-759,-6686,-4810,-11296,5728,222,2919,2074,5304,-7401,3059,6558,3723,-980,10148,-10088,367,123,43,7624,-294,-2058,0.322580636,2,0.645161271,769707
8,-1157,3660,-986,-6345,-4301,-11740,5531,491,2510,1864,5308,-6466,3156,6860,4590,1893,9068,-10665,483,151,1,7623,-305,-2048,0.317693055,2,0.635386109,758044
8,-115,3669,-1109,-6080,-3910,-10985,5165,305,2273,1129,5186,-4983,2685,7038,5120,2399,9333,-11985,573,148,-50,7572,-302,-1997,0.317693055,2,0.635386109,758044
8,916,3165,-1089,-5839,-3295,-9261,4849,-125,2101,381,4536,-4184,2054,6783,6358,2629,8012,-10766,643,99,-89,7485,-291,-1883,0.322580636,2,0.645161271,769707
8,1837,2748,-1031,-5205,-2374,-7815,4548,-1194,1830,-511,2915,-3701,1537,6077,7187,3112,7799,-9272,679,-21,-112,7511,-220,-1831,0.317693055,2,0.635386109,758044
8,3116,2490,-875,-4014,-1680,-5475,4280,-2406,1550,-707,2218,-3486,1970,4269,6316,2679,7003,-7674,669,-54,-131,7609,-127,-1800,0.317693055,2,0.635386109,758044
8,3908,2370,-907,-2766,-836,-3418,3827,-3885,1080,-126,2020,-3332,1021,1113,4602,502,6701,-6609,604,-77,-146,7634,-86,-1767,0.322580636,2,0.645161271,769707
8,5083,2934,-1197,-1533,-277,-2928,3203,-4817,814,448,2431,-2843,1079,-2815,3624,375,4686,-6936,559,-84,-154,7676,-172,-1792,0.317693055,2,0.635386109,758044
8,5815,3528,-1453,-795,-104,-2795,2382,-5373,551,473,2679,-2458,1480,-5708,1935,1133,3593,-6360,477,-27,-147,7696,-243,-1706,0.34701857,2,0.694037139,828018
8,6554,4310,-1530,-111,-1,-1909,1200,-5562,151,-43,2613,-2628,1935,-7948,551,686,2681,-5153,439,-35,-148,7685,-409,-1574,0.34701857,2,0.694037139,828018
8,7034,4688,-1397,317,296,-1350,341,-5642,-166,-347,2496,-3306,1742,-9928,-513,901,2251,-4730,401,-26,-144,7807,-420,-1399,0.34701857,2,0.694037139,828018
8,7301,4526,-948,1664,706,-157,-681,-5912,-468,-175,2377,-4337,1441,-10629,-1669,1022,2650,-4042,373,22,-151,7760,-480,-1269,0.34701857,2,0.694037139,828018
8,7361,4456,-493,154,620,233,-1364,-6174,-517,148,2626,-4647,1551,-12561,-3400,932,1107,-4086,393,-2,-173,7703,-506,-1159,0.34701857,2,0.694037139,828018
8,7413,3146,290,1191,44,978,-2404,-6216,-550,297,3442,-4864,547,-14186,-4262,859,1838,-1382,446,-55,-198,7733,-532,-1108,0.415444762,2,0.830889523,991289
8,7109,2540,732,746,-1165,1842,-3255,-5655,-707,240,3857,-5566,481,-14514,-4784,913,1182,-1583,480,-56,-226,7776,-495,-1109,0.34701857,2,0.694037139,828018
8,6549,1947,804,-327,-2034,2591,-4213,-4795,-828,201,4178,-6422,174,-14616,-4417,-273,1605,-734,461,-60,-240,7750,-401,-1085,0.34701857,2,0.694037139,828018
8,5604,907,1254,-880,-2973,2962,-4717,-4254,-974,88,4559,-7055,-914,-15067,-3598,-417,2158,-554,400,-87,-216,7758,-317,-1093,0.361681342,2,0.723362684,863004
8,4799,483,1661,-1562,-3983,3395,-5093,-3657,-1183,360,4892,-8029,-1507,-14735,-2612,-66,2503,420,334,-44,-182,7748,-204,-1101,0.371456504,2,0.742913008,886329
8,3489,-563,1955,-3126,-4169,2195,-5461,-2290,-1362,1262,4619,-9134,-2448,-14295,-1692,-487,2454,1287,144,-5,-96,7752,-4,-1192,0.322580636,2,0.645161271,769707
8,2466,-1714,2378,-3934,-5020,886,-5774,-963,-1447,1592,4687,-9405,-3045,-13604,-935,-85,1933,2050,-150,-5,-31,7885,50,-1188,0.317693055,2,0.635386109,758044
8,1158,-3272,2865,-4058,-5496,-589,-6329,741,-1836,1551,4768,-9645,-3751,-12293,-351,-304,3041,2188,-318,34,6,8049,300,-1192,0.317693055,2,0.635386109,758044
8,206,-4209,2947,-3837,-5754,-2815,-6536,1980,-2206,1308,3765,-10461,-4568,-10631,637,-974,3608,2355,-412,145,8,8003,57,-1109,0.312805474,2,0.625610948,746382
8,-845,-5445,2423,-3663,-6216,-4985,-6193,3389,-2451,1021,2363,-10626,-4646,-7295,1678,-2147,3293,2306,-449,154,9,7760,-49,-920,0.322580636,2,0.645161271,769707
8,-1387,-5698,2170,-4198,-6026,-5093,-5898,3315,-2520,694,3581,-10195,-4652,-4405,2720,-4288,4079,2411,-456,139,33,7705,-107,-829,0.337243408,2,0.674486816,804693
8,-2053,-5981,1868,-4818,-5111,-6602,-5559,2952,-2709,-281,5190,-11035,-4969,-3961,3118,-5167,4000,2036,-427,69,70,7734,-183,-927,0.307917893,2,0.615835786,734720
8,-2644,-6118,1856,-3532,-4685,-8739,-5196,2693,-2102,244,3872,-11783,-4745,-2170,3147,-4993,4420,1259,-393,37,82,7739,-214,-1085,0.322580636,2,0.645161271,769707
8,-3274,-6073,1969,-2538,-4662,-9989,-4360,2469,-974,2208,3553,-10937,-3914,699,2806,-6812,4039,-746,-371,38,66,7721,-254,-1149,0.312805474,2,0.625610948,746382
8,-4048,-5562,1698,-1845,-3845,-10068,-3563,2352,-483,3450,5208,-11351,-3157,1428,2673,-7807,3820,-3113,-359,42,42,7769,-115,-1246,0.312805474,2,0.625610948,746382
8,-4467,-4906,1431,-1879,-3735,-11115,-1906,2249,-142,2530,5113,-12498,-2739,2164,2725,-6585,4678,-2683,-367,18,52,7766,132,-1275,0.312805474,2,0.625610948,746382
8,-4862,-2628,794,-1588,-1356,-12805,-1353,2091,420,2886,5026,-12559,-2340,3936,2531,-5557,4978,-2530,-362,18,55,7737,278,-1198,0.322580636,2,0.645161271,769707
8,-5833,-1855,876,-2693,-1303,-13628,-680,2828,1194,5611,4321,-12143,-1580,6805,2165,-5530,5253,-4383,-351,30,57,7727,281,-1221,0.322580636,2,0.645161271,769707
8,-6611,-1639,879,-2080,-1053,-13776,507,3916,1640,5732,5386,-11825,-1443,8316,1983,-5255,5559,-6642,-358,45,75,7744,252,-1230,0.356793731,2,0.713587463,851342
8,-6970,-1074,714,-1678,-1873,-14000,1079,5369,1995,4286,6731,-12003,-1112,9772,1821,-4942,5869,-8012,-353,38,95,7728,162,-1297,0.312805474,2,0.625610948,746382
8,-6749,391,514,-2015,-2574,-15091,1233,6211,2285,2831,6625,-11695,-686,11136,1559,-6191,5592,-9637,-310,29,112,7712,-70,-1351,0.312805474,2,0.625610948,746382
8,-6815,900,551,-3364,-2995,-15369,1510,6224,2436,1112,6510,-10909,-257,11456,1507,-6636,6553,-10842,-191,11,97,7685,-220,-1360,0.337243408,2,0.674486816,804693
8,-6678,1094,437,-3896,-4159,-14103,1705,5396,2694,276,6359,-10040,-17,11479,2116,-6168,6492,-12996,-108,-4,75,7726,-308,-1406,0.366568923,2,0.733137846,874667
8,-6223,1248,203,-3484,-3858,-14526,2016,4558,3062,368,5907,-9285,412,10736,2516,-6238,6746,-14224,-6,1,65,7749,-324,-1475,0.322580636,2,0.645161271,769707
8,-5725,1656,376,-2628,-3412,-15428,2767,3423,3480,827,5321,-8498,879,10692,2535,-5076,5853,-14414,78,-6,55,7672,-351,-1439,0.434995115,2,0.86999023,1037938
8,-5230,1849,583,-2184,-4080,-15301,3346,2675,3814,929,5350,-8112,1439,10616,2597,-5128,5110,-15378,142,-11,44,7714,-294,-1389,0.327468216,2,0.654936433,781369
8,-4298,2398,568,-2882,-4226,-14551,4094,1408,4092,859,5385,-7838,2570,9739,2704,-4634,6390,-15778,217,-2,35,7773,-174,-1412,0.317693055,2,0.635386109,758044
8,-3596,2963,478,-3302,-4613,-14262,4493,609,4104,883,4842,-7659,3715,9240,2702,-3846,7366,-15402,242,7,39,7790,-106,-1487,0.327468216,2,0.654936433,781369
8,-2569,3988,-94,-4775,-5386,-13504,4905,-56,4071,1079,3718,-7536,4606,9180,3002,-3777,8469,-14501,282,37,25,7717,6,-1512,0.322580636,2,0.645161271,769707
8,-1872,4381,-507,-6192,-5126,-12192,5154,-570,3899,1323,3523,-7455,4352,8508,3466,-2600,10069,-13488,275,65,19,7698,-17,-1501,0.327468216,2,0.654936433,781369
8,-1308,4119,-767,-6473,-4729,-10609,5309,-738,3378,1760,3329,-7145,3291,8228,3668,-1650,11139,-12617,285,47,16,7690,-3,-1471,0.327468216,2,0.654936433,781369
8,-608,3072,-777,-5357,-4016,-9095,5286,-818,3017,2102,3255,-6522,1259,6782,3657,-1270,9560,-12661,281,42,26,7695,-7,-1427,0.322580636,2,0.645161271,769707
8,166,2320,-651,-4345,-3686,-9272,5012,-1048,2681,1890,3469,-5299,636,5917,4354,-359,5948,-12168,348,68,12,7703,-135,-1490,0.322580636,2,0.645161271,769707
8,1304,2050,-419,-2769,-3153,-8568,4608,-1280,2396,1265,3366,-4548,1372,4286,5122,380,5553,-11219,404,66,8,7664,-179,-1487,0.317693055,2,0.635386109,758044
8,2077,2440,-388,-2157,-2548,-8209,4156,-1881,1945,384,2662,-4052,1718,3131,5088,1623,4694,-9536,430,25,-24,7648,-184,-1431,0.322580636,2,0.645161271,769707
8,3220,3234,-365,-1637,-1754,-7692,3783,-2551,1584,97,2123,-3722,1968,2019,5198,2906,3947,-8869,417,-1,-62,7747,-211,-1282,0.322580636,2,0.645161271,769707
8,4074,3452,-304,-1279,-1166,-6237,3210,-3446,1185,-304,1831,-3432,1969,727,5295,2353,4077,-8270,517,50,-109,7709,-342,-1276,0.322580636,2,0.645161271,769707
8,5162,3258,-111,-755,-348,-3969,2708,-4207,950,-507,1787,-3278,1680,-1601,4454,466,3908,-6864,477,26,-112,7602,-356,-1204,0.317693055,2,0.635386109,758044
8,5870,3006,57,456,-255,-2724,2010,-4851,691,-762,1629,-3188,749,-4132,3184,715,2827,-6174,307,2,-62,7657,-405,-1228,0.312805474,2,0.625610948,746382
8,6657,3324,172,928,213,-1898,916,-5417,247,-892,1390,-3500,617,-5732,1413,639,2386,-4669,214,29,-17,7824,-441,-1228,0.322580636,2,0.645161271,769707
8,7106,3336,111,213,557,-1420,121,-5840,-50,-727,1264,-3829,484,-7580,451,1328,1901,-3558,127,51,-43,7797,-487,-1188,0.317693055,2,0.635386109,758044
8,7420,3028,170,-322,766,-313,-966,-6343,-392,-626,1448,-3906,457,-8868,-710,1725,1966,-2356,72,42,-86,7758,-506,-1061,0.317693055,2,0.635386109,758044
8,7592,2998,224,-232,379,13,-1695,-6485,-669,-592,2031,-4077,206,-9957,-1408,2172,701,-1676,32,28,-83,7742,-480,-1014,0.386119246,2,0.772238493,921316
8,7820,2636,329,-407,-104,500,-2722,-6384,-974,-478,3392,-4317,728,-10800,-2166,1074,1826,-1852,11,4,-73,7756,-471,-1045,0.312805474,2,0.625610948,746382
8,7921,2484,800,283,-534,924,-3544,-6163,-1142,-360,4192,-4859,-6,-12110,-2758,161,1046,-2247,-125,-16,-67,7786,-411,-1013,0.317693055,2,0.635386109,758044
8,7682,2292,1130,-125,-1393,1502,-4564,-5652,-1262,98,5199,-5888,-7,-13219,-3469,-1341,1728,-1859,-226,-14,-61,7856,-423,-1024,0.351906151,2,0.703812301,839680
8,6921,1625,1539,-1267,-2425,2614,-5320,-5231,-1277,223,5354,-6645,-332,-14472,-3590,-1550,2090,-1336,-293,15,-66,7835,-432,-852,0.317693055,2,0.635386109,758044
8,6109,875,1988,-1523,-2574,3792,-5988,-4437,-1287,271,5316,-7943,-697,-15390,-3162,-1953,2661,-736,-309,-4,-75,7881,-388,-935,0.317693055,2,0.635386109,758044
8,4598,-39,2504,-3143,-3901,4005,-6204,-3651,-1238,853,5322,-9128,-1458,-16082,-2180,-1124,2955,378,-437,12,-39,7843,-347,-955,0.376344085,2,0.752688169,897991
8,3382,-1216,2866,-4218,-4040,3653,-6425,-2163,-1182,1901,4549,-10872,-2396,-15877,-1184,-1030,2650,1913,-544,61,33,7833,-317,-1022,0.317693055,2,0.635386109,758044
8,1259,-2977,3111,-4661,-4881,1818,-6300,-510,-1148,2744,2813,-12030,-3247,-15147,397,-167,3254,2720,-621,129,84,7829,-234,-985,0.298142731,2,0.596285462,711396
8,-292,-4085,3005,-4348,-5997,-655,-5946,1772,-1300,2703,2236,-12175,-4531,-13434,1503,730,2231,3189,-646,136,107,7777,-187,-927,0.381231666,2,0.762463331,909653
8,-1955,-5290,2478,-3513,-6305,-5014,-5904,3116,-1747,1690,2841,-11992,-4734,-10524,2160,418,1689,3605,-562,119,105,7779,-138,-991,0.312805474,2,0.625610948,746382
8,-2600,-5721,2334,-2416,-6371,-7025,-5834,4388,-2101,461,3590,-12079,-4358,-7263,3112,-2181,3363,3914,-545,118,108,7845,-39,-984,0.327468216,2,0.654936433,781369
8,-3252,-5651,2177,-3082,-5026,-8188,-5410,4435,-1839,77,4061,-12111,-4441,-2353,3279,-3996,4321,3375,-513,78,98,7867,-28,-965,0.386119246,2,0.772238493,921316
8,-3961,-5844,2150,-3965,-4802,-8720,-4687,3936,-1136,209,4858,-12317,-4991,260,3356,-6140,4604,2056,-507,47,76,7855,-50,-991,0.317693055,2,0.635386109,758044
8,-4748,-6202,2078,-3904,-4942,-10711,-4026,3643,-720,103,4816,-12566,-4367,2238,3514,-6484,5402,229,-487,61,72,7762,-82,-1071,0.322580636,2,0.645161271,769707
8,-5193,-5868,2004,-2350,-4202,-12701,-2917,3573,318,528,3129,-12069,-3618,4463,3060,-7235,5992,-2210,-438,60,82,7677,-17,-1136,0.395894438,2,0.791788876,944640
8,-5916,-4633,1553,-1445,-4833,-13440,-1587,2566,565,1920,2951,-12188,-3172,5753,2754,-8666,6891,-5814,-351,44,77,7606,-22,-1182,0.317693055,2,0.635386109,758044
8,-5424,-2198,675,-650,-1941,-13298,-924,2616,1137,2488,4644,-11623,-2663,6009,2416,-8625,6336,-7517,-296,2,59,7686,8,-1177,0.317693055,2,0.635386109,758044
8,-6122,-1225,489,-3196,-2548,-13875,-487,2800,1434,3272,4692,-11491,-1831,6560,1864,-7304,6193,-7391,-237,-6,54,7737,-63,-1183,0.386119246,2,0.772238493,921316
8,-6170,-1275,579,-2762,-2090,-14511,472,3528,1786,4152,4695,-11453,-1413,7448,1517,-7143,5596,-7890,-209,-19,50,7663,-117,-1198,0.322580636,2,0.645161271,769707
8,-6330,-1103,674,-1617,-2550,-14729,1100,4451,2187,3643,5674,-10633,-555,8672,1370,-6965,5564,-8502,-215,-73,67,7625,-161,-1271,0.322580636,2,0.645161271,769707
8,-6026,524,380,-1545,-3552,-14610,1369,5059,2376,2765,6309,-10521,-59,9100,1242,-7708,5336,-10211,-244,-67,97,7765,-191,-1302,0.361681342,2,0.723362684,863004
8,-5732,1030,434,-2848,-3529,-14740,1732,4936,2576,828,6743,-10320,222,9245,1276,-7391,6185,-10681,-237,-35,93,7799,-198,-1208,0.317693055,2,0.635386109,758044
8,-5342,1027,566,-2844,-4165,-14278,1741,4291,2813,134,6401,-9680,-296,9631,1609,-6676,5982,-11481,-206,-24,72,7836,-113,-1118,0.317693055,2,0.635386109,758044
8,-4944,1006,634,-2930,-3992,-13972,2049,3253,3281,220,5244,-8748,-295,9847,2214,-6576,5272,-12305,-162,-30,48,7778,-108,-1108,0.342130989,2,0.684261978,816356
8,-4575,765,896,-3463,-3588,-13069,2659,2318,3583,602,4803,-8280,111,9058,2531,-6186,5900,-13232,-68,-37,36,7778,-211,-1165,0.322580636,2,0.645161271,769707
8,-4175,595,1099,-3544,-3630,-12602,3397,1259,3855,1465,4678,-8173,724,8723,2710,-6036,6048,-13353,-6,-11,25,7798,-291,-1229,0.317693055,2,0.635386109,758044
8,-3293,889,1054,-3778,-4128,-13057,3815,774,3991,1670,4665,-7981,1422,7664,3320,-5733,6455,-12710,57,9,13,7727,-327,-1263,0.322580636,2,0.645161271,769707
8,-2618,1318,980,-4038,-4344,-13733,4011,311,3972,1114,4345,-7465,2056,7808,3980,-4038,7509,-12092,103,4,28,7713,-392,-1295,0.322580636,2,0.645161271,769707
8,-1641,2056,801,-4252,-5343,-13509,4022,25,3875,484,4027,-7105,2399,8832,4689,-2996,8138,-11557,186,-15,17,7712,-376,-1286,0.317693055,2,0.635386109,758044
8,-978,2650,603,-4638,-5599,-11041,4103,-379,3562,-197,3189,-7223,2569,9353,4698,-2247,10403,-11795,227,-49,-10,7753,-301,-1300,0.327468216,2,0.654936433,781369
8,-301,3372,-121,-5587,-5482,-8634,4361,-860,3283,-222,2204,-7254,3139,10453,4916,-1898,11180,-10106,255,-47,-47,7741,-300,-1335,0.322580636,2,0.645161271,769707
8,71,3780,-832,-6943,-5051,-7319,4669,-1477,2689,63,1736,-6819,2645,8836,5444,-1763,10460,-7870,301,-30,-65,7789,-208,-1351,0.322580636,2,0.645161271,769707
8,475,3220,-1314,-7264,-4442,-6316,4621,-1650,2107,414,1841,-6514,1883,6937,5563,-1780,8946,-7776,340,1,-96,7729,-139,-1279,0.317693055,2,0.635386109,758044
8,898,2214,-1251,-5364,-3883,-6394,4277,-1717,1501,1006,2325,-5632,1133,4275,5665,-555,7262,-9863,393,-32,-110,7672,-81,-1216,0.317693055,2,0.635386109,758044
8,1709,1918,-1105,-2991,-3025,-6755,3845,-1904,1228,1015,2942,-4672,1342,2862,5439,1150,5064,-9828,458,-38,-123,7654,-111,-1210,0.312805474,2,0.625610948,746382
8,2943,2569,-1035,-1140,-2220,-6276,3249,-2169,914,603,3251,-3743,2542,756,5260,2041,3298,-9749,472,-75,-124,7625,-168,-1130,0.322580636,2,0.645161271,769707
8,3949,3460,-1161,-732,-1278,-5586,2369,-2879,445,-239,2779,-3285,4288,-452,4782,1408,3587,-7737,445,-108,-117,7748,-261,-1084,0.317693055,2,0.635386109,758044
8,4981,4405,-1153,24,-480,-4380,1801,-3525,220,-531,2162,-3470,3286,-2841,4391,1867,3760,-6732,439,-103,-119,7766,-414,-1071,0.317693055,2,0.635386109,758044
8,5541,4865,-1067,425,5,-3264,1086,-4370,169,-295,1440,-4199,2465,-4654,3205,1709,3579,-6407,432,-88,-120,7791,-522,-1088,0.327468216,2,0.654936433,781369
8,6099,5137,-1032,1304,185,-1727,581,-4987,247,301,1185,-4591,2204,-6183,1368,-147,3230,-6113,432,-33,-122,7806,-639,-1119,0.327468216,2,0.654936433,781369
8,6334,5338,-956,1165,246,-1340,-136,-5709,316,742,1976,-4276,1763,-8710,-146,-557,2224,-5374,465,-5,-144,7818,-708,-1115,0.322580636,2,0.645161271,769707
8,6527,5138,-562,-593,218,-1006,-1004,-5983,151,780,3156,-3963,3393,-10366,-2143,423,1032,-5756,484,-8,-155,7783,-713,-1059,0.322580636,2,0.645161271,769707
8,6527,4332,34,1495,-403,-799,-2333,-5713,-268,1049,3699,-4694,2114,-12889,-3293,441,1566,-4466,438,5,-150,7795,-659,-932,0.322580636,2,0.645161271,769707
8,6257,4032,793,1082,-1139,-189,-3068,-4969,-444,1446,3098,-5552,1388,-14811,-4096,689,1268,-4301,322,-26,-156,7777,-543,-806,0.381231666,2,0.762463331,909653
8,5879,3209,1064,-251,-1714,192,-3751,-3848,-486,1541,2557,-6144,1210,-15296,-3912,507,2649,-3746,249,-61,-169,7755,-371,-794,0.332355827,2,0.664711654,793031
8,5314,1460,1396,-1632,-2701,785,-4219,-3051,-608,795,3187,-6232,848,-14895,-2954,167,3104,-3513,155,-114,-160,7781,-229,-776,0.342130989,2,0.684261978,816356
8,4912,341,1820,-2191,-2872,2141,-4933,-2093,-992,-33,4123,-7211,-1106,-14984,-1439,205,2672,-1775,68,-113,-124,7810,-184,-817,0.376344085,2,0.752688169,897991
8,3818,-1193,1823,-2763,-4201,2519,-5203,-1465,-1262,153,3565,-8570,-2534,-14994,-49,-24,2427,388,-43,-46,-83,7905,-183,-794,0.317693055,2,0.635386109,758044
8,2817,-2319,1915,-2810,-4450,1443,-5155,-470,-1376,1083,1776,-9529,-3329,-14550,850,-555,2023,1865,-221,-1,-76,7894,-131,-679,0.317693055,2,0.635386109,758044
8,1293,-3523,2210,-1874,-5043,298,-5028,311,-1469,1351,1959,-9353,-4263,-14030,1032,232,1413,1691,-328,-10,-65,7851,-112,-694,0.322580636,2,0.645161271,769707
8,91,-4224,2513,-2193,-5737,-573,-5161,1329,-1920,510,4853,-9080,-4339,-12007,838,99,740,1910,-374,-10,-19,7884,-85,-839,0.317693055,2,0.635386109,758044
8,-940,-5271,2240,-2107,-6206,-2444,-5624,2087,-2449,-22,5070,-10193,-4020,-10347,1637,-524,1770,3767,-450,1,35,7879,-13,-849,0.322580636,2,0.645161271,769707
8,-1320,-5212,2053,-2455,-6100,-4181,-5719,3045,-2450,486,2617,-10726,-3996,-7256,2334,-690,2784,5036,-551,23,63,7872,-10,-888,0.317693055,2,0.635386109,758044
8,-1995,-5289,1887,-3213,-5360,-5548,-5335,3189,-2246,1030,2602,-10076,-4189,-3471,2702,-2470,3629,5236,-555,67,62,7844,-11,-915,0.317693055,2,0.635386109,758044
8,-2867,-5973,1683,-3842,-5111,-6894,-4954,3381,-2306,769,4936,-9997,-4713,-918,3481,-4846,3748,3751,-544,62,64,7842,29,-944,0.322580636,2,0.645161271,769707
8,-3228,-6612,1544,-3844,-5168,-8384,-4748,3398,-2335,206,4928,-10862,-5621,632,3888,-6753,4536,1532,-514,61,76,7811,87,-976,0.366568923,2,0.733137846,874667
8,-3586,-6730,1774,-2048,-4669,-10437,-4274,3213,-1884,414,3811,-11124,-5419,2470,3519,-6719,4289,-174,-479,56,73,7731,31,-955,0.322580636,2,0.645161271,769707
8,-4025,-6152,1920,-1369,-4386,-11140,-3377,2655,-1197,1527,3670,-10705,-4179,4348,3031,-8635,4505,-2240,-439,30,43,7726,11,-980,0.317693055,2,0.635386109,758044
8,-4163,-4367,1089,385,-3896,-11540,-2558,2283,-879,2444,4579,-10845,-3379,4407,2642,-9319,5334,-4946,-436,13,49,7729,15,-1156,0.317693055,2,0.635386109,758044
8,-4526,-3036,898,-2877,-2857,-12840,-1510,2345,-193,2316,5195,-11496,-2764,4601,2131,-8352,5923,-6034,-432,-5,52,7696,69,-1258,0.317693055,2,0.635386109,758044
8,-4885,-2508,967,-2868,-2171,-14011,-750,2077,171,3334,4257,-11356,-2111,5542,1876,-8661,5880,-6603,-387,-55,65,7640,50,-1275,0.312805474,2,0.625610948,746382
8,-5160,-2023,983,-3159,-2241,-14450,183,2668,986,4795,5042,-10767,-1804,6305,1760,-8213,5741,-7333,-320,-69,48,7604,-2,-1302,0.317693055,2,0.635386109,758044
8,-4882,-1519,811,-2304,-2687,-14118,733,3381,1293,4729,5926,-10693,-1351,7338,1688,-7876,6014,-7564,-252,-90,50,7640,-6,-1352,0.317693055,2,0.635386109,758044
8,-4979,-618,652,-2923,-1917,-13676,1424,4011,1618,3378,6383,-10539,-872,7614,1730,-7725,5907,-8185,-183,-112,57,7689,26,-1319,0.327468216,2,0.654936433,781369
8,-4938,111,537,-3856,-2717,-13713,1683,4013,1843,2413,6449,-10292,-300,7884,1847,-7405,7121,-9038,-93,-144,51,7724,42,-1256,0.337243408,2,0.674486816,804693
8,-4643,359,448,-3555,-3304,-14000,1668,3337,2271,1264,6218,-9177,-766,8472,1792,-6856,7554,-9354,0,-145,28,7757,-76,-1282,0.312805474,2,0.625610948,746382
8,-4256,644,563,-3488,-2997,-14062,1819,2771,2567,1031,5689,-8475,-1243,9376,2227,-5522,6063,-10055,152,-89,8,7858,-96,-1349,0.322580636,2,0.645161271,769707
8,-3929,397,747,-3302,-3478,-14175,2313,2138,3053,1195,5429,-8010,22,10714,2391,-5511,5289,-10854,216,-67,-27,7779,-90,-1404,0.327468216,2,0.654936433,781369
8,-3527,609,970,-3173,-3350,-13645,2704,1424,3365,1196,5214,-7892,-229,10482,3100,-4521,6272,-12404,262,-81,-22,7725,-96,-1424,0.332355827,2,0.664711654,793031
8,-3093,752,821,-4258,-3689,-13078,3178,706,3665,1111,4951,-7633,280,10220,3446,-4650,7084,-13330,308,-91,-7,7706,-82,-1346,0.322580636,2,0.645161271,769707
8,-2478,785,692,-4934,-3979,-12461,3489,166,3789,1098,4428,-7544,1224,9698,4098,-4372,7743,-13742,295,-99,2,7705,-78,-1343,0.322580636,2,0.645161271,769707
8,-1450,1368,783,-4927,-4600,-11031,3826,-580,3818,966,3663,-7725,2256,8992,4578,-4365,8490,-12706,299,-105,-1,7769,-77,-1376,0.327468216,2,0.654936433,781369
8,-795,1988,639,-5035,-4812,-9803,4066,-935,3742,808,3104,-7928,2470,8165,4817,-4175,9926,-11038,314,-100,-3,7779,-46,-1429,0.327468216,2,0.654936433,781369
8,-427,2646,252,-5283,-4718,-7843,4351,-1152,3463,959,2539,-8148,2095,7792,5009,-1437,9624,-7738,317,-68,-25,7760,-81,-1449,0.322580636,2,0.645161271,769707
8,-283,3080,-294,-5431,-5012,-7113,4537,-1097,3147,1236,2667,-7771,2803,7191,4722,-3784,9309,-7636,331,-45,-60,7714,-94,-1384,0.322580636,2,0.645161271,769707
8,-69,3671,-893,-5120,-4982,-7411,4497,-832,2613,1156,2845,-7001,3533,5583,4508,-1156,7565,-7987,376,-59,-88,7737,-26,-1304,0.322580636,2,0.645161271,769707
8,270,4223,-1272,-4124,-4790,-7370,4311,-668,2253,723,2947,-6156,4280,4695,4193,187,7729,-8971,480,-60,-103,7746,-26,-1288,0.327468216,2,0.654936433,781369
8,1120,4853,-1639,-4061,-4316,-7857,4068,-811,1920,182,3209,-5195,3796,3541,4368,1051,7444,-9512,529,-71,-107,7647,-114,-1274,0.322580636,2,0.645161271,769707
8,2000,4429,-1630,-4111,-3513,-7366,3532,-1471,1403,-497,3456,-4228,3110,2808,4578,1628,6310,-9696,572,-100,-125,7676,-174,-1257,0.312805474,2,0.625610948,746382
8,3131,3352,-1435,-3091,-2404,-5941,3035,-2222,1076,-750,3143,-3843,2993,1698,5002,1526,5060,-8801,659,-105,-135,7698,-271,-1183,0.317693055,2,0.635386109,758044
8,3915,2926,-1146,-1371,-1293,-4472,2229,-3335,748,-729,2542,-3665,2099,-926,4636,-53,3969,-7745,707,-116,-155,7719,-392,-1130,0.327468216,2,0.654936433,781369
8,4736,3661,-889,423,-949,-3084,1629,-3995,531,-503,1926,-3867,2452,-3334,3394,499,3030,-6774,704,-155,-177,7771,-450,-1161,0.307917893,2,0.615835786,734720
8,5263,4460,-847,944,-372,-2570,896,-4756,402,-129,1598,-4233,2818,-5749,1993,-5,2298,-6284,668,-180,-213,7868,-514,-1172,0.317693055,2,0.635386109,758044
8,5738,5166,-798,203,-212,-1992,272,-5250,367,295,1783,-4232,3445,-7296,697,1710,-2905,-4444,610,-155,-230,7847,-468,-1113,0.322580636,2,0.645161271,769707
8,5937,5003,-574,216,-186,-1774,-634,-5460,242,696,2292,-4294,4014,-8727,-571,1044,1579,-4919,591,-138,-260,7708,-382,-1131,0.317693055,2,0.635386109,758044
8,6117,4638,-68,1033,-663,-1190,-1340,-5311,102,815,2784,-4381,2964,-9696,-1222,1385,1833,-3986,487,-225,-248,7636,-261,-1188,0.317693055,2,0.635386109,758044
8,6138,4198,387,1399,-825,-1007,-2251,-4939,-126,809,3158,-5071,1215,-10793,-1907,487,2124,-3606,400,-237,-213,7636,-279,-1090,0.312805474,2,0.625610948,746382
8,6010,3272,904,654,-1657,-117,-2882,-4435,-321,916,3444,-5567,995,-10838,-2454,69,1623,-3181,298,-208,-163,7720,-221,-939,0.371456504,2,0.742913008,886329
8,5742,2542,1231,-17,-2181,289,-3725,-3861,-612,671,3775,-5873,330,-11326,-2676,-926,1608,-2453,160,-135,-101,7746,36,-1139,0.317693055,2,0.635386109,758044
8,5339,1609,1598,-996,-2380,1078,-4287,-3374,-826,638,4145,-6443,-228,-12054,-2897,-2221,1990,-1817,-1,-179,-11,7755,16,-1278,0.317693055,2,0.635386109,758044
8,4259,99,2170,-1790,-2127,2299,-4632,-2796,-802,1473,3506,-8157,-706,-13208,-2575,-2838,2183,-978,-143,-146,28,8040,-146,-1469,0.381231666,2,0.762463331,909653
8,3161,-788,2403,-2031,-3310,2432,-4609,-1994,-445,2739,2776,-9302,-1419,-14090,-1686,-2185,2234,-490,-327,-38,-24,8083,-158,-1211,0.327468216,2,0.654936433,781369
8,1737,-1802,2431,-2628,-3547,1022,-4731,-260,-371,3318,3155,-9488,-2197,-13847,-461,-1230,2387,-210,-355,65,-76,8135,-89,-997,0.312805474,2,0.625610948,746382
8,760,-2854,2577,-3110,-4482,-441,-5064,1277,-741,2419,4701,-9401,-2913,-12895,439,-105,2242,239,-378,140,-56,7840,-7,-915,0.381231666,2,0.762463331,909653
8,-159,-4398,2715,-2924,-5748,-2523,-5685,2992,-1463,795,4346,-10677,-3597,-10670,1609,-968,2065,1141,-473,49,20,7571,84,-994,0.317693055,2,0.635386109,758044
8,-814,-4959,2513,-2789,-6062,-3991,-5755,3727,-1726,326,3116,-10664,-4398,-7963,2175,-861,3332,2316,-521,-11,88,7685,12,-1180,0.317693055,2,0.635386109,758044
8,-1701,-5425,2408,-3731,-5607,-5732,-5460,3866,-1847,169,3656,-9749,-5221,-4054,3182,-1498,3832,2585,-541,-3,95,7799,8,-1173,0.386119246,2,0.772238493,921316
8,-2351,-6120,2242,-4849,-5346,-6498,-5306,3646,-1978,-77,4951,-9446,-5405,-1105,3965,-3606,4106,2992,-545,3,90,7813,101,-1120,0.317693055,2,0.635386109,758044
8,-2607,-6965,2189,-4068,-5616,-8345,-5001,3294,-1830,-330,3970,-10195,-5900,1138,4459,-5343,4586,952,-587,3,101,7826,284,-1098,0.327468216,2,0.654936433,781369
8,-2941,-6932,2293,-2826,-5130,-9346,-4392,2928,-1315,325,2756,-10286,-5571,2838,4236,-5372,4489,-1204,-619,14,126,7773,273,-1150,0.395894438,2,0.791788876,944640
8,-3449,-6485,2293,-2540,-5106,-9946,-3658,2503,-856,1133,3388,-9932,-4592,4986,3846,-5667,5726,-3170,-599,27,122,7658,184,-1345,0.337243408,2,0.674486816,804693
8,-3642,-6069,1987,-2632,-5261,-10236,-2851,2291,-678,1187,5578,-9376,-4812,5624,3142,-6379,7767,-5042,-653,8,123,7689,172,-1405,0.337243408,2,0.674486816,804693
8,-3671,-4861,1457,-1562,-5164,-11344,-2415,2145,-523,1159,5664,-9699,-4651,5907,2701,-6152,8082,-7531,-670,-3,138,7762,118,-1427,0.327468216,2,0.654936433,781369
8,-3734,-3375,1440,-3502,-4029,-12231,-1904,2027,74,1383,4318,-9469,-4311,6434,2111,-7052,7669,-9442,-642,9,130,7670,51,-1332,0.312805474,2,0.625610948,746382
8,-3542,-3266,1566,-4510,-4009,-12070,-1465,1578,216,2190,4626,-9071,-3038,6197,2220,-6554,6958,-11068,-608,-20,128,7591,-17,-1408,0.317693055,2,0.635386109,758044
8,-3337,-3183,1410,-3976,-4230,-11545,-869,1512,496,2715,5827,-9012,-2172,5892,2406,-6484,7051,-9249,-570,-64,135,7636,-70,-1538,0.322580636,2,0.645161271,769707
8,-2976,-2033,1052,-3650,-4020,-11620,-295,1769,779,2752,6025,-9309,-2190,6110,2619,-5388,7308,-9348,-503,-97,103,7748,-105,-1479,0.317693055,2,0.635386109,758044
8,-2990,-1354,1144,-4274,-3942,-11832,343,2237,1164,2327,5698,-9121,-1107,6612,2745,-5318,6664,-9706,-384,-83,81,7772,-157,-1379,0.317693055,2,0.635386109,758044
8,-2947,-872,1311,-3576,-4305,-11632,737,2341,1395,1745,5488,-9023,-363,6788,2578,-4204,7471,-10440,-256,-75,59,7698,-230,-1422,0.322580636,2,0.645161271,769707
8,-2693,-343,1219,-3865,-4440,-11245,1248,1732,1704,698,5382,-8816,-604,6566,2407,-4511,7966,-10029,-194,-68,59,7681,-178,-1556,0.322580636,2,0.645161271,769707
8,-2452,-157,990,-4649,-4175,-10901,1683,1041,1896,583,4968,-8806,-753,6353,2725,-4053,8008,-9784,-160,-97,56,7723,-157,-1596,0.312805474,2,0.625610948,746382
8,-2277,142,757,-4682,-4151,-10943,2422,354,2248,1143,3891,-8875,-811,5987,2839,-3531,8074,-9228,-105,-90,54,7770,-160,-1500,0.317693055,2,0.635386109,758044
8,-2224,495,621,-4282,-3726,-11431,3137,252,2491,1861,3052,-9391,-159,7346,3203,-275,6850,-8812,1,-40,33,7752,-113,-1480,0.317693055,2,0.635386109,758044
8,-2244,1453,177,-4304,-4156,-10920,4146,67,2792,2290,3268,-10056,955,7507,3652,-1787,7536,-9287,33,-41,17,7632,-66,-1499,0.332355827,2,0.664711654,793031
8,-2298,2185,-18,-4912,-4451,-10075,4747,-220,2856,2120,4472,-10247,1934,7229,4141,-1159,7735,-10009,38,-70,-2,7621,66,-1486,0.317693055,2,0.635386109,758044
8,-2165,2996,-27,-5340,-4951,-9670,4992,-450,2775,1627,5639,-9995,2515,6851,4901,-1258,8054,-9645,5,-118,11,7629,162,-1401,0.317693055,2,0.635386109,758044
8,-1957,3396,-64,-5845,-5542,-9406,4940,-371,2575,1393,5661,-9777,2937,6602,5525,-351,8508,-8547,44,-128,19,7677,184,-1345,0.371456504,2,0.742913008,886329
8,-1861,3847,-224,-6434,-5948,-8534,4845,-149,2208,1056,4973,-9150,3422,6373,5728,211,9042,-6898,74,-128,23,7687,155,-1323,0.312805474,2,0.625610948,746382
8,-1974,4176,-567,-7133,-5555,-7522,4851,162,1891,885,4549,-8597,4033,6498,5778,1941,10991,-6347,178,-136,16,7764,19,-1450,0.312805474,2,0.625610948,746382
8,-1973,3902,-932,-6554,-4953,-5458,4826,631,1468,1038,4366,-7651,3631,6930,5561,2366,11966,-5857,315,-125,-7,7766,-127,-1424,0.317693055,2,0.635386109,758044
8,-1801,3445,-1445,-6649,-4016,-4567,4766,839,1281,1409,4438,-6553,2914,5958,4724,395,11346,-4836,392,-81,-35,7718,-222,-1390,0.317693055,2,0.635386109,758044
8,-1376,2479,-2044,-6801,-3534,-5312,4284,1029,1049,1547,4264,-5227,2011,3095,4541,1543,7797,-7537,488,-36,-39,7690,-432,-1463,0.317693055,2,0.635386109,758044
8,-582,2282,-1780,-4013,-3134,-6250,3689,935,915,1228,3978,-4240,2112,1442,4064,2848,6148,-8259,593,-32,-54,7760,-598,-1526,0.322580636,2,0.645161271,769707
8,633,3186,-1727,-2153,-2242,-6428,3111,223,758,488,3453,-3526,2918,-364,3521,3237,5071,-8833,580,-21,-73,7845,-633,-1548,0.317693055,2,0.635386109,758044
8,1335,3736,-1940,-1929,-1719,-6440,2840,-673,678,372,2982,-3486,3804,-1757,2509,3339,4589,-7491,501,5,-67,7779,-547,-1473,0.317693055,2,0.635386109,758044
8,2149,4186,-2049,-1775,-1402,-6562,2549,-1515,631,392,2353,-3483,3809,-3406,1675,3830,4313,-7373,447,20,-48,7780,-460,-1602,0.381231666,2,0.762463331,909653
8,2908,4419,-2046,-1522,-1461,-6315,2109,-2568,616,141,1941,-3646,3948,-4357,1084,4140,2073,-7474,316,58,-35,7822,-383,-1608,0.317693055,2,0.635386109,758044
8,3607,4636,-1940,-547,-1379,-5626,1724,-3317,598,-111,2041,-3937,3253,-5580,842,3289,3232,-6853,195,80,-38,7788,-241,-1531,0.317693055,2,0.635386109,758044
8,4524,4961,-1671,-48,-1191,-4373,1114,-4306,473,-371,2192,-4247,2722,-6840,88,2193,2567,-6009,127,114,-38,7779,-222,-1537,0.327468216,2,0.654936433,781369
8,4971,4898,-1418,-170,-1076,-3613,665,-4880,297,-394,2055,-4778,4118,-7114,-1051,3212,1816,-6031,106,131,-36,7676,-273,-1464,0.322580636,2,0.645161271,769707
8,5304,4158,-899,-338,-1399,-2462,-19,-5414,152,33,2216,-5215,3496,-8184,-1522,2697,-413,-4910,105,120,-39,7696,-292,-1379,0.332355827,2,0.664711654,793031
8,5482,4062,-483,253,-1691,-2228,-643,-5438,-11,347,2487,-5474,2824,-8959,-1942,1269,1552,-4536,93,110,-54,7697,-285,-1338,0.332355827,2,0.664711654,793031
8,5734,3478,128,862,-1663,-1724,-1621,-5103,-191,330,3460,-5559,1963,-9733,-2172,236,1686,-3824,88,68,-61,7655,-224,-1312,0.322580636,2,0.645161271,769707
8,5694,3072,566,763,-2092,-1153,-2481,-4793,-328,480,3733,-5919,1635,-9991,-2569,-631,1950,-3972,95,29,-69,7691,-270,-1277,0.317693055,2,0.635386109,758044
8,5449,2276,903,678,-2777,-236,-3405,-4110,-493,652,3543,-6443,1137,-10627,-3242,-1513,1872,-3636,68,13,-70,7719,-195,-1267,0.322580636,2,0.645161271,769707
8,5013,1609,1025,68,-3388,712,-3913,-3546,-528,861,3852,-6707,1043,-11439,-3752,-2782,2100,-2564,66,4,-65,7717,-151,-1294,0.322580636,2,0.645161271,769707
8,4223,921,1189,-628,-3480,1933,-4530,-2440,-644,1188,4428,-7479,556,-12317,-3779,-3674,2200,-1568,27,18,-32,7778,-122,-1343,0.317693055,2,0.635386109,758044
8,3416,648,1375,-1311,-4091,2977,-4901,-1322,-740,1839,3731,-8753,447,-12937,-3310,-3614,1657,494,-67,89,-22,7822,-61,-1312,0.391006857,2,0.782013714,932978
8,2097,179,1316,-2069,-4851,2303,-4956,727,-959,2339,2098,-10041,1374,-13183,-1764,-2929,2790,311,-160,75,-18,7710,8,-1241,0.317693055,2,0.635386109,758044
8,916,-415,1626,-1853,-5000,791,-4933,1988,-1186,2007,3032,-9766,-193,-12533,29,-3162,2798,-95,-292,49,9,7663,95,-1156,0.317693055,2,0.635386109,758044
8,-211,-2351,2096,-2562,-5403,-1770,-5247,3084,-1784,580,4958,-9381,-2350,-10802,1664,-3004,2352,-776,-403,26,53,7680,104,-1101,0.317693055,2,0.635386109,758044
8,-814,-4159,2158,-3061,-6031,-3612,-5606,3655,-2243,-238,4169,-9860,-4792,-10693,2911,-3516,1963,-1958,-434,33,93,7791,73,-1207,0.317693055,2,0.635386109,758044
8,-1525,-5953,2078,-3505,-6032,-5131,-5399,3831,-2379,-213,2437,-9971,-5639,-9550,3839,-3808,1260,-2392,-417,13,92,7755,-72,-1334,0.317693055,2,0.635386109,758044
8,-2267,-6749,1913,-3390,-5710,-5635,-4890,3678,-2366,-156,2886,-9677,-4437,-7806,4425,-4567,2003,-1290,-407,25,76,7756,-251,-1296,0.317693055,2,0.635386109,758044
8,-2716,-6722,2266,-2727,-6474,-7540,-4454,3449,-2410,-447,4528,-9172,-3811,-6717,4764,-3736,2156,1929,-399,52,83,7815,-331,-1239,0.317693055,2,0.635386109,758044
8,-2477,-6690,2006,-1872,-5782,-9770,-4366,3166,-2383,-442,4668,-8872,-3875,-1726,4841,-2110,3456,3908,-408,47,82,7747,-323,-1061,0.307917893,2,0.615835786,734720
8,-2695,-6417,1970,-1414,-4699,-9804,-4179,2829,-2126,68,4458,-8515,-3261,2673,4284,-5269,4487,2065,-346,18,76,7713,-305,-1008,0.317693055,2,0.635386109,758044
8,-3008,-5722,2047,-2088,-4849,-8943,-3463,2136,-1742,920,4970,-8274,-4206,3587,3677,-8222,5415,-2606,-252,8,62,7750,-247,-1088,0.317693055,2,0.635386109,758044
8,-3083,-5023,1865,-1884,-4743,-8302,-2896,1675,-1561,1153,5268,-8631,-3483,2692,2660,-6457,5405,-3685,-268,24,83,7895,-130,-1261,0.332355827,2,0.664711654,793031
8,-3117,-3796,1498,-4396,-2907,-10432,-2231,1360,-1102,2075,4566,-9315,-3238,3743,2727,-5330,6680,-3188,-243,83,99,7923,-73,-1392,0.317693055,2,0.635386109,758044
8,-3281,-3920,1553,-4157,-2799,-12140,-1951,1192,-716,2833,3504,-9143,-3325,6189,2380,-6149,7233,-4591,-300,124,95,7893,-46,-1182,0.322580636,2,0.645161271,769707
8,-3492,-3703,1326,-3314,-3068,-12575,-1000,1487,-73,3270,5197,-8456,-3567,6576,2131,-7847,6338,-7477,-354,139,75,7824,-48,-1174,0.356793731,2,0.713587463,851342
8,-3220,-3233,1123,-3372,-3398,-12522,-818,1607,299,2924,6454,-8598,-3111,6583,2429,-7496,6243,-9412,-400,144,90,7711,1,-1210,0.322580636,2,0.645161271,769707
8,-2888,-2615,1295,-3618,-3429,-12233,-435,1790,682,2408,6835,-8608,-1760,6872,1878,-8510,6666,-9371,-458,120,132,7630,42,-1201,0.317693055,2,0.635386109,758044
8,-2697,-2303,1467,-4290,-3206,-11876,-111,1756,1056,2098,6693,-8179,-2443,6483,2486,-6787,6889,-9068,-469,89,171,7680,-14,-1246,0.371456504,2,0.742913008,886329
8,-2220,-2135,1593,-4162,-3865,-11529,-9,1566,1573,1668,6372,-7562,-2313,6671,3032,-7402,6112,-10232,-409,80,154,7748,-71,-1256,0.317693055,2,0.635386109,758044
8,-1884,-1808,1785,-3623,-3660,-11199,144,1220,1776,1173,5910,-7362,-2234,6127,3378,-6316,6601,-8862,-338,85,126,7757,-158,-1261,0.322580636,2,0.645161271,769707
8,-1346,-1355,1904,-3305,-3955,-11217,558,700,1978,551,5349,-7184,-2500,6539,3616,-5457,6915,-9296,-318,58,132,7751,-154,-1220,0.381231666,2,0.762463331,909653
8,-998,-1130,1994,-3559,-4061,-10998,917,153,2189,233,5182,-7156,-2323,6741,3807,-5431,6656,-8970,-273,41,127,7724,-181,-1216,0.327468216,2,0.654936433,781369
8,-450,-1079,1994,-4287,-4175,-10666,1472,-838,2519,-105,4800,-7459,-1675,6453,3871,-4733,7080,-9218,-183,34,125,7657,-253,-1319,0.322580636,2,0.645161271,769707
8,-24,-880,1916,-4664,-4378,-10384,1987,-1702,2742,-214,4598,-7763,-1124,6336,4087,-4499,7423,-8806,-119,-3,114,7649,-345,-1397,0.391006857,2,0.782013714,932978
8,501,-334,1593,-5289,-4848,-10254,2580,-2642,2877,-342,4556,-8067,-410,6026,4533,-3089,8060,-8574,14,-7,84,7701,-372,-1460,0.327468216,2,0.654936433,781369
8,878,372,1481,-5574,-4876,-10166,2864,-3141,2884,-223,4395,-8334,312,5993,4923,-1835,9085,-8045,78,6,62,7718,-357,-1411,0.322580636,2,0.645161271,769707
8,1207,1284,1150,-6202,-5093,-9854,3265,-3388,2797,36,4048,-8467,1167,6748,5438,-62,9667,-7451,140,27,41,7701,-296,-1388,0.317693055,2,0.635386109,758044
8,1629,2588,622,-6816,-5338,-8247,3623,-3571,2604,-5,4181,-8609,2807,8201,5883,831,10432,-7684,164,47,-8,7668,-139,-1287,0.322580636,2,0.645161271,769707
8,1593,3496,202,-7637,-4883,-6241,3909,-3511,2168,93,4300,-8885,2818,8220,6246,2,12543,-6354,264,-14,-42,7613,-60,-1361,0.327468216,2,0.654936433,781369
8,1523,3098,-195,-9406,-4673,-4718,3900,-3128,1841,593,4133,-8722,1858,7225,7347,-257,11447,-5037,356,-48,-44,7711,-139,-1374,0.327468216,2,0.654936433,781369
8,1413,2060,-223,-8905,-4331,-3611,3789,-2523,1507,1047,4064,-8197,1629,6145,7972,-680,10425,-2507,435,-62,-74,7819,-342,-1292,0.337243408,2,0.674486816,804693
8,1088,1256,-157,-6571,-3597,-1735,3545,-1717,1103,1392,4281,-7640,1477,4382,6393,906,10328,-1294,492,-46,-124,7846,-501,-1252,0.317693055,2,0.635386109,758044
8,986,1159,-430,-6084,-2439,-137,3425,-1198,864,1747,4374,-7234,1729,3142,4496,-591,11838,-1876,485,-36,-159,7697,-598,-1192,0.322580636,2,0.645161271,769707
8,611,1575,-1296,-5825,-2527,-1299,3177,-546,764,2380,4576,-6301,2235,1299,3374,-701,9117,-3147,441,-72,-154,7647,-567,-1131,0.317693055,2,0.635386109,758044
8,581,2224,-1789,-5212,-2500,-2968,2712,45,719,2422,4525,-5528,2517,-1276,2614,949,6930,-5025,385,-61,-143,7711,-463,-1023,0.322580636,2,0.645161271,769707
8,814,3536,-2339,-4176,-2933,-4885,2005,923,607,1596,3821,-4943,3295,-3305,2149,2458,5289,-6460,345,-37,-150,7796,-459,-989,0.327468216,2,0.654936433,781369
8,1250,4389,-2655,-3214,-3006,-5672,1678,968,547,557,3610,-4817,4276,-4387,1709,3603,4945,-6783,393,-49,-158,7774,-408,-1034,0.312805474,2,0.625610948,746382
8,1964,5007,-2836,-1808,-2704,-5686,1476,312,438,-604,3244,-4987,3741,-5314,1228,3374,7232,-6816,413,-53,-135,7838,-366,-1040,0.317693055,2,0.635386109,758044
8,2425,5385,-2875,-1896,-2874,-4839,1410,-631,473,-1074,3256,-5041,3836,-5516,124,3071,6044,-6399,389,24,-97,7961,-364,-1028,0.317693055,2,0.635386109,758044
8,2973,5290,-2776,-2091,-2495,-4370,1322,-2005,655,-799,3436,-5131,3533,-6386,-881,2356,5039,-6286,354,93,-93,7991,-306,-950,0.317693055,2,0.635386109,758044
8,3216,5025,-2436,-1858,-2762,-4123,1037,-2738,719,-413,3170,-5319,3089,-7581,-1975,1163,4307,-5975,372,111,-106,7848,-330,-1036,0.312805474,2,0.625610948,746382
8,3669,4098,-2020,-922,-2698,-3329,533,-3404,638,-105,3087,-5378,3824,-8430,-2824,-124,6427,-5387,307,121,-107,7792,-264,-959,0.317693055,2,0.635386109,758044
8,3952,3886,-1442,-419,-2820,-2444,105,-3782,430,125,3700,-5462,3532,-9890,-3482,-548,3908,-5531,273,147,-88,7850,-270,-1027,0.317693055,2,0.635386109,758044
8,3933,3735,-975,-390,-2834,-1079,-564,-3860,49,759,4480,-5980,2436,-11359,-3645,-1844,3949,-4886,180,197,-52,7756,-328,-1065,0.356793731,2,0.713587463,851342
8,3635,3313,-777,-1333,-2957,306,-1124,-3479,-99,1508,4299,-6533,1869,-12279,-3492,-2497,3021,-4130,126,145,-26,7630,-385,-999,0.317693055,2,0.635386109,758044
8,3188,2553,-488,-949,-3191,1089,-1937,-2422,-234,2004,3930,-6629,1488,-13232,-3177,-3029,2449,-3029,49,48,-36,7641,-304,-1060,0.322580636,2,0.645161271,769707
8,2374,1351,-42,-935,-3760,2162,-2548,-1298,-417,2026,4098,-6912,1199,-13149,-2466,-2925,2535,-1767,56,57,-39,7734,-201,-1099,0.371456504,2,0.742913008,886329
8,1584,512,342,-453,-4115,2445,-3142,698,-781,1842,3428,-8017,727,-12595,-1505,-1556,2950,-629,12,79,-29,7813,-43,-1037,0.322580636,2,0.645161271,769707
8,482,-285,447,-438,-4514,1120,-3487,2031,-990,1465,3354,-8195,-878,-11514,-661,-1570,2319,721,-78,78,-44,7779,-1,-1033,0.317693055,2,0.635386109,758044
8,-71,-1092,636,-1003,-4657,-558,-3992,3348,-1414,37,3823,-8001,-3098,-10183,-387,-891,2262,1985,-175,17,-60,7740,2,-991,0.327468216,2,0.654936433,781369
8,-837,-2466,1107,-1602,-5254,-1588,-4256,3804,-1773,-1029,3633,-8249,-3787,-8166,-26,-1543,2115,627,-300,-6,-37,7781,-105,-1003,0.327468216,2,0.654936433,781369
8,-1353,-3224,1251,-2301,-5320,-3159,-4154,3894,-2034,-1177,1847,-9042,-3624,-6430,260,-2157,2884,-280,-402,1,-7,7860,-166,-971,0.322580636,2,0.645161271,769707
8,-1967,-3986,934,-3463,-5053,-5514,-3702,3670,-2003,-598,1434,-8882,-3528,-4891,861,-2070,4123,-331,-488,7,-4,7780,-226,-959,0.317693055,2,0.635386109,758044
8,-2388,-4409,943,-3851,-5440,-6092,-3047,3179,-1897,-67,3246,-8420,-3900,-2599,1453,-3603,5640,853,-536,-5,-7,7719,-244,-928,0.332355827,2,0.664711654,793031
8,-2744,-5204,749,-3887,-5587,-7055,-2831,2892,-1976,44,4746,-8322,-4790,-497,1994,-4958,5291,-530,-558,-22,5,7784,-201,-908,0.317693055,2,0.635386109,758044
8,-2762,-5429,655,-2987,-5158,-8650,-2632,2707,-2034,319,4378,-8797,-4950,890,1902,-5405,4211,-1638,-533,-11,42,7777,-169,-865,0.391006857,2,0.782013714,932978
8,-2935,-4940,766,-2054,-4578,-9003,-2256,2441,-1700,1556,3854,-8839,-3942,3062,1570,-6184,4166,-3077,-502,-31,45,7721,-107,-799,0.322580636,2,0.645161271,769707
8,-3130,-4430,802,-2257,-4309,-8897,-1909,2286,-1527,2166,4535,-8734,-3556,2838,1318,-7480,4476,-5051,-438,-43,27,7759,-87,-790,0.317693055,2,0.635386109,758044
8,-3200,-3936,630,-2361,-3476,-9404,-1559,2158,-1274,2445,5535,-9018,-2706,2542,1354,-6058,4644,-6423,-379,-80,24,7802,-49,-896,0.337243408,2,0.674486816,804693
8,-3238,-3272,467,-1451,-3353,-10155,-1407,2331,-965,2902,4933,-9210,-2287,2847,1116,-5903,4933,-5464,-387,-101,37,7827,-65,-942,0.322580636,2,0.645161271,769707
8,-3246,-2054,547,-2844,-2517,-11944,-1023,2441,-399,3216,4870,-8889,-2388,4451,703,-5763,4698,-6180,-356,-90,43,7873,-161,-991,0.322580636,2,0.645161271,769707
8,-3316,-2024,708,-3264,-2614,-11860,-823,2375,-55,3043,5157,-8720,-2036,5540,966,-5705,4065,-6992,-291,-41,46,7864,-224,-1065,0.322580636,2,0.645161271,769707
8,-3226,-1849,809,-2686,-2710,-11662,-164,2216,453,3072,5402,-9204,-1805,6031,1451,-5099,4607,-7959,-200,-26,45,7795,-265,-1229,0.317693055,2,0.635386109,758044
8,-3196,-1445,984,-2636,-2764,-11931,340,2086,894,3050,5313,-9325,-919,6878,1531,-5201,4679,-8843,-169,19,39,7811,-187,-1212,0.317693055,2,0.635386109,758044
8,-3241,-995,1134,-2699,-2794,-12266,948,1917,1410,2892,5083,-9171,-314,7102,983,-5370,5818,-9747,-116,33,34,7766,-84,-1075,0.322580636,2,0.645161271,769707
8,-3173,-323,1268,-2818,-3601,-12577,1357,1684,1749,2322,5207,-8944,-485,7471,1311,-4598,5520,-11054,-83,32,32,7761,-16,-1032,0.322580636,2,0.645161271,769707
8,-2891,117,1223,-2993,-3636,-12656,1743,1007,2064,1552,5321,-8624,-498,7455,1038,-4685,7086,-11110,-19,28,22,7750,-18,-1070,0.317693055,2,0.635386109,758044
8,-2626,89,1229,-3944,-3633,-12783,1938,300,2248,1306,4885,-8365,-1712,7756,1824,-3710,7390,-11790,40,24,11,7764,-126,-1156,0.317693055,2,0.635386109,758044
8,-2245,-218,1196,-4543,-3958,-12694,2383,-438,2510,1516,4142,-8190,-2521,8207,2146,-4093,8171,-12042,107,7,12,7736,-245,-1185,0.312805474,2,0.625610948,746382
8,-1614,-562,1094,-5126,-4091,-12248,2837,-876,2712,1329,4170,-8076,-2865,7887,2747,-3806,7300,-13233,127,-15,17,7709,-256,-1174,0.312805474,2,0.625610948,746382
8,-959,-435,965,-5270,-4598,-11535,3174,-1488,2879,893,4387,-7687,-1100,7016,3795,-3922,7212,-13550,144,-12,12,7757,-287,-1220,0.307917893,2,0.615835786,734720
8,150,469,974,-4535,-5162,-9951,3322,-1739,2841,680,4584,-7347,851,6042,4393,-3904,7751,-12367,136,7,11,7820,-158,-1118,0.317693055,2,0.635386109,758044
8,853,1584,852,-4424,-5148,-8825,3303,-2110,2656,143,4173,-7154,1604,5167,4439,-4274,8527,-10669,182,-1,1,7787,-83,-1141,0.317693055,2,0.635386109,758044
8,1504,2842,411,-5089,-5295,-7626,3240,-2361,2469,-183,3785,-7001,2493,6475,5053,-1167,8959,-7861,249,6,-6,7815,-37,-1162,0.312805474,2,0.625610948,746382
8,1847,3450,-39,-5559,-5180,-6935,3040,-2434,2078,-546,3103,-6606,2559,5068,5783,-1104,8592,-5356,303,13,-25,7715,-73,-1216,0.317693055,2,0.635386109,758044
8,2079,3763,-647,-6150,-4682,-4555,2925,-2422,1658,-772,2696,-6480,3088,4874,5966,9,8952,-3693,343,9,-58,7742,-136,-1285,0.317693055,2,0.635386109,758044
8,2019,3353,-996,-5942,-4377,-3069,2874,-2459,1172,-598,2364,-6567,2590,3944,4890,-407,10670,-3233,347,22,-72,7790,-193,-1288,0.322580636,2,0.645161271,769707
8,2000,2413,-1393,-5335,-3757,-1658,2926,-2544,642,90,2336,-6275,2355,3400,3748,-1191,9632,-3142,385,16,-71,7791,-246,-1323,0.322580636,2,0.645161271,769707
8,1989,1938,-1716,-4603,-3393,-1837,2784,-2562,379,601,3241,-5793,2441,1287,3209,-3377,7051,-4117,442,49,-89,7743,-348,-1325,0.366568923,2,0.733137846,874667
8,2159,2323,-1947,-3028,-3049,-2430,2206,-2330,92,1102,4289,-5321,2357,-2367,2124,-2089,5817,-6224,484,27,-118,7677,-324,-1264,0.322580636,2,0.645161271,769707
8,2495,3196,-1852,-1677,-2860,-3060,1551,-2176,-43,1159,4650,-5107,3234,-4053,534,-714,5314,-6464,488,0,-147,7736,-238,-1268,0.322580636,2,0.645161271,769707
8,3030,4041,-1816,-2248,-2791,-4022,626,-2052,-154,973,4543,-4944,4512,-5362,-886,982,1912,-7115,463,25,-164,7777,-151,-1118,0.361681342,2,0.723362684,863004
8,3328,4176,-1761,-944,-2780,-4596,-37,-1953,-252,753,4003,-5006,5055,-6963,-1045,953,2622,-7938,468,42,-176,7797,-192,-929,0.322580636,2,0.645161271,769707
8,3780,4709,-1589,-324,-2650,-4611,-747,-1999,-345,602,3480,-5235,5099,-8548,-1153,355,3344,-8262,435,85,-157,7758,-286,-869,0.327468216,2,0.654936433,781369
8,4241,5045,-1240,-96,-2805,-3757,-1233,-2098,-423,344,3761,-5216,4599,-9642,-1765,99,3583,-7889,455,24,-139,7666,-387,-905,0.386119246,2,0.772238493,921316
8,4434,4741,-960,-438,-2873,-3175,-1808,-2289,-644,50,3449,-5746,3856,-10780,-1988,-860,3261,-6357,403,60,-112,7956,-401,-837,0.327468216,2,0.654936433,781369
8,4260,3609,-584,-651,-2974,-1827,-2087,-2316,-786,263,2787,-6371,3218,-11755,-2060,-1743,3347,-5364,379,172,-89,8058,-447,-905,0.327468216,2,0.654936433,781369
8,3923,2740,-189,-583,-2968,-333,-2159,-2303,-812,1028,2093,-7156,2020,-12372,-1872,-2300,3349,-3676,268,155,-85,7868,-442,-845,0.386119246,2,0.772238493,921316
8,3029,1504,137,-937,-3034,1006,-2059,-1971,-790,1651,2545,-7497,860,-13184,-1268,-2521,3552,-2358,182,96,-104,7775,-446,-778,0.317693055,2,0.635386109,758044
8,2255,623,379,-942,-4002,1110,-2339,-1149,-913,1930,4265,-7503,-311,-12810,-306,-1772,2520,-2660,82,72,-146,7745,-223,-701,0.322580636,2,0.645161271,769707
8,1437,-645,719,-1358,-4159,-365,-2928,-204,-1279,1757,4555,-7756,-1974,-12668,388,-1269,2837,-2415,-99,23,-147,7691,0,-662,0.386119246,2,0.772238493,921316
8,1009,-1638,853,-1758,-4503,-1847,-3579,1275,-1763,1382,2926,-8077,-2977,-11371,823,-90,2247,-1216,-155,-34,-108,7614,165,-686,0.322580636,2,0.645161271,769707
8,453,-2572,1074,-2030,-4543,-2888,-3802,2079,-1893,983,2790,-7732,-3781,-9951,1119,-345,2528,-1460,-194,-70,-74,7747,176,-724,0.312805474,2,0.625610948,746382
8,-125,-3214,1156,-2681,-4880,-3787,-4020,2760,-2205,169,4243,-7039,-3897,-8327,1776,-640,2642,-208,-302,-49,-37,7849,89,-747,0.381231666,2,0.762463331,909653
8,-476,-4551,849,-2716,-4976,-4308,-4198,2915,-2486,-327,4633,-7408,-3542,-6014,2290,-782,2459,3413,-378,-38,-7,7951,-8,-819,0.317693055,2,0.635386109,758044
8,-871,-4827,936,-2400,-4791,-5123,-3943,2655,-2236,-295,3412,-8448,-4595,-2251,2616,-1612,4036,4588,-491,-1,19,7986,-110,-838,0.317693055,2,0.635386109,758044
8,-1393,-4960,1246,-2846,-4444,-6907,-3449,2375,-1838,477,2882,-8619,-4587,327,2249,-2466,2921,2774,-568,53,20,7826,-172,-754,0.342130989,2,0.684261978,816356
8,-1887,-5316,1343,-2543,-4427,-7253,-3005,2145,-1524,1044,3619,-8684,-3941,2759,2455,-4572,3720,934,-578,40,9,7753,-181,-723,0.312805474,2,0.625610948,746382
8,-2384,-5399,1217,-1834,-4621,-7025,-2534,1778,-1381,995,5087,-9081,-4026,4148,2279,-4393,5169,-575,-533,12,9,7806,-149,-729,0.317693055,2,0.635386109,758044
8,-2763,-5054,1285,-1518,-4558,-7838,-2234,1518,-1252,1100,4907,-9923,-4645,5496,1784,-4871,5418,-1831,-457,-19,15,7786,-77,-729,0.337243408,2,0.674486816,804693
8,-3028,-4662,1382,-1619,-4555,-9281,-1799,1507,-796,1939,4411,-10132,-5132,6851,876,-5152,5905,-3246,-397,-59,8,7736,-96,-800,0.317693055,2,0.635386109,758044
8,-3402,-3797,1192,-1240,-4608,-10098,-1374,1577,-552,2359,4735,-10049,-4824,7610,1092,-4535,5750,-6692,-358,-79,-22,7789,-55,-929,0.312805474,2,0.625610948,746382
8,-3850,-2998,1126,-2818,-3953,-10332,-800,1936,-241,2343,5492,-10109,-2934,8122,859,-6344,5568,-9030,-370,-84,-35,7806,94,-985,0.322580636,2,0.645161271,769707
8,-4115,-2411,974,-3070,-4050,-10263,-467,2252,99,2707,5477,-10244,-2202,6680,142,-6561,7284,-10545,-359,-78,-19,7838,147,-948,0.312805474,2,0.625610948,746382
8,-4034,-1628,863,-3491,-3225,-10724,37,2596,616,3132,4698,-9850,-1359,5646,-149,-5765,6997,-10884,-276,-45,-30,7861,146,-899,0.307917893,2,0.615835786,734720
8,-4070,-1301,810,-5205,-2712,-11598,510,2865,966,3291,4732,-9480,-1136,5487,14,-5238,7013,-8984,-217,-28,-39,7718,188,-890,0.327468216,2,0.654936433,781369
8,-4061,-1572,762,-5111,-2742,-11834,955,2985,1296,2954,5235,-9150,-2039,5940,944,-3506,6974,-9519,-149,-85,-22,7690,165,-1024,0.322580636,2,0.645161271,769707
8,-3916,-1412,771,-3708,-2917,-11665,1366,2964,1558,2382,5536,-9035,-1450,7367,1077,-4222,6418,-9207,-177,-84,21,7759,124,-986,0.327468216,2,0.654936433,781369
8,-3800,-670,803,-3505,-3051,-11696,1865,2490,1909,1823,5319,-9139,-1662,7454,1796,-3504,6811,-9837,-210,-45,10,7837,131,-946,0.327468216,2,0.654936433,781369
8,-3607,141,735,-3982,-3263,-11998,2164,1813,2165,1675,5091,-9108,-1741,7243,2120,-4359,7033,-11668,-124,-52,-4,7820,159,-999,0.322580636,2,0.645161271,769707
8,-3287,-133,768,-4975,-3636,-12513,2444,836,2479,1285,5101,-8619,-2105,6579,2598,-3687,7817,-12178,-46,-43,16,7827,102,-973,0.322580636,2,0.645161271,769707
8,-2617,-991,913,-4734,-4132,-13000,2574,296,2694,1001,4496,-8129,-2322,6471,3272,-3112,7587,-12193,71,8,26,7869,55,-1008,0.317693055,2,0.635386109,758044
8,-2085,-1036,1116,-4236,-4465,-12531,3131,-182,2972,977,4015,-8102,-2086,6164,3693,-2589,8054,-12076,130,37,11,7806,9,-993,0.386119246,2,0.772238493,921316
8,-1313,-486,1117,-4861,-4841,-11767,3560,-642,3084,957,4017,-8191,-1552,5747,4134,-2672,9402,-11392,211,43,7,7770,-11,-1001,0.322580636,2,0.645161271,769707
8,-595,18,1007,-6237,-5299,-11320,3838,-1321,3023,416,4409,-7781,-1363,5239,4434,-2928,10006,-11032,277,24,2,7752,-45,-1017,0.322580636,2,0.645161271,769707
8,465,171,879,-6030,-5986,-11283,3809,-1493,2857,-215,4360,-7222,-892,5343,5337,-898,10450,-12307,354,6,-1,7773,-139,-1076,0.327468216,2,0.654936433,781369
8,1445,782,635,-5673,-6493,-11713,3560,-1907,2645,-1464,3480,-6486,57,6287,6170,1780,9994,-9990,443,19,-5,7839,-148,-1156,0.337243408,2,0.674486816,804693
8,2739,2311,-199,-6567,-5912,-9470,3439,-2602,2390,-2422,2693,-5951,1840,7190,7376,186,10464,-7929,478,19,-19,7790,-112,-1149,0.317693055,2,0.635386109,758044
8,3366,3134,-1042,-7616,-5263,-6065,3536,-3641,1626,-3046,1428,-5924,2576,5816,7624,1077,11014,-5318,555,56,-41,7844,-84,-1154,0.322580636,2,0.645161271,769707
8,3825,3235,-1541,-7701,-3532,-2707,3759,-4373,974,-2685,1044,-6098,2981,3081,7068,-2188,10162,-3725,673,72,-99,7741,-128,-1229,0.322580636,2,0.645161271,769707
8,3921,3201,-2326,-5743,-3193,-71,3849,-5047,396,-1924,1239,-6154,3237,388,6504,-1177,8853,-2502,782,58,-133,7670,-118,-1139,0.317693055,2,0.635386109,758044
8,4087,3631,-2805,-4280,-2519,851,3638,-5553,-223,-613,2221,-6111,3724,-1201,5924,-1628,6934,-2237,803,10,-156,7612,-112,-1039,0.317693055,2,0.635386109,758044
8,4268,4686,-3283,-2657,-1763,367,3104,-5582,-566,315,3057,-5913,4559,-3029,3626,-989,6936,-1852,800,-35,-163,7650,-119,-982,0.376344085,2,0.752688169,897991
8,4412,5118,-3721,-2148,-1414,-270,2058,-5080,-923,1396,3833,-5276,4124,-5821,1241,-1383,5577,-4147,755,-76,-174,7745,-53,-901,0.322580636,2,0.645161271,769707
8,4509,5440,-3900,-847,-1482,-1333,1061,-4371,-1071,1947,4346,-4697,3651,-7993,-599,-118,4437,-4357,711,-90,-179,7812,-49,-911,0.322580636,2,0.645161271,769707
8,4742,5722,-3852,-229,-1564,-1905,-299,-3379,-1222,1623,4331,-4308,3677,-9195,-1577,783,2604,-5072,637,-84,-175,7821,-45,-891,0.327468216,2,0.654936433,781369
8,5108,6389,-3464,547,-1574,-1815,-1035,-2814,-1296,1256,3978,-4730,3657,-10433,-2126,648,2195,-4838,531,-97,-145,7846,-87,-784,0.317693055,2,0.635386109,758044
8,5236,6711,-2899,-2752,-701,-237,-1801,-2297,-1253,1083,3961,-5391,6900,-9273,-3579,-734,980,-4270,384,-58,-93,7951,-75,-668,0.317693055,2,0.635386109,758044
8,5051,4871,-1689,1229,-1509,504,-2366,-1908,-1105,1117,3893,-5874,4040,-11713,-4131,-2284,2447,-2586,240,23,-81,8004,-78,-657,0.317693055,2,0.635386109,758044
8,4681,4125,-808,1085,-1569,1447,-3037,-1537,-875,1255,3482,-6118,2401,-13497,-4346,-3551,3516,-1982,165,31,-92,7874,-196,-672,0.312805474,2,0.625610948,746382
8,3551,2685,-216,-596,-2390,2563,-3447,-1322,-762,1231,3328,-6357,1758,-13929,-3868,-2547,2016,-2168,30,10,-87,7849,-312,-706,0.312805474,2,0.625610948,746382
8,2566,1241,308,-828,-2580,3424,-3868,-696,-818,1321,3658,-6892,1172,-13884,-2899,-3039,2106,-1154,-106,33,-65,7841,-292,-649,0.317693055,2,0.635386109,758044
8,834,-789,879,-995,-3285,3374,-4137,-132,-857,1627,3824,-7589,-472,-14016,-1514,-1835,2172,-279,-276,11,-28,7766,-215,-617,0.322580636,2,0.645161271,769707
8,131,-1757,1377,-52,-4309,1823,-4566,1118,-1114,1706,4157,-8131,-2068,-13657,-298,-1105,1735,-472,-359,-4,5,7812,-70,-653,0.317693055,2,0.635386109,758044
8,-688,-2351,1903,-975,-4360,-1104,-4947,2339,-1462,1190,3702,-8550,-3970,-13370,380,-817,1914,-396,-461,-28,38,7859,112,-678,0.351906151,2,0.703812301,839680
8,-1259,-2913,2188,-2834,-4849,-2471,-5159,3593,-1785,196,3562,-8859,-4944,-11448,1062,1007,1854,-1174,-492,-12,65,7908,212,-809,0.361681342,2,0.723362684,863004
8,-1995,-3812,1966,-4555,-5298,-4224,-5099,4309,-2060,-462,3596,-8987,-4311,-8530,2058,-1116,2547,-1060,-500,25,66,7881,254,-881,0.337243408,2,0.674486816,804693
8,-2430,-4897,2172,-4315,-6009,-5936,-4904,4823,-2217,-1022,3378,-9283,-4961,-7811,3524,-3002,3919,304,-478,42,64,7808,197,-953,0.322580636,2,0.645161271,769707
8,-2740,-5600,2247,-3628,-5907,-7384,-4520,4437,-2083,-1089,3479,-9205,-5880,-4653,4379,-1444,4514,2402,-500,51,61,7769,129,-901,0.317693055,2,0.635386109,758044
8,-3000,-6281,2459,-2957,-5203,-8272,-4033,3270,-1815,-864,4838,-9010,-5097,13,3904,-3484,3353,3393,-495,24,52,7730,93,-868,0.322580636,2,0.645161271,769707
8,-3166,-6266,2540,-2366,-4905,-8743,-3742,2365,-1656,-706,5349,-9270,-3738,1762,3506,-5015,3677,1302,-448,-12,53,7754,36,-885,0.322580636,2,0.645161271,769707
8,-3288,-5549,2692,-1412,-4361,-10278,-3246,1276,-950,436,4657,-10012,-2846,3400,2916,-5698,5138,-555,-371,-44,47,7766,3,-976,0.317693055,2,0.635386109,758044
8,-3438,-4626,2507,-2147,-4253,-10797,-2731,541,-320,1658,4376,-9988,-2376,5463,2338,-6713,7167,-4188,-313,-70,38,7712,-14,-1057,0.322580636,2,0.645161271,769707
8,-3557,-3125,1811,-2847,-3338,-11272,-2126,442,91,2925,4618,-10190,-2361,5110,2273,-7531,6847,-7945,-301,-101,13,7696,-11,-1124,0.322580636,2,0.645161271,769707
8,-3853,-2985,1860,-4937,-2843,-12111,-1329,1071,562,4057,5707,-10546,-1685,5033,2209,-6910,7477,-8328,-275,-113,7,7755,-37,-1049,0.322580636,2,0.645161271,769707
8,-3840,-3102,1820,-5039,-2863,-13295,-912,1363,919,4160,5057,-10348,-1594,5492,2249,-6149,8900,-7564,-195,-95,-9,7763,-12,-872,0.317693055,2,0.635386109,758044
8,-3648,-2903,1700,-7337,-2218,-14194,76,2405,1776,5052,6613,-9961,-1935,6856,3066,-5489,9236,-8932,-174,-127,-13,7733,-2,-749,0.322580636,2,0.645161271,769707
8,-3478,-3462,1710,-6888,-2677,-14246,-55,3358,2167,4345,6466,-9912,-2171,7706,3877,-5889,9014,-9179,-135,-145,-10,7878,99,-634,0.312805474,2,0.625610948,746382
8,-3236,-3808,1922,-4548,-3396,-14448,254,3954,2406,2853,5743,-10355,-1873,8575,4019,-4911,8097,-9576,-126,-150,6,7994,200,-649,0.322580636,2,0.645161271,769707
8,-2930,-2786,2141,-1683,-4670,-14506,556,3623,2719,1654,5268,-10097,-298,10885,2440,-5630,5985,-11973,-61,-130,12,7929,196,-706,0.322580636,2,0.645161271,769707
8,-2638,-1049,2130,-1324,-4656,-14065,1150,2616,3272,533,5011,-9691,895,10276,2925,-2938,8519,-10759,29,-122,27,7879,83,-777,0.317693055,2,0.635386109,758044
8,-2587,372,1826,-3722,-4826,-12664,1839,1518,3659,-59,5054,-9554,-265,11393,2446,-4366,8007,-12686,124,-54,43,7887,-3,-815,0.327468216,2,0.654936433,781369
8,-2392,609,1475,-5298,-4872,-11287,2630,83,3974,47,4946,-9020,-14,9086,2330,-5037,8940,-12762,184,5,70,7896,-75,-920,0.322580636,2,0.645161271,769707
8,-2118,934,1144,-6224,-5155,-10783,3131,-619,4102,601,4710,-8343,-895,7589,2769,-3804,9317,-13044,236,40,90,7877,-129,-1019,0.317693055,2,0.635386109,758044
8,-1482,1320,1236,-6624,-5349,-10246,3529,-1309,4245,1094,4614,-7632,-682,7268,3567,-2389,9559,-13150,300,49,89,7836,-114,-1157,0.371456504,2,0.742913008,886329
8,-699,1703,1413,-6081,-5510,-9737,3785,-1546,4193,1054,4365,-7212,1063,6586,3986,-3169,9425,-12495,322,80,82,7782,-37,-1229,0.317693055,2,0.635386109,758044
8,287,3035,1179,-6162,-5595,-8811,4122,-1914,3847,620,3981,-7070,2458,5255,4601,-2299,9883,-10217,388,81,67,7728,34,-1254,0.317693055,2,0.635386109,758044
8,763,3955,759,-7048,-5591,-8566,4300,-2246,3429,164,3716,-6966,2231,5002,5390,-1253,10958,-7546,418,66,45,7677,142,-1248,0.371456504,2,0.742913008,886329
8,1302,4305,287,-7975,-5450,-7877,4383,-2644,2819,-312,3426,-6562,2662,5430,6680,-857,10090,-7360,463,14,12,7618,198,-1249,0.312805474,2,0.625610948,746382
8,1769,4341,-64,-7413,-5352,-6405,4307,-2804,2367,-545,3338,-6315,3162,3879,6828,677,9591,-5950,490,-61,-23,7656,193,-1265,0.307917893,2,0.615835786,734720
8,2277,4699,-653,-5583,-4528,-3438,4041,-2949,1788,-816,3077,-5987,4344,3597,6407,551,11295,-4911,488,-98,-45,7715,94,-1335,0.317693055,2,0.635386109,758044
8,2590,4966,-1229,-5108,-3901,-1356,3808,-3157,1390,-499,2991,-5697,4140,2592,5000,-1443,12157,-3690,392,-99,-47,7736,40,-1272,0.317693055,2,0.635386109,758044
8,2742,4312,-2178,-6613,-2887,-441,3278,-3536,940,388,3296,-5047,3578,-53,3355,-1780,9612,-1964,330,-72,-53,7736,-104,-1246,0.317693055,2,0.635386109,758044
8,2750,3477,-2465,-5687,-2362,-286,2549,-3420,543,1073,3508,-4573,2902,-2647,2336,-2148,7593,-1981,341,-84,-59,7682,-166,-1174,0.386119246,2,0.772238493,921316
8,2935,3402,-2575,-3568,-2155,-1021,1679,-2895,161,1247,3616,-4116,2737,-4411,683,-899,6307,-3065,343,-95,-62,7739,-282,-1037,0.327468216,2,0.654936433,781369
8,3267,3617,-2432,-2137,-2090,-1620,735,-2347,-212,924,3333,-4019,2785,-6533,-364,-673,4779,-5476,324,-90,-62,7778,-405,-892,0.332355827,2,0.664711654,793031
8,3752,4003,-2162,-41,-1969,-2172,160,-2322,-348,622,3256,-3926,2781,-8493,-1583,-843,2569,-7155,309,-101,-64,7827,-502,-807,0.332355827,2,0.664711654,793031
8,4110,4243,-2172,556,-2283,-2878,-583,-2419,-501,178,3502,-4089,5540,-9857,-2663,-680,1573,-7744,307,-72,-68,7910,-580,-813,0.317693055,2,0.635386109,758044
8,4658,5060,-1780,1483,-2267,-2460,-1184,-2542,-584,-148,3712,-4348,5422,-12144,-3376,-305,2807,-7509,245,-50,-51,7942,-573,-800,0.312805474,2,0.625610948,746382
8,4770,5192,-1515,1065,-2711,-1891,-1867,-2796,-696,-432,3390,-5390,5562,-12736,-4148,-82,4158,-6272,165,9,-47,7955,-532,-795,0.322580636,2,0.645161271,769707
8,4771,4469,-1126,9,-3212,-1170,-2413,-2988,-734,-307,3473,-5914,3508,-13578,-4197,-263,3697,-4708,61,1,-63,7890,-510,-719,0.317693055,2,0.635386109,758044
8,4547,3194,-978,-852,-3291,-736,-3012,-2960,-1026,-103,3140,-6808,1452,-13764,-3529,-965,3325,-3710,1,-25,-54,7888,-418,-706,0.322580636,2,0.645161271,769707
8,4225,1811,-660,-1166,-3892,264,-3278,-2603,-1209,501,2934,-7466,-512,-13599,-2398,-1411,2612,-2624,-102,31,-54,7935,-188,-626,0.317693055,2,0.635386109,758044
8,3449,177,-8,-887,-4793,629,-3588,-1657,-1598,1300,3150,-7856,-1091,-12747,-994,-1402,1557,-2048,-220,77,-56,7916,49,-606,0.317693055,2,0.635386109,758044
8,2788,-877,530,-779,-5102,313,-3969,-688,-1995,1258,3848,-7771,-1572,-11942,-19,-2242,1463,-320,-309,6,-64,7711,241,-623,0.317693055,2,0.635386109,758044
8,2051,-2234,1200,-733,-5377,-73,-4543,531,-2499,727,4654,-8110,-2997,-11120,300,-2724,1127,-169,-373,-41,-29,7707,281,-822,0.317693055,2,0.635386109,758044
8,1465,-2857,1380,-1065,-5363,-1166,-4714,1272,-2769,620,2874,-9416,-3903,-10885,1138,-2572,1692,-1135,-509,-15,48,7764,238,-877,0.317693055,2,0.635386109,758044
8,437,-3391,1028,-1671,-5304,-3187,-4337,2300,-2760,1035,1717,-9342,-4260,-9986,1867,-2084,1771,-278,-582,-20,66,7751,167,-860,0.322580636,2,0.645161271,769707
8,-241,-3752,1163,-1882,-5905,-4076,-4034,2628,-2807,804,3209,-8696,-4403,-7782,2591,-2073,2206,915,-610,-41,66,7766,90,-851,0.386119246,2,0.772238493,921316
8,-938,-4511,1247,-2540,-6139,-4912,-4109,2859,-3130,-138,5447,-8352,-4437,-6115,2913,-2940,1839,2085,-686,-41,85,7842,82,-804,0.327468216,2,0.654936433,781369
8,-1054,-5094,1298,-2460,-5826,-6344,-4201,2539,-3182,-465,5298,-8892,-4406,-4258,2972,-4578,2818,3403,-767,-66,100,7780,114,-806,0.317693055,2,0.635386109,758044
8,-1291,-5250,1564,-2281,-4713,-8006,-3720,1894,-2691,380,3604,-9181,-4356,-1717,2457,-3932,2612,2207,-841,-104,80,7680,168,-737,0.317693055,2,0.635386109,758044
8,-1790,-5247,1829,-1933,-4491,-8505,-3094,1462,-2212,1499,3713,-9027,-2799,1373,2651,-5545,2782,1194,-836,-149,48,7688,189,-750,0.317693055,2,0.635386109,758044
8,-2239,-4798,1675,-2095,-4251,-9057,-2491,941,-1684,1743,5256,-9242,-2678,2208,2908,-6407,4178,-706,-745,-203,36,7741,159,-938,0.317693055,2,0.635386109,758044
8,-2318,-4211,1285,-2992,-3812,-9972,-2085,731,-1327,1906,5550,-10004,-2074,3330,3173,-5014,5594,-1791,-702,-225,93,7851,111,-1053,0.317693055,2,0.635386109,758044
8,-2515,-3500,1117,-1605,-3791,-11204,-1555,1163,-600,2336,4301,-9761,-2665,5975,3201,-4867,6262,-2145,-658,-177,133,7965,-179,-1172,0.317693055,2,0.635386109,758044
8,-2837,-2647,1225,-2198,-3089,-11848,-340,1263,81,3223,5442,-9957,-3100,8221,2625,-5800,5209,-3584,-618,-53,137,7989,-383,-1291,0.307917893,2,0.615835786,734720
8,-3289,-2798,1574,-3341,-3472,-12110,-398,1515,522,2920,5939,-10098,-1992,9799,2728,-3824,5437,-5772,-622,17,124,7881,-414,-1378,0.312805474,2,0.625610948,746382
8,-3468,-3060,1727,-2953,-4019,-11552,181,1873,1096,2057,5173,-10642,-1978,10958,3008,-3463,7505,-6752,-648,26,131,7758,-296,-1361,0.312805474,2,0.625610948,746382
8,-3584,-2204,1633,-2409,-5345,-10886,838,2238,1612,1781,4917,-10803,-2069,11822,2742,-3742,7280,-7966,-636,3,121,7742,-114,-1195,0.381231666,2,0.762463331,909653
8,-3731,-1673,1709,-3692,-4881,-10562,1351,2271,2076,936,4800,-10729,-1171,12103,2434,-4497,7607,-10194,-466,-22,93,7750,30,-1197,0.317693055,2,0.635386109,758044
8,-4096,-1093,1553,-4045,-4964,-9894,1731,1995,2291,667,4802,-10541,-65,10402,2255,-5233,8246,-11993,-310,-46,52,7717,102,-1288,0.312805474,2,0.625610948,746382
8,-4167,-264,1076,-4501,-4543,-9457,2204,1955,2581,876,4439,-10041,-6,8384,1992,-4793,9129,-10688,-170,-82,46,7703,135,-1382,0.322580636,2,0.645161271,769707
8,-4214,-78,1040,-4449,-4477,-9890,2610,1825,2796,1191,4253,-9762,-451,8120,2408,-2842,8015,-10490,-90,-79,47,7759,105,-1406,0.327468216,2,0.654936433,781369
8,-4130,-283,1030,-4566,-4076,-10681,3238,1485,2978,1537,4609,-9661,-894,7796,2508,-3118,7949,-10746,-12,-22,21,7813,183,-1053,0.317693055,2,0.635386109,758044
8,-3974,-366,1008,-4878,-4390,-10890,3545,1324,3045,1549,5004,-9236,-1340,7056,2931,-2168,8471,-11146,82,-8,9,7751,150,-1322,0.322580636,2,0.645161271,769707
8,-3525,-275,1101,-5139,-4613,-11204,3805,1353,3050,1493,5026,-8940,-883,6873,3544,-1756,8645,-11830,155,-32,15,7685,159,-1347,0.312805474,2,0.625610948,746382
8,-3026,172,1185,-5332,-4781,-11649,3914,1227,3039,1232,4923,-8702,-231,6533,4271,-995,8565,-11579,184,-13,15,7709,115,-1310,0.312805474,2,0.625610948,746382
8,-2164,734,1374,-5382,-5045,-11387,3915,984,3050,579,4291,-8213,169,6524,4861,204,8989,-11389,214,10,7,7784,61,-1275,0.317693055,2,0.635386109,758044
8,-1553,895,1449,-5114,-5012,-10627,3952,733,3100,341,3690,-8004,486,6481,5218,-41,9242,-11090,293,24,0,7829,-5,-1248,0.312805474,2,0.625610948,746382
8,-806,1590,1186,-5128,-5105,-8943,4073,193,3212,-149,3080,-7392,1264,5928,6034,-244,9034,-9602,347,10,2,7780,-79,-1189,0.322580636,2,0.645161271,769707
8,-352,2340,860,-5285,-5070,-7037,4163,-355,3146,-618,3090,-6806,1906,5373,6396,-1139,9655,-7956,381,45,-2,7835,-127,-1166,0.317693055,2,0.635386109,758044
8,111,3388,333,-5133,-4661,-5297,4118,-1056,2778,-775,2926,-6286,2063,3786,6037,-126,9051,-6160,410,84,-5,7843,-124,-1110,0.317693055,2,0.635386109,758044
8,476,4124,-156,-4637,-4344,-4073,3879,-1536,2446,-434,2750,-5621,4178,4295,5306,-3,8295,-5074,494,105,-11,7801,-165,-1118,0.327468216,2,0.654936433,781369
8,852,5005,-888,-4571,-3916,-3172,3342,-1821,1952,104,2998,-4487,4350,1834,4507,163,8689,-4128,573,123,-19,7776,-230,-1100,0.386119246,2,0.772238493,921316
8,1256,5185,-1418,-5295,-3214,-2961,2746,-1687,1480,180,3101,-3723,4851,406,3672,-180,8941,-3500,625,145,-21,7791,-331,-1154,0.322580636,2,0.645161271,769707
8,1833,4657,-1787,-4605,-2963,-2406,1932,-1561,882,96,2818,-3131,3876,-1751,3232,73,7749,-4259,707,158,-22,7741,-513,-1303,0.322580636,2,0.645161271,769707
8,2547,4518,-1877,-3614,-2585,-2979,1370,-1637,474,-133,2450,-3027,3173,-3942,2437,782,5985,-5743,749,165,-39,7810,-610,-1369,0.317693055,2,0.635386109,758044
8,3524,4558,-1826,-1410,-1977,-3589,804,-1835,158,-613,1897,-3202,3139,-4868,1764,1381,4618,-6356,726,185,-82,7840,-566,-1311,0.317693055,2,0.635386109,758044
8,4165,4906,-1900,-274,-1889,-3999,127,-2563,-66,-1086,1625,-3688,3509,-6285,849,1461,2993,-6764,668,187,-137,7763,-410,-1157,0.317693055,2,0.635386109,758044
8,4830,5319,-1957,460,-1966,-4072,-394,-3238,-189,-1353,1931,-3944,3562,-7642,29,1302,2283,-6728,534,178,-151,7686,-145,-948,0.322580636,2,0.645161271,769707
8,5711,4964,-1878,1261,-1422,-3733,-1042,-4225,-410,-1530,2604,-4692,4320,-8461,-1078,50,2721,-7285,450,142,-149,7659,-106,-857,0.322580636,2,0.645161271,769707
8,5922,4755,-1382,1378,-1884,-2753,-1514,-4976,-544,-1072,2957,-5415,3759,-9098,-1716,1062,2216,-6057,469,81,-130,7548,-102,-828,0.322580636,2,0.645161271,769707
8,6012,4471,-944,1095,-1869,-2347,-2014,-5481,-626,205,2917,-6634,2831,-10291,-2164,-569,2390,-5197,305,30,-103,7692,8,-614,0.381231666,2,0.762463331,909653
8,5765,4010,-602,355,-2289,-1670,-2358,-5199,-550,1460,2655,-7272,2035,-11281,-2538,-1076,1761,-4644,168,-52,-99,7682,7,-559,0.322580636,2,0.645161271,769707
8,5310,2940,13,-71,-3104,-998,-3086,-4100,-557,2091,3313,-7409,1116,-12146,-2674,-1620,2021,-3866,-6,-121,-79,7782,35,-455,0.322580636,2,0.645161271,769707
8,4962,2086,588,-15,-3547,-226,-3764,-3171,-716,1591,4337,-7430,576,-12525,-2456,-1978,2295,-3378,-98,-142,-38,7857,52,-426,0.317693055,2,0.635386109,758044
8,4140,831,1070,-1006,-3771,957,-4558,-1821,-1131,1576,4212,-8516,39,-12309,-1718,-2622,1989,-2554,-193,-135,-2,7878,-33,-517,0.312805474,2,0.625610948,746382
8,3076,-422,1376,-868,-3805,1057,-4682,-836,-1221,2357,2487,-9960,-244,-12247,-1045,-2722,2017,-2123,-259,-83,30,7956,-95,-519,0.322580636,2,0.645161271,769707
8,1763,-1167,1561,92,-5000,-540,-4492,729,-1061,2938,1841,-10107,-1001,-12060,71,-1809,1801,-1313,-324,-33,15,7931,-83,-478,0.317693055,2,0.635386109,758044
8,1024,-1696,1752,-181,-5034,-2030,-4533,1859,-1187,1806,3876,-9400,-2534,-10357,559,-1734,1751,-763,-384,-46,13,7919,18,-527,0.317693055,2,0.635386109,758044
8,86,-2979,2223,-1255,-5301,-3473,-5040,2710,-1576,-268,5499,-9479,-4126,-8818,1191,-1742,2092,-1071,-424,-34,54,7942,104,-576,0.327468216,2,0.654936433,781369
8,-245,-3943,2286,-1813,-6193,-5046,-5298,2857,-1778,-960,4496,-9717,-4805,-6497,1534,-1260,2961,-858,-460,-17,99,7939,88,-622,0.322580636,2,0.645161271,769707
8,-739,-4624,2314,-3120,-5898,-5379,-4978,2618,-1716,-635,3107,-9333,-5258,-4432,2494,-3659,3075,-139,-455,5,92,7863,-26,-727,0.317693055,2,0.635386109,758044
8,-1381,-5047,2517,-4000,-6033,-5845,-4508,2277,-1563,-184,3742,-8907,-5106,-2750,2896,-4570,3727,-258,-461,13,86,7812,-136,-803,0.317693055,2,0.635386109,758044
8,-1806,-6170,2425,-3962,-5981,-6462,-4135,1863,-1447,-115,5070,-9102,-4305,-1034,3325,-3859,4668,373,-487,10,89,7803,-450,-883,0.317693055,2,0.635386109,758044
8,-2025,-6320,2313,-3341,-5389,-7204,-3814,1646,-1291,323,4386,-9699,-4622,1096,3465,-3507,5406,830,-453,12,93,7776,-231,-894,0.322580636,2,0.645161271,769707
8,-2627,-5776,2351,-1898,-4654,-8724,-2986,1685,-743,1735,2871,-9739,-4824,2823,2713,-4217,5176,-184,-415,0,100,7762,-291,-912,0.312805474,2,0.625610948,746382
8,-3121,-5084,2228,-1680,-4710,-8649,-2296,1923,-383,2330,3604,-9323,-4404,4900,2111,-5391,5290,-2183,-401,-13,78,7737,-345,-1001,0.317693055,2,0.635386109,758044
8,-3441,-4187,1913,-1600,-4704,-8169,-1661,2284,-260,1679,5318,-9786,-3564,5559,1399,-4747,5661,-5247,-374,-10,67,7796,-325,-1064,0.322580636,2,0.645161271,769707
8,-3726,-2798,1416,-3066,-4580,-8277,-1290,2626,-110,1455,5429,-10286,-2038,5622,1358,-5223,6203,-6379,-347,3,69,7846,-204,-1012,0.322580636,2,0.645161271,769707
8,-3812,-1983,1096,-3341,-4630,-9137,-910,2800,83,1610,5091,-9805,-1131,5184,735,-5657,7167,-6132,-314,9,72,7842,-111,-847,0.322580636,2,0.645161271,769707
8,-4186,-1541,1050,-5145,-4129,-11003,-743,2866,213,1765,4607,-9162,-1252,5842,151,-4937,8686,-6803,-240,18,47,7797,-61,-837,0.322580636,2,0.645161271,769707
8,-4271,-1999,927,-5198,-4386,-10917,-308,2891,377,1704,4621,-8797,-2461,6582,57,-5293,8679,-8897,-202,-23,33,7752,5,-898,0.391006857,2,0.782013714,932978
8,-4094,-1899,486,-3873,-4259,-10393,356,2961,673,1505,5147,-8646,-2991,6145,652,-5595,7307,-10686,-186,-30,47,7815,13,-970,0.317693055,2,0.635386109,758044
8,-3899,-1509,291,-4195,-3769,-10509,724,2902,908,1467,5486,-8441,-2247,5383,730,-5513,7396,-10626,-154,-8,53,7811,-59,-949,0.317693055,2,0.635386109,758044
8,-3650,-1617,456,-4126,-3865,-11204,1162,2547,1218,1457,5821,-8125,-2116,5378,689,-4834,6330,-9423,-90,4,45,7792,-94,-962,0.322580636,2,0.645161271,769707
8,-3340,-1609,604,-3854,-3931,-11493,1400,2066,1478,1088,5936,-8267,-2010,5750,893,-4771,6484,-9364,-76,-1,54,7851,-54,-1017,0.322580636,2,0.645161271,769707
8,-3005,-1684,756,-4365,-3604,-11111,1637,1157,1804,928,5467,-8286,-2433,5577,1693,-4028,6772,-10197,-74,60,61,7855,-57,-999,0.322580636,2,0.645161271,769707
8,-2790,-1869,864,-4289,-3490,-10809,1965,644,2087,1467,5001,-8373,-2073,5489,1881,-4596,7439,-10577,-58,81,80,7750,-119,-962,0.317693055,2,0.635386109,758044
8,-2416,-1592,910,-4389,-3440,-10926,2508,229,2492,2481,4633,-8545,-2530,4810,2416,-3730,7702,-10350,0,57,74,7687,-191,-969,0.322580636,2,0.645161271,769707
8,-2055,-1319,787,-4832,-3676,-11148,2849,102,2706,2780,4665,-8545,-2240,4783,2889,-3849,7902,-10513,76,6,92,7784,-107,-911,0.322580636,2,0.645161271,769707
8,-1445,-721,872,-4890,-4062,-11711,3113,62,2880,2157,5131,-8172,-1215,4711,3370,-2867,7634,-10139,127,7,97,7871,-113,-988,0.317693055,2,0.635386109,758044
8,-914,331,830,-4754,-4485,-11889,3185,-68,2965,1336,4901,-8103,110,5139,3677,-1907,8558,-10607,171,19,72,7756,-175,-1096,0.317693055,2,0.635386109,758044
8,-156,1779,699,-5021,-4737,-11766,3360,-554,3093,318,3737,-8190,1409,6643,4669,-1209,8656,-9859,251,16,46,7682,-223,-1100,0.317693055,2,0.635386109,758044
8,374,2917,388,-5684,-5310,-10521,3728,-1228,3133,-266,3107,-8290,2652,6384,5107,-1799,9673,-8649,356,27,34,7771,-216,-1100,0.322580636,2,0.645161271,769707
8,739,4186,-220,-7029,-5896,-8538,4284,-2142,2942,-796,2585,-8628,3359,6630,6149,-704,9702,-7038,463,60,13,7818,-205,-1007,0.322580636,2,0.645161271,769707
8,790,4419,-630,-7906,-5854,-7212,4647,-2741,2646,-796,2513,-8777,2995,6366,6909,-208,10380,-5143,547,21,-6,7721,-219,-969,0.317693055,2,0.635386109,758044
8,648,3961,-889,-7229,-5427,-5082,4935,-3207,2040,-216,2636,-8492,2627,6074,7383,308,10063,-4191,617,16,-43,7725,-231,-926,0.317693055,2,0.635386109,758044
8,591,3481,-1177,-6819,-4821,-3615,4970,-3198,1539,360,2851,-7819,2480,5573,7450,628,9524,-3902,637,-33,-76,7584,-256,-919,0.312805474,2,0.625610948,746382
8,532,2706,-1342,-5978,-3967,-2206,4659,-2897,849,1011,3419,-6809,1890,3597,7030,-1440,9166,-3749,588,-113,-93,7669,-259,-1012,0.327468216,2,0.654936433,781369
8,825,2280,-1299,-4203,-3571,-1764,4165,-2417,400,1395,3663,-6039,1932,1017,6943,-583,6189,-4994,523,-106,-103,7752,-232,-901,0.327468216,2,0.654936433,781369
8,1240,2801,-1251,-2423,-3127,-2449,3292,-1747,-24,1273,3486,-4798,2347,-716,6551,-199,5115,-6164,455,-149,-89,7754,-263,-940,0.322580636,2,0.645161271,769707
8,1924,4305,-1364,-416,-2718,-3093,2658,-1365,-259,985,3355,-4111,3044,-2727,5494,1299,3787,-6566,362,-88,-93,7874,-263,-859,0.391006857,2,0.782013714,932978
8,2490,5406,-1583,29,-2378,-3544,1812,-1177,-493,566,2846,-3635,3541,-4263,3769,2737,4091,-6737,350,-73,-125,7802,-288,-901,0.312805474,2,0.625610948,746382
8,3186,6175,-1811,92,-1487,-3545,1294,-1430,-569,378,2428,-3586,3437,-5261,2259,2343,4515,-5560,310,-68,-129,7745,-378,-861,0.307917893,2,0.615835786,734720
8,3662,6107,-2058,-397,-1268,-3645,627,-2068,-640,289,2306,-3524,2592,-6557,596,2571,4964,-6143,224,-71,-89,7835,-517,-797,0.327468216,2,0.654936433,781369
8,4273,5706,-1999,-43,-1093,-3405,122,-2601,-757,118,2229,-3699,1538,-7364,-1255,2499,3875,-5326,145,-58,-75,7876,-573,-715,0.307917893,2,0.615835786,734720
8,4650,5562,-1862,33,-1219,-3382,-377,-2994,-889,26,2055,-4204,1546,-8460,-2233,2368,2690,-5265,60,-44,-103,7824,-552,-540,0.307917893,2,0.615835786,734720
8,4971,5503,-1396,-73,-1218,-3308,-1047,-3349,-955,102,1795,-4897,2251,-8990,-3561,2620,2054,-4461,-26,-107,-130,7672,-430,-378,0.312805474,2,0.625610948,746382
8,5131,4422,-1006,-563,-1430,-2866,-1533,-3537,-892,78,2193,-5306,4508,-9049,-4679,1364,1056,-5534,-143,-212,-109,7700,-238,-402,0.307917893,2,0.615835786,734720
8,5318,3324,28,237,-1946,-1940,-2348,-3660,-776,-73,2948,-5820,2639,-10549,-5053,1354,2261,-3979,-196,-184,-58,7904,-108,-490,0.322580636,2,0.645161271,769707
8,5233,2910,446,197,-2355,-1398,-2932,-3659,-668,-76,3499,-6294,1757,-11319,-4778,7,2366,-3487,-297,-128,-15,8049,-39,-510,0.327468216,2,0.654936433,781369
8,4538,2064,504,-1178,-2923,-72,-3498,-3495,-552,427,3327,-7415,1329,-11508,-3809,-1441,2318,-2590,-323,-64,41,8012,-172,-674,0.322580636,2,0.645161271,769707
8,3763,1348,564,-1208,-3410,568,-3709,-3035,-435,1427,2474,-8615,598,-11877,-2667,-2769,1720,-1706,-353,24,75,8010,-298,-716,0.322580636,2,0.645161271,769707
8,2479,-270,1002,-946,-4149,1230,-3780,-1883,-263,2490,2897,-9149,-488,-12054,-1689,-3378,2053,-1542,-401,78,76,7943,-365,-663,0.322580636,2,0.645161271,769707
8,1589,-1206,1460,-429,-4564,1119,-3943,-811,-347,2241,4357,-9114,-1332,-11834,-575,-2490,2596,-1392,-469,102,77,7913,-361,-664,0.317693055,2,0.635386109,758044
8,384,-2310,1684,-1000,-5237,-606,-4619,1020,-753,1462,4793,-9571,-3197,-10803,325,-1413,2333,452,-464,89,94,7918,-300,-684,0.317693055,2,0.635386109,758044
8,-300,-3521,1988,-1461,-5462,-1690,-5067,2297,-1049,748,3856,-9870,-4698,-8189,564,-2459,2234,1090,-431,68,88,7844,-244,-735,0.317693055,2,0.635386109,758044
8,-1034,-4505,2341,-1675,-5781,-2723,-5129,3189,-1273,-114,2909,-9794,-6012,-6387,763,-3108,2306,183,-378,63,75,7810,-171,-845,0.317693055,2,0.635386109,758044
8,-1818,-5245,2591,-2657,-5731,-3820,-4952,3432,-1427,-543,3342,-9562,-5767,-4752,1493,-3132,2764,-381,-307,71,59,7843,-139,-962,0.322580636,2,0.645161271,769707
8,-2326,-5563,2395,-3504,-5720,-5279,-4818,3642,-1572,-968,3827,-9460,-5498,-3165,2114,-3017,4099,-616,-289,110,60,7818,-146,-932,0.322580636,2,0.645161271,769707
8,-2594,-5947,2200,-3819,-5562,-6791,-4779,3568,-1486,-945,3600,-9337,-4773,-1108,2798,-3069,5064,-786,-274,128,328,7802,-225,-888,0.322580636,2,0.645161271,769707
8,-2895,-6322,2132,-3779,-5608,-7504,-4471,3281,-1283,-584,3239,-8711,-5537,1167,3048,-5270,5437,-490,-277,146,100,7735,-291,-964,0.312805474,2,0.625610948,746382
8,-3058,-6585,2311,-3216,-5474,-8148,-4159,2891,-1200,-408,3947,-8096,-6658,1982,2734,-6303,5721,-2792,-274,115,90,7739,-296,-1057,0.322580636,2,0.645161271,769707
8,-3038,-6573,2324,-2760,-5375,-8241,-3848,2503,-1145,-616,5245,-7808,-6015,2976,2755,-5426,5046,-4788,-280,89,64,7754,-243,-1113,0.322580636,2,0.645161271,769707
8,-2751,-5981,2239,-2523,-5746,-9232,-3673,2018,-1024,-583,5479,-8105,-4714,3195,2683,-7248,5744,-5750,-284,74,52,7746,-183,-1081,0.361681342,2,0.723362684,863004
8,-2424,-5095,2020,-1889,-5984,-9580,-3283,1354,-699,-55,4647,-8147,-3833,2688,2418,-6878,6707,-6039,-282,55,28,7720,-146,-1032,0.322580636,2,0.645161271,769707
8,-2293,-3753,1919,-3717,-4979,-9328,-2703,988,-451,130,5060,-8156,-3391,3186,2002,-7521,7277,-6384,-317,8,14,7701,-132,-1007,0.317693055,2,0.635386109,758044
8,-2400,-3537,1838,-4836,-5197,-9284,-1982,459,-436,965,5676,-8696,-2932,2438,1985,-7736,7160,-6888,-335,-5,8,7759,-160,-1014,0.327468216,2,0.654936433,781369
8,-2289,-3330,1715,-4562,-4867,-9853,-1596,524,-278,1701,5841,-8990,-2370,2024,2215,-6500,7184,-6182,-323,-23,9,7788,-231,-1000,0.327468216,2,0.654936433,781369
8,-2147,-2868,1654,-4300,-4643,-10338,-1096,1043,154,2425,5603,-9125,-2339,2454,2257,-5745,7429,-5748,-259,-35,-3,7772,-303,-962,0.317693055,2,0.635386109,758044
8,-2093,-2298,1627,-4686,-3942,-10918,-408,1426,561,2080,5459,-9195,-1665,3472,2142,-5294,7539,-5978,-185,-43,-34,7756,-362,-930,0.371456504,2,0.742913008,886329
8,-2162,-2046,1558,-4771,-4032,-10943,-54,1468,815,1548,5818,-9298,-1198,4307,2153,-5047,8524,-6452,-68,-56,-53,7810,-344,-893,0.322580636,2,0.645161271,769707
8,-2047,-1489,1357,-3973,-4697,-10299,236,1567,1206,1059,5857,-9371,-494,5242,1689,-4917,8469,-6544,47,-51,-57,7863,-294,-829,0.317693055,2,0.635386109,758044
8,-2022,-552,1113,-4070,-4200,-10218,507,1478,1504,1041,5281,-9315,-210,5724,1289,-4524,8965,-6826,162,-16,-64,7881,-291,-827,0.317693055,2,0.635386109,758044
8,-2079,381,891,-4605,-4210,-10361,1078,1111,1814,1491,4673,-9184,-75,5658,989,-4607,8840,-7779,283,-14,-80,7797,-334,-883,0.312805474,2,0.625610948,746382
8,-2056,989,630,-5352,-4231,-10474,1627,910,2005,1759,4842,-9045,330,5473,617,-4783,8363,-8309,370,-22,-95,7766,-256,-906,0.312805474,2,0.625610948,746382
8,-1962,1021,443,-5809,-4226,-10424,2367,652,2208,1683,5368,-8640,258,5026,942,-4354,8530,-8521,349,-13,-91,7751,-180,-887,0.317693055,2,0.635386109,758044
8,-1847,940,315,-5579,-4024,-10131,2829,569,2284,1585,5322,-8410,256,4910,1334,-3782,8371,-9187,367,-282,-122,7714,-63,-862,0.317693055,2,0.635386109,758044
8,-1719,1051,295,-5501,-4203,-9992,3411,221,2343,1521,5273,-8461,434,4302,1762,-4179,8276,-9262,298,-42,-120,7750,73,-846,0.317693055,2,0.635386109,758044
8,-1405,1312,213,-5565,-4247,-10045,3761,-192,2401,1495,5359,-8505,520,3765,2263,-3191,8561,-9142,300,-61,-110,7757,134,-828,0.322580636,2,0.645161271,769707
8,-1147,1721,165,-5477,-4111,-9828,4054,-541,2619,1585,5575,-8270,1549,4054,2558,-2067,8801,-8630,302,-45,-71,7774,146,-838,0.322580636,2,0.645161271,769707
8,-796,2815,33,-5618,-4031,-9733,4199,-701,2735,1632,5423,-8203,2714,4521,3117,-1769,9502,-7690,271,-59,-49,7753,98,-836,0.322580636,2,0.645161271,769707
8,-581,3534,-221,-6577,-4037,-9540,4384,-910,2719,1552,4433,-8431,3233,6460,3765,967,9598,-6631,232,-59,-43,7745,20,-719,0.317693055,2,0.635386109,758044
8,-488,3933,-511,-7075,-3889,-8897,4621,-1080,2700,1561,3553,-8599,2965,6343,4442,-156,9740,-5903,243,-74,-42,7846,-53,-723,0.337243408,2,0.674486816,804693
8,-439,4040,-790,-7396,-3842,-8006,5112,-1170,2614,1642,3122,-8699,3060,6676,5080,769,9645,-5513,257,-64,-64,7875,-197,-745,0.322580636,2,0.645161271,769707
8,-441,3645,-1078,-7358,-4356,-6812,5397,-1261,2457,1481,3210,-8782,2350,6677,5831,697,8746,-4207,223,-51,-70,7832,-268,-727,0.317693055,2,0.635386109,758044
8,-536,3293,-1088,-6592,-4487,-6265,5501,-1167,2115,914,3161,-8555,2059,6898,6589,1371,8341,-3864,193,-78,-70,7797,-258,-706,0.317693055,2,0.635386109,758044
8,-605,3108,-1228,-5803,-4848,-5320,5411,-1073,1893,558,3429,-7893,2096,6851,6809,2065,8224,-3889,186,-85,-52,7821,-241,-754,0.322580636,2,0.645161271,769707
8,-474,2911,-1261,-5148,-4746,-4474,5023,-1009,1480,190,4179,-6495,2067,5917,6925,1790,7422,-4076,171,-48,-38,7861,-228,-830,0.317693055,2,0.635386109,758044
8,-149,2913,-1348,-4708,-3838,-2721,4476,-975,1058,-20,4252,-5410,2819,5261,6821,1682,6821,-3826,194,-26,-33,7865,-267,-884,0.322580636,2,0.645161271,769707
8,147,2862,-1661,-4726,-3241,-1097,3854,-940,653,-10,3782,-4609,2755,3802,6401,191,7956,-4903,246,16,-40,7839,-294,-892,0.322580636,2,0.645161271,769707
8,825,2001,-1691,-3612,-2771,-1075,3057,-1024,237,253,3402,-3414,2047,1296,4979,547,6503,-5304,259,44,-55,7780,-337,-861,0.322580636,2,0.645161271,769707
8,1530,2216,-1643,-644,-2103,-1831,2335,-1036,-68,265,3236,-2847,2281,-1626,3652,505,4506,-6233,302,21,-64,7766,-420,-910,0.317693055,2,0.635386109,758044
8,2110,3565,-1988,548,-1958,-2459,1373,-1073,-322,128,2348,-2706,3096,-3476,2150,1059,3084,-6263,328,14,-69,7804,-714,-916,0.312805474,2,0.625610948,746382
8,2863,5242,-2386,1616,-1391,-2768,824,-1359,-279,-76,2043,-2722,2923,-5870,901,1444,2766,-6096,336,6,-89,7761,-548,-965,0.312805474,2,0.625610948,746382
8,3481,6171,-2553,1694,-1250,-2947,60,-2069,-182,-405,2086,-2828,2716,-7985,-482,1486,1636,-6815,310,-4,-115,7761,-560,-933,0.317693055,2,0.635386109,758044
8,4306,6808,-2429,1683,-1090,-2838,-505,-2797,-195,-566,2241,-3114,2941,-9895,-1579,1629,1343,-7325,286,-30,-142,7748,-488,-894,0.332355827,2,0.664711654,793031
8,4813,6885,-1989,2123,-1168,-2712,-1252,-3726,-219,-572,2897,-3822,2833,-11801,-2604,943,928,-6655,208,-47,-145,7779,-323,-817,0.327468216,2,0.654936433,781369
8,5289,7063,-965,2563,-1396,-2609,-1944,-4199,-278,-306,3117,-4763,2624,-12794,-3582,1120,665,-6488,144,-59,-148,7765,-119,-734,0.327468216,2,0.654936433,781369
8,5466,6906,-157,2478,-2267,-2261,-2924,-4498,-315,-116,3116,-5678,2072,-13823,-3914,587,454,-5946,7,-79,-144,7763,39,-628,0.317693055,2,0.635386109,758044
8,5541,5906,747,11,-2222,-167,-3585,-4361,-380,-119,3303,-6224,2445,-13835,-3918,-1082,3246,-4501,-120,-100,-123,7830,101,-567,0.317693055,2,0.635386109,758044
8,5021,2619,811,-5698,-2893,285,-4356,-3711,-545,-15,4209,-7204,5068,-12263,-3194,-2851,4299,-4217,-208,-89,-85,7861,134,-496,0.312805474,2,0.625610948,746382
8,3818,-1012,2247,8,-4335,2463,-4836,-2985,-678,578,3886,-8377,-1481,-15374,-1885,-4004,3829,-1407,-297,-61,-55,7953,86,-486,0.337243408,2,0.674486816,804693
8,3043,-1591,2510,-471,-4893,2577,-5079,-1451,-771,1728,3041,-9205,-1168,-13989,-414,-1828,3554,-2799,-294,15,-56,7855,-73,-539,0.317693055,2,0.635386109,758044
8,1929,-2243,2493,-1327,-5552,1016,-5198,-223,-980,1729,3577,-8991,-2359,-13789,495,-2169,2559,-880,-324,-4,-59,7841,-175,-582,0.312805474,2,0.625610948,746382
8,1313,-3076,2666,-1243,-5847,-1261,-5633,1391,-1633,429,4283,-9307,-4205,-12835,708,-1105,1818,1166,-357,-13,-48,7838,-270,-610,0.317693055,2,0.635386109,758044
8,352,-4049,2806,-1994,-6373,-3096,-5822,2184,-2048,-379,3193,-10011,-5337,-10526,981,-946,3346,-2,-392,-29,-35,7829,-250,-585,0.317693055,2,0.635386109,758044
8,-282,-4735,2457,-3590,-6216,-3758,-5625,2903,-2290,-639,2742,-9661,-5651,-7266,2440,-2091,3570,-507,-416,-33,-22,7771,-151,-636,0.317693055,2,0.635386109,758044
8,-1098,-5676,2574,-3148,-6814,-3891,-5387,2911,-2498,-748,3604,-9548,-5199,-5997,2918,-4756,4760,-394,-401,-64,-5,7780,-21,-772,0.376344085,2,0.752688169,897991
8,-1494,-5946,2537,-3511,-6943,-4431,-5078,2721,-2740,-902,4341,-9967,-5930,-5892,2799,-5439,3597,-44,-432,-74,18,7828,143,-835,0.317693055,2,0.635386109,758044
8,-2058,-6347,2416,-3704,-6223,-6019,-4681,2452,-2674,-512,3943,-10334,-5217,-5559,3352,-4303,3547,1526,-482,-66,29,7852,245,-872,0.317693055,2,0.635386109,758044
8,-2625,-6755,2470,-3101,-5641,-6935,-4188,2286,-2414,78,3840,-9974,-5390,-2726,3899,-3211,4663,3192,-476,-62,17,7790,217,-886,0.322580636,2,0.645161271,769707
8,-3190,-6846,2595,-2082,-5068,-7576,-3525,1979,-2131,1762,5201,-10038,-5092,489,2972,-4531,4741,1996,-450,-61,4,7816,112,-958,0.322580636,2,0.645161271,769707
8,-3503,-5908,2064,-402,-5137,-9396,-3055,1987,-1768,-178,4256,-9426,-4184,1634,2515,-5073,5030,-237,-417,-46,2,7757,10,-971,0.317693055,2,0.635386109,758044
8,-3476,-4005,1556,-1355,-2707,-10177,-2063,1880,-1315,1705,4369,-10182,-2989,3666,2102,-5507,6203,-2184,-363,-78,11,7695,-112,-916,0.327468216,2,0.654936433,781369
8,-4383,-3244,1499,-4633,-2998,-11377,-1865,1915,-788,2218,4450,-9800,-2437,5034,1855,-6947,7635,-5645,-314,-102,10,7769,-154,-905,0.312805474,2,0.625610948,746382
8,-4609,-3322,1349,-4566,-3406,-12225,-880,2205,-329,2641,5025,-9793,-2393,4477,2152,-8047,7659,-7063,-280,-117,1,7776,-109,-927,0.312805474,2,0.625610948,746382
8,-4061,-2782,937,-3918,-4051,-13151,-373,2491,65,2526,5756,-9910,-2130,5168,2360,-7224,8284,-6800,-233,-143,-10,7748,-21,-977,0.322580636,2,0.645161271,769707
8,-3691,-2435,871,-4981,-2994,-13453,-165,2536,667,2169,5537,-9291,-1781,6084,2242,-7659,7926,-7447,-191,-167,-18,7749,-1,-999,0.317693055,2,0.635386109,758044
8,-3725,-2494,988,-5192,-2709,-13337,509,2422,918,2224,5589,-9194,-1441,6139,2408,-7204,7591,-8236,-155,-162,-22,7845,56,-1009,0.317693055,2,0.635386109,758044
8,-3545,-2694,1106,-4420,-3515,-13152,934,2398,1294,1731,6379,-8978,-1053,6539,2732,-6751,7437,-8195,-103,-121,-32,7841,70,-991,0.322580636,2,0.645161271,769707
8,-3069,-2239,1170,-2815,-4356,-12581,1058,2250,1637,1039,6383,-8907,-583,6976,2553,-6821,6983,-8341,-46,-104,-46,7816,51,-855,0.327468216,2,0.654936433,781369
8,-2697,-1446,1339,-2552,-3971,-12029,1257,1760,2085,235,6168,-8640,-377,7482,2224,-5664,6801,-8756,11,-100,-53,7774,9,-842,0.322580636,2,0.645161271,769707
8,-2146,-845,1540,-3482,-4359,-11537,1379,1341,2455,173,5669,-8396,-506,7761,2437,-5477,7246,-9704,83,-110,-48,7796,-16,-896,0.327468216,2,0.654936433,781369
8,-1757,-701,1691,-3628,-4344,-11267,1768,753,2879,413,4704,-8426,-374,7660,2143,-5170,8214,-9333,138,-112,-30,7870,-68,-962,0.327468216,2,0.654936433,781369
8,-1421,-448,1626,-4520,-4243,-10750,2209,314,3114,564,4063,-8610,-464,7476,1900,-4830,8455,-9294,205,-78,-28,7860,-129,-1034,0.327468216,2,0.654936433,781369
8,-1190,-18,1255,-5146,-4046,-10484,2845,-266,3380,788,3646,-8508,10,6789,1735,-4160,8706,-8987,244,-66,-27,7850,-106,-1066,0.322580636,2,0.645161271,769707
8,-878,1029,787,-5619,-4253,-10698,3338,-570,3502,928,4026,-8361,1042,6891,1981,-2700,8397,-9346,278,-11,-23,7877,29,-1061,0.317693055,2,0.635386109,758044
8,-694,2280,513,-6038,-4200,-10603,3741,-1172,3484,834,4663,-8093,2798,7771,2255,-1729,9013,-8517,343,4,-29,7801,65,-1117,0.327468216,2,0.654936433,781369
8,-347,4254,112,-6942,-4371,-9319,3945,-1391,3332,821,4348,-8202,4045,8998,2690,-1168,10049,-8960,357,14,-34,7779,186,-1109,0.317693055,2,0.635386109,758044
8,-24,5103,-505,-8102,-4607,-8769,4304,-1709,3079,798,3529,-8629,4262,8672,3614,-1849,11094,-8760,346,8,-43,7750,253,-1122,0.317693055,2,0.635386109,758044
8,192,5161,-877,-8986,-4785,-8225,4536,-1850,2806,691,2935,-8686,3797,7834,4805,-1088,11060,-8043,398,-10,-63,7728,280,-1136,0.317693055,2,0.635386109,758044
8,363,4147,-1154,-8452,-5246,-7233,4848,-1772,2345,421,2892,-8763,3147,7390,5948,-139,10338,-7030,457,-40,-80,7667,249,-1145,0.332355827,2,0.664711654,793031
8,463,3284,-1220,-7282,-5081,-6606,4948,-1691,1926,47,3047,-8702,2466,7350,6847,1108,9216,-5247,455,-62,-77,7688,154,-1119,0.312805474,2,0.625610948,746382
8,617,2322,-1243,-5908,-5114,-5141,4811,-1828,1416,-287,3250,-8075,1974,7358,7795,1913,8609,-5080,416,-87,-78,7763,109,-1028,0.317693055,2,0.635386109,758044
8,769,1885,-1331,-6011,-4190,-4339,4642,-1797,1002,-256,3211,-7404,2422,6265,7602,1449,7162,-4689,414,-98,-94,7757,76,-999,0.317693055,2,0.635386109,758044
8,931,1342,-1401,-4273,-3729,-2071,4353,-1805,662,-12,3108,-6759,1675,3843,6971,1124,8502,-5489,381,-130,-94,7745,65,-968,0.317693055,2,0.635386109,758044
8,1163,1862,-1670,-3167,-3047,-1064,3952,-1826,365,748,3103,-5775,2045,1882,4983,-1187,7928,-6231,313,-142,-77,7798,27,-960,0.322580636,2,0.645161271,769707
8,1430,2732,-2429,-2267,-2705,-1946,3443,-1725,165,1247,3378,-4828,2722,-1457,4039,-1143,5414,-7431,303,-120,-59,7811,-38,-967,0.317693055,2,0.635386109,758044
8,1783,3775,-2743,-1169,-2641,-3055,2431,-1288,-62,1066,3331,-3791,3420,-4080,2288,875,2828,-7554,260,-100,-25,7845,-62,-947,0.317693055,2,0.635386109,758044
8,2469,5005,-2834,-541,-2531,-3857,1735,-1032,-187,538,2979,-3396,3582,-5722,717,1469,3539,-6368,205,-61,-13,7874,-78,-935,0.322580636,2,0.645161271,769707
8,3116,5436,-2763,260,-2212,-4001,902,-1042,-308,-301,2565,-3328,3116,-6826,-216,2468,2863,-5966,167,-48,-19,7859,-129,-1005,0.322580636,2,0.645161271,769707
8,3962,5573,-2584,533,-1680,-3623,275,-1355,-390,-858,2226,-3472,2518,-7288,-342,1925,2157,-6174,108,-29,-17,7833,-158,-963,0.317693055,2,0.635386109,758044
8,4437,5560,-2336,721,-1327,-3103,-396,-2255,-417,-1306,1877,-4001,2063,-8013,-449,1597,1151,-5995,74,-26,-16,7778,-223,-967,0.317693055,2,0.635386109,758044
8,4809,5503,-1692,1734,-1303,-2566,-713,-3076,-288,-1087,1856,-4577,1932,-8887,-1113,853,721,-5433,23,-42,-11,7738,-321,-941,0.322580636,2,0.645161271,769707
8,4981,5375,-1120,267,-1193,-2096,-1272,-3981,-103,-427,2352,-4771,3880,-8839,-2284,1750,-3982,-4826,-76,-70,-8,7755,-251,-880,0.322580636,2,0.645161271,769707
8,5107,3908,-365,2040,-1601,-995,-1794,-4208,-139,-15,2846,-4781,2953,-10650,-2737,-569,244,-4248,-192,-75,-6,7838,-182,-912,0.327468216,2,0.654936433,781369
8,5079,3334,215,1194,-2183,-407,-2694,-4052,-360,128,3582,-5279,1863,-11765,-2936,-1839,1830,-3489,-285,-104,0,7834,9,-943,0.312805474,2,0.625610948,746382
8,4821,2234,744,-544,-2929,998,-3490,-3687,-598,36,3556,-6122,421,-12306,-2288,-1527,1952,-3252,-392,-99,11,7847,88,-1031,0.317693055,2,0.635386109,758044
8,4311,1264,1026,-1421,-3060,2115,-4067,-2947,-779,698,2369,-7783,-689,-12024,-559,-2030,1928,-1101,-470,-62,15,7794,87,-794,0.322580636,2,0.645161271,769707
8,3494,563,1246,-1506,-3766,2429,-4223,-2019,-628,1531,2380,-8464,-1163,-12287,882,-2096,1903,-1042,-506,-53,7,7732,20,-1001,0.327468216,2,0.654936433,781369
8,1966,-957,1382,-1291,-4466,2097,-4707,-507,-658,1738,3876,-8440,-616,-12095,1380,-2060,3227,-566,-539,-78,1,7697,-27,-888,0.327468216,2,0.654936433,781369
8,1103,-2054,1609,-402,-4856,1171,-5223,942,-905,1116,4838,-9020,-893,-12301,1259,-3290,4348,440,-585,-135,12,7771,21,-815,0.356793731,2,0.713587463,851342
8,117,-2878,1480,-1153,-6503,-848,-5760,2614,-1392,236,3808,-10306,-3563,-11931,866,-961,5121,858,-604,-154,17,7828,-4,-820,0.327468216,2,0.654936433,781369
8,-428,-3751,1527,-1644,-7204,-2616,-5873,3242,-1722,-389,2946,-10447,-5017,-7867,748,-799,4320,650,-536,-154,11,7748,-34,-984,0.322580636,2,0.645161271,769707
8,-1206,-4859,2396,-2626,-6644,-3624,-5749,3357,-2079,-910,4531,-9994,-5958,-5001,1279,-4418,4141,-3092,-466,-170,-7,7834,29,-1101,0.322580636,2,0.645161271,769707
8,-1923,-5595,2367,-4036,-5581,-4597,-5559,3032,-2033,-838,4379,-10592,-6492,-6421,2413,-3848,4612,-3191,-463,-149,-8,7885,96,-1169,0.317693055,2,0.635386109,758044
8,-2555,-6296,2246,-4463,-5256,-7277,-5101,3084,-1325,515,2870,-10646,-7155,-4589,2423,-2240,4610,-297,-431,-131,-13,7765,30,-1195,0.303030312,2,0.606060624,723058
8,-3089,-7005,2252,-4325,-5228,-8080,-4555,3289,-1132,1284,3048,-9883,-6780,-627,3618,-3315,4422,1004,-302,-118,-40,7725,11,-1206,0.322580636,2,0.645161271,769707
8,-3813,-7901,2354,-2533,-5255,-8433,-3869,3344,-1253,1012,4550,-9791,-6336,1666,3262,-4352,4242,626,-278,-128,-38,7760,-20,-1314,0.322580636,2,0.645161271,769707
8,-4042,-7482,2440,-674,-4375,-9487,-3233,3221,-1027,905,4678,-10473,-5011,3029,1271,-4699,3527,187,-293,-141,-23,7812,-98,-1406,0.317693055,2,0.635386109,758044
8,-4527,-4929,1991,883,-3969,-10416,-2702,2937,-464,1358,3875,-10391,-3995,5759,797,-2980,4863,-3540,-320,-118,-31,7836,-171,-1227,0.317693055,2,0.635386109,758044
8,-4691,-2470,1641,-1849,-2279,-11487,-1721,2951,197,2198,3766,-9857,-2613,7052,417,-5692,6116,-6649,-304,-78,-45,7763,-144,-1126,0.312805474,2,0.625610948,746382
8,-5239,-2401,1630,-3796,-3469,-12436,-1030,3096,394,2410,4654,-9866,-2270,6926,-80,-6638,6845,-8280,-280,-115,-42,7701,-51,-1143,0.307917893,2,0.615835786,734720
8,-5152,-2875,1661,-3540,-3937,-12858,-303,3221,824,1973,5306,-10085,-2871,7229,-338,-5942,6369,-9229,-248,-140,-50,7856,50,-1167,0.312805474,2,0.625610948,746382
8,-4584,-1960,1473,-3711,-3703,-13810,163,3190,1266,2130,5147,-9705,-2612,8013,1086,-5974,5708,-11211,-131,-119,-64,7928,168,-1179,0.317693055,2,0.635386109,758044
8,-4363,-1349,1504,-4499,-3132,-14543,835,2821,1698,2437,5342,-9276,-853,7987,1217,-6911,6656,-13405,-46,-52,-88,7852,279,-1136,0.400782019,2,0.801564038,956302
8,-3997,-1222,1622,-4403,-4019,-15003,1150,2501,1917,2203,5861,-9137,306,7977,1233,-5996,7643,-12753,37,-48,-82,7735,374,-1164,0.307917893,2,0.615835786,734720
8,-3431,-846,1585,-3035,-4031,-14971,1367,1948,2392,1643,5920,-8716,-1824,8690,2448,-3862,7438,-12749,96,-53,-51,7755,507,-1318,0.312805474,2,0.625610948,746382
8,-2919,-377,1515,-3527,-3344,-14022,1701,1240,2736,1527,5708,-8562,-2079,9526,2598,-4830,7302,-14236,183,-47,-30,7790,400,-1451,0.376344085,2,0.752688169,897991
8,-2409,-868,1704,-4957,-3516,-12915,2156,199,3069,1575,5140,-8645,-2072,8237,2696,-4650,7362,-13481,278,21,-27,7799,320,-1466,0.322580636,2,0.645161271,769707
8,-1932,-1227,1727,-4818,-3592,-12263,2537,-445,3275,1776,4588,-8686,-1849,7112,2918,-3998,8340,-12919,340,82,-9,7709,235,-1519,0.322580636,2,0.645161271,769707
8,-1373,-773,1596,-5108,-3756,-12415,3002,-910,3585,1823,4010,-8088,-1712,5948,3268,-3224,8773,-12835,463,72,-7,7731,100,-1547,0.391006857,2,0.782013714,932978
8,-646,-93,1418,-6151,-4654,-11902,3283,-1179,3683,1481,4092,-7809,-1098,5271,4128,-1950,9218,-11285,510,89,-14,7742,150,-1499,0.312805474,2,0.625610948,746382
8,305,698,1234,-6185,-4586,-10583,3602,-1544,3532,689,3964,-7644,855,6313,4712,-1325,10202,-10309,484,79,-21,7644,235,-1463,0.317693055,2,0.635386109,758044
8,834,1588,950,-6691,-4938,-9700,3751,-1974,3314,106,3920,-7335,1105,5983,5130,-2108,11346,-10178,411,73,-18,7660,409,-1478,0.386119246,2,0.772238493,921316
8,1744,1820,537,-8128,-5700,-8578,3684,-2600,2953,-799,3707,-6671,513,6191,6347,-481,10617,-8864,428,50,-21,7707,486,-1508,0.322580636,2,0.645161271,769707
8,2442,1527,233,-7655,-5628,-7818,3523,-2968,2585,-1580,3362,-6413,850,4746,7144,-290,10034,-7180,462,51,-15,7731,502,-1490,0.317693055,2,0.635386109,758044
8,3117,2254,-604,-6330,-5194,-5194,3289,-3719,1991,-2422,2565,-6194,2780,4711,7472,1575,9628,-4609,422,66,3,7674,431,-1348,0.332355827,2,0.664711654,793031
8,3456,3227,-1319,-6028,-4211,-2554,3190,-4314,1503,-2417,1772,-6266,4273,4349,6837,1077,10511,-3116,421,63,11,7646,253,-1395,0.327468216,2,0.654936433,781369
8,3543,4328,-2396,-4848,-3766,-135,3203,-4583,865,-1159,961,-6041,4105,2160,5844,-2512,10956,-2973,443,24,21,7675,-152,-1346,0.322580636,2,0.645161271,769707
8,3410,4399,-3155,-5481,-3162,689,3211,-4512,444,-295,1524,-5488,3666,-703,3950,-2933,9297,-1926,418,17,2,7748,-96,-1274,0.376344085,2,0.752688169,897991
8,3283,3971,-3570,-3330,-2918,625,2979,-4220,11,-54,2468,-5010,3603,-2515,3227,-1873,6246,-1981,401,45,-35,7786,-183,-1225,0.327468216,2,0.654936433,781369
8,3332,4306,-3822,-1831,-2657,196,2258,-3885,-527,-119,3630,-4875,4365,-4490,1418,-2174,4964,-3549,368,1,-78,7723,-236,-1135,0.322580636,2,0.645161271,769707
8,3610,5238,-4149,-535,-2481,-727,1461,-3668,-845,49,4027,-4675,4772,-6992,51,-1860,3981,-5090,339,-67,-94,7753,-203,-1051,0.322580636,2,0.645161271,769707
8,3920,6075,-4141,102,-2545,-1226,240,-3206,-1230,70,3787,-4423,4804,-9012,-923,-1276,3431,-5911,299,-87,-105,7780,-127,-1095,0.317693055,2,0.635386109,758044
8,4219,6496,-3955,-38,-2381,-1664,-423,-2942,-1313,100,3389,-4883,5940,-9752,-1692,1090,-418,-6875,246,-59,-95,7755,-37,-1165,0.312805474,2,0.625610948,746382
8,4540,5251,-3364,-33,-1814,-1126,-1172,-2755,-1157,579,3545,-5193,4850,-11226,-1417,-757,957,-5728,173,-60,-89,7710,-34,-1105,0.317693055,2,0.635386109,758044
8,4532,4577,-2619,1243,-2061,-838,-1728,-2463,-1009,991,3989,-5264,3073,-12735,-1224,-2462,1998,-5423,98,-84,-62,7770,109,-960,0.312805474,2,0.625610948,746382
8,4352,3622,-1597,1848,-2669,-331,-2636,-1849,-936,1237,4510,-5617,1609,-13151,-1096,-1553,1174,-5317,24,-74,-43,7862,174,-846,0.312805474,2,0.625610948,746382
8,4138,2403,-768,2091,-3260,-161,-3344,-1205,-1070,1058,4487,-6169,386,-12902,-1123,-1763,1533,-4977,-47,-15,-18,7926,147,-900,0.322580636,2,0.645161271,769707
8,3739,573,407,2092,-3476,706,-4056,-416,-1275,1185,3603,-7182,-1516,-12818,-743,-2512,1182,-3525,-88,23,-11,7808,47,-1013,0.317693055,2,0.635386109,758044
8,2701,-954,768,908,-3901,1470,-4163,211,-1286,1638,3023,-7854,-2786,-12418,-243,-3231,464,-1728,-179,-2,10,7777,-73,-1013,0.317693055,2,0.635386109,758044
8,1401,-2403,1281,1353,-4218,879,-4281,1319,-1376,1266,4061,-8043,-3772,-12601,-9,-2338,403,-1115,-329,-8,16,7840,-82,-818,0.322580636,2,0.645161271,769707
8,982,-2022,1641,1782,-4876,-538,-4676,1964,-1553,564,5121,-8144,-4079,-11783,130,-320,999,-1059,-479,19,45,7899,-27,-675,0.312805474,2,0.625610948,746382
8,764,-1611,1899,-527,-5518,-2980,-5320,2825,-1923,-311,3981,-8404,-4195,-9282,711,798,3180,-739,-491,-2,56,7788,51,-738,0.322580636,2,0.645161271,769707
8,258,-1910,2256,-3134,-4965,-3778,-5430,3235,-2077,-945,2924,-8244,-5595,-6797,820,-470,4380,-249,-500,-34,75,7749,80,-843,0.317693055,2,0.635386109,758044
8,-541,-3598,2918,-4338,-5546,-4859,-4985,2958,-2165,-1182,3050,-8066,-6428,-4752,1056,-3844,3857,-141,-472,-54,95,7829,43,-965,0.322580636,2,0.645161271,769707
8,-976,-5010,3068,-3095,-6147,-5525,-4593,2420,-2161,-1093,3849,-8146,-6710,-4168,1083,-4041,3130,28,-487,14,106,7993,39,-938,0.332355827,2,0.664711654,793031
8,-1004,-5643,2960,-2034,-6038,-6139,-4250,1339,-1948,-1016,5146,-8595,-5098,-1753,1507,-3064,2645,565,-481,64,101,7894,11,-860,0.317693055,2,0.635386109,758044
8,-1101,-5249,2856,-3075,-5617,-6624,-4051,557,-1646,-409,5497,-8777,-3847,216,2104,-3409,3472,1750,-467,85,116,7776,92,-847,0.317693055,2,0.635386109,758044
8,-1535,-4976,2842,-4306,-5286,-6737,-3631,229,-1202,729,5350,-8683,-3724,2761,2369,-3802,6258,1882,-456,72,137,7755,77,-948,0.327468216,2,0.654936433,781369
8,-1897,-5105,2809,-3890,-5340,-6858,-3322,332,-929,1270,5607,-8742,-4351,4457,2370,-4343,6905,-914,-459,37,157,7806,22,-1065,0.322580636,2,0.645161271,769707
8,-2193,-5114,2654,-3558,-5582,-8137,-3100,451,-734,1396,5694,-9192,-4627,5664,2214,-4344,6305,-1585,-474,85,165,7951,-17,-1042,0.322580636,2,0.645161271,769707
8,-2350,-4592,2289,-2994,-5005,-8756,-2712,967,-335,2368,5092,-9616,-4776,7468,1924,-4952,8352,-3378,-414,150,155,7887,-116,-1029,0.381231666,2,0.762463331,909653
8,-2795,-4298,2337,-5550,-4774,-8984,-2154,1169,-166,1645,4976,-9454,-5426,7404,1565,-5580,7692,-6271,-341,165,136,7797,-135,-1044,0.317693055,2,0.635386109,758044
8,-3196,-4456,1984,-4703,-5425,-9050,-1447,1553,-180,1031,5470,-9264,-3884,6966,1822,-5742,9375,-7876,-278,166,130,7818,-108,-1096,0.322580636,2,0.645161271,769707
8,-3431,-3847,1716,-5000,-5364,-9218,-872,1972,80,1518,5149,-9705,-3677,6458,1835,-6437,10116,-8142,-236,170,135,7785,-61,-1072,0.317693055,2,0.635386109,758044
8,-3317,-2850,1205,-5375,-5340,-10169,199,2515,712,1790,5271,-9550,-2619,6216,952,-6625,8931,-9733,-170,178,135,7766,-24,-984,0.322580636,2,0.645161271,769707
8,-3325,-2001,957,-5769,-4511,-11118,586,2716,964,1534,5476,-9274,-2239,5515,1251,-5719,7860,-9119,-137,154,111,7715,58,-936,0.322580636,2,0.645161271,769707
8,-3171,-1993,1006,-5109,-5246,-11821,1179,2682,1168,724,5724,-9112,-2269,6741,2325,-3675,6971,-9459,-82,107,98,7733,134,-984,0.386119246,2,0.772238493,921316
8,-2901,-1793,1165,-3417,-5234,-11910,1683,2211,1462,21,5831,-9179,-2103,7576,2454,-4151,6528,-9391,-39,72,84,7757,141,-1053,0.322580636,2,0.645161271,769707
8,-2584,-803,1409,-3042,-4827,-11229,2192,1198,1961,-426,5914,-9022,-1521,7626,2818,-3137,5944,-10039,-41,81,82,7791,130,-1102,0.327468216,2,0.654936433,781369
8,-2319,0,1455,-3490,-4850,-11129,2542,308,2302,-362,5652,-8929,-165,7588,3035,-3093,6167,-9527,-48,83,102,7775,125,-1113,0.332355827,2,0.664711654,793031
8,-1965,974,1227,-4906,-5114,-10794,2899,-544,2596,-195,4857,-8832,875,6959,3272,-2742,7724,-9388,-82,76,144,7757,73,-1082,0.317693055,2,0.635386109,758044
8,-1720,1569,971,-6000,-5730,-10437,3262,-995,2738,-120,4332,-8852,829,6240,3514,-2444,10479,-9980,-93,78,175,7778,24,-998,0.322580636,2,0.645161271,769707
8,-1355,1468,723,-7550,-6135,-9476,3942,-1372,2820,-1,4422,-8664,-7,5930,3859,-1936,11614,-10560,-62,113,162,7798,-46,-1014,0.327468216,2,0.654936433,781369
8,-894,1142,558,-7824,-6400,-8749,4415,-1481,2703,137,4779,-8562,-509,5479,4645,-1939,10621,-9804,63,125,139,7756,-88,-1086,0.322580636,2,0.645161271,769707
8,-359,1377,419,-6394,-6301,-7892,4669,-1527,2377,37,4918,-8243,1636,5568,5348,-1691,9701,-9913,175,100,108,7724,-160,-1162,0.317693055,2,0.635386109,758044
8,-6,2377,254,-5416,-6075,-7423,4658,-1521,2138,47,4735,-7981,2216,4820,5049,-761,9949,-8799,278,80,68,7756,-193,-1203,0.317693055,2,0.635386109,758044
8,599,3839,-237,-6243,-5805,-7164,4493,-1321,1896,-150,4674,-7099,3353,4240,5144,-1500,9598,-8601,348,59,37,7739,-225,-1214,0.312805474,2,0.625610948,746382
8,1097,4414,-593,-6466,-5305,-6631,4284,-1296,1739,-521,4453,-6399,4313,1925,5376,307,9222,-7455,430,40,5,7712,-266,-1222,0.312805474,2,0.625610948,746382
8,1689,5362,-1187,-5965,-4799,-4456,4055,-1539,1511,-921,4054,-5959,5922,1091,5048,-317,9530,-6407,475,22,-14,7734,-261,-1217,0.317693055,2,0.635386109,758044
8,1995,6285,-1815,-6141,-4024,-2870,3904,-1906,1357,-836,4002,-5691,6240,-814,4479,-1085,9822,-4222,475,31,-44,7730,-145,-1114,0.317693055,2,0.635386109,758044
8,2105,6752,-2331,-6355,-3990,-1944,3492,-2301,1028,-589,3857,-5170,6676,-1855,3389,114,9471,-3613,530,-7,-64,7750,-155,-1168,0.317693055,2,0.635386109,758044
8,2275,6594,-2620,-5218,-3445,-954,3052,-2449,706,-354,3813,-4861,5772,-2997,2545,93,9370,-1979,549,-18,-78,7756,-184,-1074,0.317693055,2,0.635386109,758044
8,2376,6256,-2726,-4990,-2629,-800,2610,-2489,351,-91,3731,-4561,4903,-3419,1735,170,7591,-1450,538,27,-79,7869,-256,-1031,0.376344085,2,0.752688169,897991
8,2512,5132,-2597,-3675,-2234,-836,1817,-2321,57,463,4057,-4261,3717,-4686,1152,-694,5587,-2852,414,133,-64,7937,-272,-954,0.317693055,2,0.635386109,758044
8,2795,4598,-2286,-2080,-2312,-1342,1069,-2052,-125,750,4029,-3868,3048,-6491,341,-1025,3862,-4349,360,115,-66,7667,-349,-945,0.317693055,2,0.635386109,758044
8,3300,3912,-1861,-1250,-2386,-1594,31,-1629,-277,425,3928,-3428,4566,-7064,-644,-1270,2625,-6975,360,45,-68,7710,-376,-970,0.317693055,2,0.635386109,758044
8,3644,3347,-1402,611,-2287,-1353,-638,-1542,-347,66,4119,-3555,3698,-9123,-1714,-3005,2043,-6672,321,38,-80,7700,-422,-866,0.322580636,2,0.645161271,769707
8,3876,3312,-793,1038,-2408,-487,-1623,-1696,-386,-18,4521,-4054,4112,-10872,-2547,-1681,2334,-6164,187,12,-83,7819,-286,-672,0.317693055,2,0.635386109,758044
8,3806,3034,-501,516,-2374,142,-2360,-1675,-358,45,4349,-4680,3308,-12175,-2851,-2322,2996,-4105,177,-9,-104,7784,-232,-722,0.317693055,2,0.635386109,758044
8,3365,2173,-215,-106,-2680,1093,-3013,-1462,-224,643,3745,-6025,2039,-13058,-2340,-1901,3476,-3328,142,-11,-107,7805,-191,-763,0.34701857,2,0.694037139,828018
8,2753,774,-83,-1485,-2897,2166,-3260,-1017,-154,1688,3919,-6914,921,-14063,-1250,-2013,2838,-3380,5,-18,-99,7826,-150,-678,0.322580636,2,0.645161271,769707
8,1803,-1497,611,-1077,-4071,1423,-3623,429,-435,2036,4753,-7916,-589,-14583,-296,-1475,2238,-1962,-134,-24,-86,7827,-161,-647,0.307917893,2,0.615835786,734720
8,1252,-2160,896,-1084,-4816,275,-4197,1531,-771,1712,4584,-8543,-3103,-13474,1507,-470,2606,143,-274,-18,-38,7831,-171,-588,0.317693055,2,0.635386109,758044
8,435,-3154,1605,-2053,-5035,-2127,-4746,3087,-1275,700,2528,-9159,-5157,-11347,1606,-436,1318,-111,-363,-16,11,7822,-157,-582,0.312805474,2,0.625610948,746382
8,-421,-4156,1897,-1795,-5599,-3015,-4778,3917,-1612,-262,2516,-9008,-5217,-9639,1847,-1633,379,-776,-422,-1,20,7892,-118,-674,0.322580636,2,0.645161271,769707
8,-801,-4761,2033,-1150,-6377,-4804,-4638,3614,-1867,-914,4130,-8479,-3934,-8802,3132,-2138,1506,79,-509,6,32,7884,-60,-674,0.332355827,2,0.664711654,793031
8,-1031,-4614,1834,-965,-5743,-5327,-4509,2978,-1839,-678,4465,-8488,-4427,-5767,2844,-2248,3101,1905,-557,-7,41,7854,-45,-656,0.322580636,2,0.645161271,769707
8,-1197,-4330,1956,-2476,-4580,-6638,-4243,2320,-1583,391,3621,-8451,-4567,-2313,2768,-2411,2618,2623,-551,-4,38,7834,-43,-626,0.312805474,2,0.625610948,746382
8,-1703,-4567,2133,-2697,-4348,-7242,-3797,2063,-1322,892,3027,-8654,-3727,815,2733,-3045,2612,2579,-463,-6,28,7780,-104,-664,0.327468216,2,0.654936433,781369
8,-2052,-4743,2283,-2484,-4920,-7684,-3074,1434,-1044,747,3933,-9264,-2987,3403,3003,-4499,3033,1941,-399,-19,15,7751,-112,-669,0.317693055,2,0.635386109,758044
8,-2461,-4725,2205,-3025,-4614,-8492,-2531,811,-826,1201,4275,-9983,-2881,4958,3391,-4502,4735,-625,-374,-52,15,7752,-45,-742,0.317693055,2,0.635386109,758044
8,-2844,-4532,2117,-3121,-4931,-9537,-1781,579,-422,2115,4437,-10129,-3099,6017,3186,-5662,7900,-3333,-397,-96,20,7751,45,-717,0.317693055,2,0.635386109,758044
8,-2980,-3384,1935,-1956,-4730,-11343,-1365,1023,-133,2665,3770,-9823,-3907,7097,2500,-5809,6850,-5653,-398,-101,20,7754,39,-707,0.312805474,2,0.625610948,746382
8,-3227,-2825,1882,-2627,-4858,-11939,-285,1197,-134,1966,4468,-9972,-3346,8540,1980,-5800,6511,-7834,-378,-116,23,7758,56,-725,0.317693055,2,0.635386109,758044
8,-3323,-2557,1949,-2714,-5492,-12324,10,1257,26,1304,5147,-10114,-1782,9557,1749,-5041,6159,-9486,-383,-108,28,7779,55,-752,0.322580636,2,0.645161271,769707
8,-3058,-1679,1574,-2962,-5836,-11719,608,971,442,1369,4999,-9860,-736,9583,1128,-6009,8204,-11217,-417,-117,54,7791,35,-725,0.322580636,2,0.645161271,769707
8,-2960,-63,1095,-5106,-4420,-10719,1269,1021,790,1521,4708,-9796,143,8341,967,-5960,9041,-10910,-453,-120,77,7824,41,-719,0.317693055,2,0.635386109,758044
8,-3021,263,743,-6191,-5141,-10703,1755,860,1031,1184,5224,-9841,584,7730,983,-5116,9033,-10303,-503,-135,98,7798,-26,-724,0.322580636,2,0.645161271,769707
8,-2850,532,471,-6170,-5421,-11089,2007,518,1211,158,5630,-9570,133,7469,940,-4558,9061,-9275,-501,-117,111,7861,-150,-778,0.322580636,2,0.645161271,769707
8,-2663,179,476,-5505,-5243,-11143,2143,286,1331,-304,5093,-9232,-902,8011,1662,-2318,8890,-8751,-401,-87,133,7894,-342,-852,0.317693055,2,0.635386109,758044
8,-2461,-347,362,-4706,-5144,-10802,2561,-328,1523,-249,3787,-9030,-1643,9240,2864,-1379,8671,-10040,-319,-70,144,7921,-461,-892,0.317693055,2,0.635386109,758044
8,-2294,-575,208,-4603,-5188,-10100,3257,-609,1598,316,3249,-9227,-1890,10048,3415,-1846,7451,-10610,-294,-47,142,7911,-529,-860,0.317693055,2,0.635386109,758044
8,-2106,-394,103,-4593,-5123,-9255,4132,-619,1621,642,3698,-9149,-1183,9614,4039,-1536,6838,-10541,-193,0,105,7918,-443,-952,0.337243408,2,0.674486816,804693
8,-2001,261,-13,-4286,-5434,-8602,4468,-626,1537,682,4179,-9240,65,9082,4664,-1165,7648,-11148,-14,32,70,7868,-334,-1274,0.312805474,2,0.625610948,746382
8,-1692,1395,-240,-4695,-5664,-8684,4445,-729,1276,374,4302,-9058,874,7550,5160,-1043,7972,-10741,123,47,56,7842,-231,-1141,0.317693055,2,0.635386109,758044
8,-1398,1753,-501,-5200,-5465,-8756,4434,-593,964,90,3363,-8750,1797,7009,5774,1190,7923,-9538,279,82,35,7796,-217,-1228,0.327468216,2,0.654936433,781369
8,-1164,2080,-510,-4732,-4716,-7795,4789,-450,779,197,2292,-8944,2298,6231,5625,754,7597,-8732,392,91,-13,7741,-247,-1210,0.317693055,2,0.635386109,758044
8,-1115,2627,-583,-4212,-4465,-6810,5232,-446,744,344,2189,-9002,3040,5265,5366,2700,7875,-6436,455,75,-59,7669,-196,-1161,0.322580636,2,0.645161271,769707
8,-975,3245,-811,-4981,-4054,-5203,5505,-710,651,301,3657,-8598,4635,6142,4949,2058,6508,-5335,480,29,-79,7546,-106,-1046,0.317693055,2,0.635386109,758044
8,-1066,2969,-1091,-5265,-3404,-3827,5266,-755,430,736,4270,-8092,3124,3490,4610,529,8701,-5419,515,-58,-100,7585,-20,-1037,0.317693055,2,0.635386109,758044
8,-1108,2988,-1196,-4752,-3477,-4115,4565,-259,235,1488,3848,-6665,2713,2087,4177,1242,7489,-5957,539,-104,-104,7734,81,-1041,0.327468216,2,0.654936433,781369
8,-647,3557,-1542,-4330,-3477,-5300,3911,302,147,1485,3389,-5427,2931,134,4135,2893,5828,-6518,591,-81,-134,7754,-7,-1113,0.317693055,2,0.635386109,758044
8,39,4143,-1851,-3799,-3147,-5437,3148,861,-18,779,3313,-4273,3910,-1477,3788,3182,5704,-6591,554,-98,-124,7762,-129,-1078,0.322580636,2,0.645161271,769707
8,945,4725,-2135,-2959,-2416,-5001,2668,899,-181,339,2891,-4090,4359,-2877,3114,3255,5126,-6725,524,-56,-103,7836,-219,-1026,0.317693055,2,0.635386109,758044
8,1519,5053,-2163,-2119,-2088,-4861,2070,541,-228,-322,2121,-4073,4327,-3944,2123,3558,2345,-5797,471,-51,-83,7823,-317,-946,0.327468216,2,0.654936433,781369
8,2235,5236,-2162,-1313,-1636,-4509,1739,-81,-131,-631,1675,-4080,3590,-5028,1748,3358,3812,-5762,408,-30,-80,7931,-395,-903,0.327468216,2,0.654936433,781369
8,2764,5284,-2096,-339,-1530,-4836,1251,-1096,-16,-792,1709,-4046,3255,-5798,775,3372,2434,-5863,379,17,-99,7951,-346,-897,0.322580636,2,0.645161271,769707
8,3450,5307,-1930,272,-1463,-5098,880,-1822,-19,-662,1643,-4263,2723,-6589,56,2991,1810,-6183,336,46,-131,7825,-307,-819,0.317693055,2,0.635386109,758044
8,3884,5269,-1702,924,-1572,-5221,475,-2444,-51,-479,1738,-4767,2524,-7071,-539,2822,1310,-6674,330,-9,-127,7661,-334,-952,0.322580636,2,0.645161271,769707
8,4433,4540,-1301,2133,-1374,-5003,-88,-3120,-85,-49,1667,-5386,3250,-6710,-1224,881,866,-6388,243,-35,-93,7772,-316,-960,0.322580636,2,0.645161271,769707
8,4732,4353,-801,3207,-1845,-4802,-417,-3490,-94,161,2025,-5645,1909,-8107,-1342,2737,-1354,-6015,159,34,-86,7917,-244,-888,0.317693055,2,0.635386109,758044
8,5009,4246,-242,1991,-2026,-3234,-1000,-3711,-124,64,2591,-6011,2298,-8108,-2054,263,1321,-6033,167,73,-111,7826,-124,-846,0.312805474,2,0.625610948,746382
8,5093,3904,233,1660,-1761,-1693,-1476,-3858,-90,-75,2960,-6428,1127,-9247,-2359,-1537,1842,-5356,171,45,-109,7842,-12,-760,0.322580636,2,0.645161271,769707
8,4768,3504,851,1133,-2482,-190,-2152,-3991,45,148,3139,-6931,553,-10742,-2790,-2310,955,-4674,121,15,-111,7786,17,-734,0.317693055,2,0.635386109,758044
8,4373,2751,1301,413,-2966,403,-2753,-3714,166,519,3422,-6948,545,-11818,-3006,-3043,1095,-3645,-250,-15,-111,7827,70,-786,0.317693055,2,0.635386109,758044
8,3878,1972,1749,-97,-3483,719,-3761,-2896,220,587,3864,-6970,236,-13202,-2861,-2914,1203,-3195,-70,-30,-100,7784,71,-842,0.317693055,2,0.635386109,758044
8,3055,739,2341,-824,-3881,500,-4404,-2137,136,349,3757,-7499,-13,-13605,-2032,-2472,1881,-3113,-144,-16,-66,7802,58,-866,0.298142731,2,0.596285462,711396
8,2389,-85,2686,-631,-4639,641,-4881,-952,-29,385,3585,-8212,-521,-13211,-967,-1755,2253,-2884,-181,20,-36,7776,-5,-903,0.307917893,2,0.615835786,734720
8,1778,-1013,2778,-1464,-4928,381,-5083,-30,-226,278,3633,-8317,-973,-11772,335,-1694,2539,-1786,-184,63,-1,7806,-149,-908,0.307917893,2,0.615835786,734720
8,1116,-1844,2753,-2492,-4941,233,-5394,846,-589,-326,4177,-9002,-2588,-11249,1404,-2985,3416,-434,-214,82,10,7807,-192,-858,0.312805474,2,0.625610948,746382
8,91,-3152,2981,-3395,-5719,-1113,-5429,1365,-789,-404,3364,-9789,-4211,-10773,1767,-2566,3069,-528,-258,50,6,7781,-146,-764,0.312805474,2,0.625610948,746382
8,-678,-3967,2927,-3445,-6319,-3427,-5062,2090,-858,-42,2281,-10327,-4815,-9936,2425,-1615,2398,528,-293,-2,6,7761,-92,-742,0.312805474,2,0.625610948,746382
8,-1048,-5135,2602,-3598,-6243,-6670,-4686,2527,-923,-69,2744,-9851,-4475,-6104,3026,-263,3076,2906,-295,-32,-3,7744,-18,-790,0.312805474,2,0.625610948,746382
8,-1691,-5898,2498,-2686,-6213,-6794,-4670,2473,-1142,-831,4270,-9287,-4092,-630,3364,-2132,3777,3213,-298,-76,-13,7788,19,-837,0.317693055,2,0.635386109,758044
8,-2122,-5830,2567,-2982,-6358,-6859,-4548,2011,-1279,-1282,4398,-9885,-4545,1119,4181,-6307,4005,1317,-306,-76,0,7855,53,-819,0.307917893,2,0.615835786,734720
8,-2328,-5779,2460,-2862,-6895,-7920,-3878,1639,-1064,-857,3454,-10499,-4424,2099,3926,-6424,5012,211,-323,-65,-1,7803,-7,-786,0.317693055,2,0.635386109,758044
8,-2713,-5717,2371,-2077,-7416,-9219,-3192,1108,-932,-784,3497,-10704,-4602,4595,3806,-6529,5747,-545,-305,-59,-7,7758,-126,-774,0.317693055,2,0.635386109,758044
8,-2990,-5504,2299,-1386,-8112,-9615,-2576,681,-970,-986,4417,-10524,-5144,6927,3658,-7557,6638,-2742,-275,-47,13,7845,-209,-755,0.317693055,2,0.635386109,758044
8,-3208,-4947,2029,-1761,-8102,-9401,-1781,432,-1144,-1416,4856,-10737,-5411,7167,3108,-8846,5839,-4564,-248,-26,49,7915,-261,-673,0.317693055,2,0.635386109,758044
8,-3244,-4411,1818,-2272,-7355,-10327,-1013,383,-1025,-1181,3440,-10933,-4818,7113,2735,-7267,5612,-6605,-220,-25,46,7762,-324,-521,0.312805474,2,0.625610948,746382
8,-3266,-3561,1572,-2881,-6457,-12072,214,430,-555,341,1092,-10667,-3219,7579,3168,-5666,6661,-9438,-214,-110,29,7618,-299,-444,0.322580636,2,0.645161271,769707
8,-3278,-3163,1180,-3455,-6072,-12375,1213,445,-385,614,1212,-10216,-2112,8152,2794,-5875,8318,-9994,-426,-156,31,7766,-65,-369,0.317693055,2,0.635386109,758044
8,-3240,-2498,636,-4320,-5067,-12292,2030,422,-305,353,3647,-9658,-3000,8268,3418,-4461,9578,-10961,-616,-215,51,7905,306,-449,0.327468216,2,0.654936433,781369
8,-2978,-2551,438,-5323,-5584,-11364,2175,838,-274,-28,4524,-9498,-2956,8684,4006,-3756,9269,-10864,-729,-221,92,7989,539,-574,0.332355827,2,0.664711654,793031
8,-2647,-2691,356,-4297,-5059,-10719,2640,1145,68,-325,4833,-9395,-3191,8474,4350,-2799,7841,-10276,-763,-149,154,7957,536,-681,0.317693055,2,0.635386109,758044
8,-2280,-2179,600,-4044,-4410,-10088,2895,805,462,-516,5127,-9477,-2580,8253,4651,-1134,7846,-9988,-770,-63,225,7909,409,-821,0.317693055,2,0.635386109,758044
8,-2038,-1866,817,-3911,-4150,-9761,2920,352,885,-372,4923,-9554,-1819,8248,4713,-165,7811,-9036,-749,16,256,7878,224,-933,0.317693055,2,0.635386109,758044
8,-1778,-1064,821,-3797,-4192,-9027,2898,196,1066,-315,4135,-9592,-1232,8456,4686,552,8287,-8738,-744,71,270,7924,-99,-893,0.317693055,2,0.635386109,758044
8,-1756,-397,753,-4057,-4027,-8105,3127,256,1297,396,3117,-9623,-675,7896,4470,-76,8535,-8372,-687,126,263,7957,-272,-809,0.322580636,2,0.645161271,769707
8,-1847,296,457,-4990,-3829,-7433,3442,456,1431,818,2719,-9614,-456,6491,4462,323,9064,-8065,-581,132,214,7845,-396,-862,0.322580636,2,0.645161271,769707
8,-1927,514,362,-5214,-3714,-7475,3979,741,1503,1315,2757,-9650,-82,5418,4397,778,8884,-8204,-379,76,155,7711,-438,-1126,0.312805474,2,0.625610948,746382
8,-1885,907,347,-5040,-4097,-8412,4288,1041,1542,1203,3363,-9565,403,4275,4249,1722,8244,-8080,-246,13,110,7657,-475,-1506,0.312805474,2,0.625610948,746382
8,-1639,1549,408,-4784,-4171,-8916,4194,1360,1603,664,3811,-9469,1118,4386,4309,4124,7880,-7633,-167,26,93,7746,-421,-1385,0.312805474,2,0.625610948,746382
8,-1260,2600,287,-4813,-4228,-8654,3989,1528,1639,150,3571,-9226,2728,5208,4329,2690,8228,-8326,-3,52,77,7709,-354,-1426,0.317693055,2,0.635386109,758044
8,-1064,3306,68,-5145,-4638,-8098,3841,1397,1666,-529,3011,-8867,3123,3698,4290,3422,7985,-7219,146,56,47,7710,-221,-1390,0.312805474,2,0.625610948,746382
8,-692,3954,-31,-6069,-4503,-7199,3838,1194,1635,-893,2669,-8548,3675,2571,4805,2151,8169,-5640,243,58,20,7691,-125,-1367,0.317693055,2,0.635386109,758044
8,-512,3892,-260,-5392,-4827,-6252,3795,905,1506,-1059,2345,-8008,3711,1747,5341,2264,10238,-5153,345,58,16,7754,-54,-1348,0.317693055,2,0.635386109,758044
8,-320,4067,-539,-5065,-4343,-4211,3721,721,1405,-879,2252,-7453,3885,1043,4553,2087,9136,-4082,418,58,-11,7712,-96,-1249,0.312805474,2,0.625610948,746382
8,-296,3859,-842,-5303,-3747,-2969,3649,503,1303,-569,2334,-6591,3820,378,4206,1157,8309,-2798,448,26,-41,7746,-168,-1186,0.307917893,2,0.615835786,734720
8,-344,3534,-1143,-4927,-3461,-2371,3350,339,1004,-274,2628,-5355,3716,-265,3482,1486,7273,-2325,474,4,-73,7751,-270,-1139,0.317693055,2,0.635386109,758044
8,70,3643,-1471,-3770,-2682,-2813,2852,401,733,129,2568,-4659,3582,-1785,2710,1270,5740,-3863,442,-15,-91,7746,-312,-1102,0.312805474,2,0.625610948,746382
8,570,4195,-1676,-2422,-2121,-3291,2032,502,533,730,2351,-3999,3493,-3586,2065,1641,4636,-5425,461,-17,-103,7764,-366,-1270,0.322580636,2,0.645161271,769707
8,1335,5005,-1761,-844,-1783,-4054,1436,512,534,939,2019,-3661,3453,-4938,1390,1837,3157,-6534,527,16,-120,7734,-361,-1293,0.312805474,2,0.625610948,746382
8,1955,5734,-1761,388,-1577,-4337,693,326,649,543,1797,-3474,3879,-6169,679,2158,2113,-6843,578,37,-127,7748,-404,-1268,0.332355827,2,0.664711654,793031
8,2657,6656,-1690,1184,-1312,-4406,260,34,719,-5,1632,-3788,4122,-7329,-201,2024,1687,-6798,565,60,-137,7759,-332,-1002,0.327468216,2,0.654936433,781369
8,3055,7013,-1432,1468,-1252,-4102,-292,-798,872,-543,1525,-4345,4917,-8173,-1271,1568,925,-8082,526,39,-149,7783,-268,-938,0.322580636,2,0.645161271,769707
8,3514,5682,-986,1570,-1299,-4392,-544,-1711,1032,-755,1682,-4614,5607,-9093,-1772,1409,-1705,-7032,570,126,-166,7842,-216,-929,0.327468216,2,0.654936433,781369
8,3864,5216,-315,2747,-2312,-4472,-1008,-2945,1161,-981,2548,-4789,4471,-9805,-2134,815,1985,-6461,518,92,-180,7732,-206,-838,0.381231666,2,0.762463331,909653
8,4202,4595,429,2195,-2360,-3073,-1555,-3493,1123,-1173,3026,-5431,2570,-10806,-2074,-386,1373,-6790,389,2,-168,7712,-160,-681,0.332355827,2,0.664711654,793031
8,4051,3800,978,1321,-2893,-1785,-2248,-3896,1202,-957,3165,-6737,1367,-11183,-2086,-1919,1077,-5671,315,-44,-154,7735,-176,-583,0.327468216,2,0.654936433,781369
8,3541,2282,1849,538,-3304,-125,-2546,-4118,1361,-459,2920,-7724,267,-12009,-1845,-2614,1043,-3775,273,-55,-134,7847,-280,-609,0.317693055,2,0.635386109,758044
8,2885,1141,2321,-344,-3499,769,-2952,-3762,1428,465,2178,-8580,-670,-12223,-989,-2555,1300,-2556,272,-23,-107,7910,-296,-638,0.337243408,2,0.674486816,804693
8,1807,239,2620,-619,-4066,1034,-3199,-2773,1289,994,1512,-9078,-1130,-12117,172,-2384,2070,-1463,131,-14,-104,7890,-247,-591,0.317693055,2,0.635386109,758044
8,884,-350,2635,-1583,-4368,580,-3443,-911,982,1470,1208,-9425,-1714,-11589,836,-2209,1987,-980,33,-11,-106,7913,-154,-564,0.317693055,2,0.635386109,758044
8,-5,-1722,2543,-1771,-5388,-2047,-3639,318,655,1266,1472,-9567,-2439,-10815,1352,-1162,3106,-554,-80,-16,-92,7862,-61,-582,0.317693055,2,0.635386109,758044
8,-170,-2750,2362,-681,-6251,-3672,-4013,2130,3,340,2011,-9313,-2947,-8621,1627,-118,2891,224,-195,-23,-80,7890,49,-554,0.322580636,2,0.645161271,769707
8,-533,-3147,2239,-850,-5707,-4306,-4323,3016,-464,-779,2503,-9072,-3245,-4575,1675,-310,3504,989,-312,-27,-56,7936,236,-545,0.386119246,2,0.772238493,921316
8,-1049,-3237,2115,-2681,-5153,-5181,-4622,3000,-864,-1658,2083,-9437,-3137,-2349,1305,-1634,4795,1055,-405,-23,-36,7882,286,-611,0.317693055,2,0.635386109,758044
8,-1535,-3562,1919,-3639,-5399,-6183,-4360,2730,-766,-1493,609,-10006,-2855,-507,1235,-4318,5619,764,-474,-18,-17,7742,215,-590,0.317693055,2,0.635386109,758044
8,-2090,-4190,1594,-4128,-6012,-7302,-3623,2136,-534,-1126,333,-10065,-4229,1809,1106,-4160,7891,-1089,-505,-40,-15,7691,139,-613,0.337243408,2,0.674486816,804693
8,-2444,-4955,1387,-4035,-6053,-7416,-2686,1283,-635,-1033,2376,-9954,-5161,3708,1127,-4699,7499,-2437,-503,-49,-9,7780,43,-639,0.317693055,2,0.635386109,758044
8,-2935,-5338,865,-3781,-6040,-7490,-2369,936,-868,-727,3535,-10327,-5548,4266,1021,-6210,7268,-3415,-504,-81,9,7820,-37,-638,0.317693055,2,0.635386109,758044
8,-3020,-5226,583,-3489,-5873,-8702,-1996,1101,-913,578,2909,-10587,-5438,4526,721,-4315,6126,-4659,-447,-106,4,7796,-91,-622,0.327468216,2,0.654936433,781369
8,-3301,-4856,288,-3099,-5587,-10090,-1638,1342,-894,1599,2427,-10553,-4123,6325,830,-4618,8112,-5490,-434,-115,-21,7839,-12,-639,0.317693055,2,0.635386109,758044
8,-3605,-4593,-9,-2656,-5328,-10026,-1193,2156,-1116,1788,3127,-10260,-4799,6893,-12,-5065,8196,-8178,-454,-121,-23,7913,178,-764,0.312805474,2,0.625610948,746382
8,-3829,-4110,-455,-2917,-4760,-9645,-945,2770,-1269,1572,3737,-10399,-4719,6459,-398,-5750,7713,-10133,-475,-103,4,7908,248,-777,0.317693055,2,0.635386109,758044
8,-3778,-3518,-793,-2459,-4386,-10781,-675,3497,-1260,1734,2844,-10541,-3931,4955,-856,-5654,6082,-11543,-466,-61,39,7893,232,-749,0.322580636,2,0.645161271,769707
8,-3652,-2317,-1004,-2142,-3714,-12044,-285,3639,-1039,1960,2520,-10121,-2207,4455,-1116,-4865,5439,-12673,-423,-29,63,7847,167,-821,0.312805474,2,0.625610948,746382
8,-3572,-1637,-910,-1952,-3191,-12233,381,3427,-551,1568,3811,-9615,-1460,3757,-1394,-3988,5260,-11914,-405,-11,95,7900,50,-972,0.317693055,2,0.635386109,758044
8,-3216,-1362,-694,-1780,-2729,-12352,749,3022,-173,1091,4428,-9578,-1929,4136,-175,-2545,4244,-11331,-395,56,118,7943,-66,-1026,0.317693055,2,0.635386109,758044
8,-2921,-1273,-442,-1944,-2541,-12538,1109,2060,351,1137,3585,-9482,-1902,5110,426,-2833,4451,-11455,-317,91,105,7899,-218,-924,0.317693055,2,0.635386109,758044
8,-2532,-971,44,-2115,-2763,-12616,1590,1246,843,1464,3235,-9344,-1473,5034,1077,-2901,3785,-11332,-144,119,79,7810,-283,-870,0.317693055,2,0.635386109,758044
8,-2278,-565,343,-2197,-2871,-12023,2190,198,1381,1737,3711,-9500,-388,4926,1308,-2958,5235,-11743,31,109,37,7734,-318,-864,0.322580636,2,0.645161271,769707
8,-1833,363,387,-2465,-3114,-11721,2405,-235,1617,1912,3684,-9486,315,4270,1604,-2988,6340,-11818,151,55,9,7708,-281,-927,0.312805474,2,0.625610948,746382
8,-1400,1040,338,-2928,-3352,-12034,2506,-408,1809,2159,3019,-9026,600,3953,2147,-2356,6531,-11424,308,43,-11,7758,-179,-994,0.34701857,2,0.694037139,828018
8,-986,1384,364,-3101,-3560,-11719,2656,-251,1940,2036,2590,-8760,736,3925,2344,-2474,6804,-11457,446,30,-33,7754,-60,-1070,0.322580636,2,0.645161271,769707
8,-362,1693,260,-3261,-4294,-11585,2969,-226,2072,1088,2812,-8398,889,5814,2808,-115,6512,-10145,513,23,-39,7760,32,-1098,0.322580636,2,0.645161271,769707
8,154,1948,135,-3618,-4498,-11446,3082,-341,2029,82,2928,-8038,980,5412,3365,-1239,7324,-9986,519,23,-48,7752,170,-1123,0.322580636,2,0.645161271,769707
8,801,2507,-148,-4215,-5231,-10706,3014,-825,1841,-1039,2665,-7424,1932,5696,4273,203,7261,-9118,526,26,-53,7749,203,-1084,0.342130989,2,0.684261978,816356
8,1458,2945,-350,-4551,-5268,-9655,2916,-1362,1643,-1564,2166,-6940,2305,5717,5191,283,7699,-8487,577,37,-68,7752,211,-1042,0.332355827,2,0.664711654,793031
8,2239,3102,-680,-5194,-5225,-7419,2895,-1958,1443,-1855,1895,-6475,2278,5432,6168,276,8379,-7677,582,14,-80,7740,196,-1014,0.332355827,2,0.664711654,793031
8,2714,2452,-818,-5200,-4704,-4860,2828,-2791,1017,-2054,2171,-6078,1505,5237,6903,-326,7887,-6160,560,-11,-88,7671,70,-927,0.327468216,2,0.654936433,781369
8,2935,1206,-883,-4390,-3918,-1904,2598,-3265,589,-1899,2426,-5809,886,3875,7086,-1726,5641,-3855,595,-29,-114,7696,-109,-834,0.371456504,2,0.742913008,886329
8,2869,341,-778,-2990,-3071,-28,2027,-3634,-55,-1297,2590,-5559,-414,1487,6587,-2125,6007,-1936,612,-43,-125,7772,-189,-749,0.317693055,2,0.635386109,758044
8,2964,136,-570,-767,-2663,1094,1460,-3578,-451,-499,2645,-5403,140,336,4800,-2339,5868,-3442,598,-59,-108,7868,-248,-713,0.322580636,2,0.645161271,769707
8,3032,564,-732,-198,-2314,294,641,-3175,-791,782,2753,-4978,170,-2249,3043,-2594,4856,-4354,584,-72,-105,7874,-387,-737,0.322580636,2,0.645161271,769707
8,3238,1402,-962,451,-2134,-903,-38,-2694,-869,1556,3174,-4411,586,-3782,1032,-2153,4318,-6304,521,-42,-118,7887,-476,-738,0.327468216,2,0.654936433,781369
8,3337,1969,-1033,751,-2592,-1842,-939,-1789,-1010,1801,3362,-4291,587,-6021,309,-2150,1841,-7036,432,-18,-115,7899,-517,-780,0.322580636,2,0.645161271,769707
8,3506,3240,-1162,1581,-2729,-2964,-1427,-1144,-1089,1428,3067,-4909,1648,-7918,57,-1165,-2673,-7098,310,16,-90,7866,-435,-810,0.4056696,2,0.8113392,967965
8,3524,3593,-1203,1171,-3134,-3762,-1891,-786,-1086,727,2289,-6117,3692,-8804,-683,-1611,6347,-6224,179,30,-78,7841,-309,-720,0.395894438,2,0.791788876,944640
8,3411,4277,-814,706,-2855,-3743,-2011,-782,-1054,330,1871,-6837,2333,-11321,-1762,-227,3694,-6175,100,34,-95,7862,-153,-618,0.322580636,2,0.645161271,769707
8,3267,4307,-555,206,-3064,-3922,-1964,-868,-997,59,2037,-7590,1196,-11532,-1889,249,3873,-6497,39,1,-109,7790,103,-537,0.317693055,2,0.635386109,758044
8,2835,3128,-64,-1131,-3410,-3307,-2051,-1031,-883,-42,2443,-7907,-93,-11674,-2017,-1546,4198,-6525,-92,-65,-105,7682,278,-475,0.322580636,2,0.645161271,769707
8,2410,1792,327,-1455,-3441,-2257,-2359,-1468,-663,-109,3331,-8008,-1027,-11949,-2324,-1146,4417,-6560,-189,-167,-66,7651,312,-540,0.322580636,2,0.645161271,769707
8,1791,600,600,-1826,-3812,-1399,-2601,-1639,-581,268,3690,-8474,-1040,-12497,-2512,-1286,4132,-5744,-176,-125,-52,7857,365,-596,0.317693055,2,0.635386109,758044
8,830,-559,797,-1142,-4725,-2057,-3074,-1112,-596,951,3512,-8871,-829,-12896,-2324,-1024,4319,-5271,-169,-116,-39,7813,284,-650,0.322580636,2,0.645161271,769707
8,597,-295,1023,-1202,-4822,-2780,-3213,-416,-694,1408,2998,-9205,-454,-12718,-1984,-1974,5049,-5082,-166,-101,-20,7888,103,-607,0.317693055,2,0.635386109,758044
8,268,-114,954,-2564,-5211,-3709,-3193,785,-898,1463,3001,-9108,-590,-11490,-1319,1084,4630,-4867,-230,-65,-24,7860,-18,-571,0.312805474,2,0.625610948,746382
8,-155,-582,1107,-3187,-5175,-4815,-3292,1635,-1131,1041,3500,-8825,-1972,-8945,-217,70,5954,-1931,-251,-106,-12,7768,-56,-610,0.327468216,2,0.654936433,781369
8,-892,-2192,767,-4128,-4495,-4628,-3448,2518,-1460,456,3312,-8959,-3798,-4808,659,-194,6480,-1273,-287,-120,15,7812,-62,-669,0.317693055,2,0.635386109,758044
8,-1499,-3007,514,-4139,-4599,-5048,-3337,2974,-1507,212,2868,-9004,-5909,-4583,1179,-2126,5410,-140,-277,-114,25,7827,-32,-739,0.327468216,2,0.654936433,781369
8,-2116,-4145,679,-3231,-4805,-5703,-2994,2975,-1431,146,2832,-9064,-6337,-3683,1248,-2088,3008,547,-240,-80,10,7875,15,-786,0.312805474,2,0.625610948,746382
8,-2490,-4584,783,-2660,-4410,-5778,-2778,2876,-1363,-3,3496,-8905,-4213,-2467,575,-4404,2637,1439,-200,-34,-13,7883,113,-785,0.312805474,2,0.625610948,746382
8,-3056,-4441,689,-2091,-4231,-6536,-2716,2749,-1285,-29,3843,-8907,-4176,-1664,330,-3728,4002,1174,-188,-62,-9,7824,137,-724,0.317693055,2,0.635386109,758044
8,-3207,-4223,562,-1987,-3940,-7642,-2571,2601,-1149,225,3760,-8749,-3643,1062,481,-3217,4505,522,-180,-81,9,7792,96,-709,0.317693055,2,0.635386109,758044
8,-3342,-4196,305,-1928,-3820,-9054,-2404,2356,-1013,532,3583,-8708,-3872,3290,479,-4390,4858,-362,-184,-88,19,7767,56,-729,0.312805474,2,0.625610948,746382
8,-3446,-3973,174,-1945,-3931,-9514,-1950,2204,-815,991,3619,-8525,-4136,5237,453,-5983,4589,-2008,-177,-87,13,7764,22,-826,0.322580636,2,0.645161271,769707
8,-3270,-3615,260,-2191,-4069,-10703,-1483,2219,-696,1083,3825,-8685,-4269,6681,342,-5620,5054,-3636,-155,-111,2,7761,-25,-822,0.322580636,2,0.645161271,769707
8,-3233,-3468,377,-2485,-4207,-10999,-1003,2143,-437,896,4168,-8890,-4009,8312,808,-5298,6232,-5570,-150,-127,8,7789,-98,-779,0.322580636,2,0.645161271,769707
8,-3223,-3289,442,-3248,-4657,-11029,-673,1857,-273,667,4184,-9262,-4310,9038,890,-6745,6992,-7761,-192,-134,12,7822,-50,-681,0.332355827,2,0.664711654,793031
8,-3110,-3143,395,-3393,-4210,-10815,-149,1469,-62,920,4021,-9519,-3832,8114,317,-7620,8043,-10378,-274,-142,35,7816,62,-683,0.327468216,2,0.654936433,781369
8,-3225,-2252,-27,-3353,-3840,-10654,268,1429,148,1659,4198,-9294,-2639,6709,-381,-7996,7853,-10546,-301,-147,52,7823,115,-717,0.371456504,2,0.742913008,886329
8,-3024,-1094,-462,-3919,-3772,-11253,741,1526,425,2440,4833,-9127,-1244,5570,-125,-6815,6380,-10233,-321,-127,71,7866,161,-746,0.317693055,2,0.635386109,758044
8,-2647,-104,-745,-4607,-3739,-11975,922,1586,584,2489,5164,-8932,-158,5456,395,-6448,6200,-9613,-348,-84,80,7840,127,-759,0.322580636,2,0.645161271,769707
8,-2093,189,-657,-3756,-3803,-12753,1107,1840,809,1810,4989,-8891,131,6421,978,-5161,5866,-9065,-348,-81,91,7820,38,-714,0.322580636,2,0.645161271,769707
8,-1789,236,-450,-2666,-4015,-12941,1283,1762,1044,1043,4747,-9029,182,7837,1352,-4165,5128,-9604,-355,-103,108,7775,-26,-691,0.322580636,2,0.645161271,769707
8,-1341,477,-306,-2114,-4367,-12382,1631,1050,1271,274,4204,-9489,521,8741,1642,-3791,4723,-9672,-370,-140,140,7825,-10,-735,0.317693055,2,0.635386109,758044
8,-1136,701,-389,-2393,-4227,-11534,1929,393,1486,109,3495,-9903,893,8916,2072,-3020,4958,-9834,-369,-139,160,7867,-39,-860,0.322580636,2,0.645161271,769707
8,-1139,1084,-619,-2583,-4163,-10225,2561,-288,1847,414,2630,-10297,1088,8640,2450,-2626,5771,-10738,-321,-110,165,7912,-99,-988,0.327468216,2,0.654936433,781369
8,-1164,1436,-679,-3071,-4359,-9272,3119,-752,2141,985,2642,-10215,1009,7631,2721,-2389,6575,-10871,-268,-71,152,7882,-262,-1114,0.322580636,2,0.645161271,769707
8,-1240,1505,-739,-3639,-4653,-8554,3638,-856,2255,1593,3424,-9641,952,7229,3286,-2411,7074,-10523,-178,-13,143,7935,-492,-1191,0.381231666,2,0.762463331,909653
8,-1171,1152,-694,-4182,-4698,-8268,3879,-683,2144,1732,3832,-9220,4,6795,3445,-298,7238,-8846,-112,22,117,7925,-535,-1105,0.317693055,2,0.635386109,758044
8,-1086,372,-424,-4388,-4621,-7950,3989,-401,1894,1579,3752,-8745,-92,7250,3846,-1365,7166,-9067,-78,50,105,7915,-515,-1085,0.312805474,2,0.625610948,746382
8,-986,94,-344,-4249,-4392,-7905,4012,-280,1634,1391,3292,-8359,28,6098,4889,84,6828,-8102,28,83,102,7841,-408,-1137,0.386119246,2,0.772238493,921316
8,-838,402,-479,-4147,-4614,-7927,3979,-51,1394,1048,2849,-7896,348,5410,5522,511,7163,-7685,217,115,62,7772,-285,-1249,0.312805474,2,0.625610948,746382
8,-528,667,-609,-4371,-4682,-7851,3925,98,1108,191,2726,-7138,972,4974,5587,2684,6415,-7041,370,116,9,7676,-194,-1351,0.312805474,2,0.625610948,746382
8,-46,664,-678,-4459,-4136,-6317,3766,-135,917,-431,2888,-6540,1683,4597,6170,2184,6436,-6727,562,83,-33,7615,-56,-1348,0.342130989,2,0.684261978,816356
8,391,884,-868,-3775,-3667,-4966,3451,-774,613,-780,2794,-6016,1823,3610,5906,1729,6888,-7353,715,34,-70,7592,140,-1308,0.312805474,2,0.625610948,746382
8,972,1656,-1132,-2558,-3373,-3765,3196,-1387,423,-536,2585,-5559,2801,2365,5296,1442,7859,-7144,745,-26,-88,7576,246,-1325,0.322580636,2,0.645161271,769707
8,1319,2308,-1565,-2743,-2779,-3912,2778,-2017,183,14,2202,-4839,2363,-30,4441,1724,5938,-5407,709,-66,-102,7585,320,-1387,0.322580636,2,0.645161271,769707
8,1705,2707,-1909,-2579,-2502,-3785,2377,-2254,-11,344,2312,-4474,2730,-1238,3670,2303,4586,-5388,679,-96,-121,7620,287,-1406,0.317693055,2,0.635386109,758044
8,2452,3503,-2112,-1309,-2045,-3436,1645,-2437,-309,573,2879,-4000,3017,-2835,2555,1742,3534,-5416,627,-116,-128,7653,199,-1225,0.317693055,2,0.635386109,758044
8,2956,4402,-2307,-688,-1632,-3331,970,-2545,-529,594,2882,-3843,3369,-4369,1457,1426,2782,-5295,584,-131,-107,7733,129,-1068,0.312805474,2,0.625610948,746382
8,3588,5157,-2434,-119,-1242,-3353,147,-2727,-652,738,2582,-3827,3265,-5750,375,1733,2764,-5426,523,-127,-81,7776,-27,-885,0.322580636,2,0.645161271,769707
8,4053,5531,-2429,462,-1190,-3719,-473,-2862,-576,807,2665,-3813,2927,-6751,-340,1696,2146,-5879,468,-90,-59,7851,-163,-821,0.322580636,2,0.645161271,769707
8,4651,5577,-2111,913,-1244,-3317,-1234,-3107,-344,542,3098,-4140,2196,-7169,-951,1628,1963,-6216,344,-81,-40,7855,-194,-728,0.322580636,2,0.645161271,769707
8,5032,5693,-1681,1043,-1224,-3266,-1829,-3303,-216,412,3394,-4518,1529,-8408,-1729,402,878,-6054,290,-64,-41,7933,-230,-758,0.322580636,2,0.645161271,769707
8,5161,4917,-1043,772,-1533,-2444,-2531,-3290,-260,671,3129,-5554,3211,-8705,-2499,1,150,-5111,239,-66,-54,7876,-299,-704,0.327468216,2,0.654936433,781369
8,5006,4235,-221,757,-1968,-1236,-2862,-3250,-303,1218,2602,-6787,2711,-10311,-3148,-884,2715,-5239,175,-40,-60,7925,-246,-621,0.327468216,2,0.654936433,781369
8,4321,3355,533,440,-2250,-114,-3082,-2935,-236,2108,1960,-8018,1876,-11795,-3267,-2901,2835,-3878,159,-37,-74,7782,-284,-692,0.317693055,2,0.635386109,758044
8,3389,2243,929,-250,-2593,798,-3198,-2239,-204,2671,2616,-8416,1314,-12878,-3117,-2883,2444,-3351,32,-45,-62,7780,-213,-675,0.312805474,2,0.625610948,746382
8,1915,-10,1587,-1401,-3231,1946,-3711,-802,-211,2892,4586,-8330,-232,-13545,-2430,-3267,2682,-3130,-83,-59,-14,7759,-109,-720,0.317693055,2,0.635386109,758044
8,666,-2115,1905,-599,-3474,2103,-4342,501,-339,2561,5007,-8842,-1551,-14350,-1310,-2036,2153,-2749,-261,-78,45,7815,-10,-701,0.317693055,2,0.635386109,758044
8,-284,-2909,2393,302,-4700,705,-4966,2257,-660,1721,3497,-9804,-2636,-14189,-200,-80,1882,-1362,-378,-55,90,7871,50,-716,0.327468216,2,0.654936433,781369
8,-829,-2910,2176,-1334,-4613,-1907,-5089,3347,-963,803,2604,-9777,-3832,-13091,777,411,2283,491,-433,-28,103,7868,10,-843,0.322580636,2,0.645161271,769707
8,-1635,-3430,2473,-3472,-5019,-4525,-4999,4420,-1305,-74,2565,-9429,-5563,-10217,1139,1156,2364,-830,-467,8,100,7857,-70,-948,0.317693055,2,0.635386109,758044
8,-2221,-4438,2550,-3703,-5019,-6480,-4912,4853,-1447,-573,3179,-8960,-5827,-6249,2584,-844,3857,-1873,-546,-1,111,7815,-98,-892,0.386119246,2,0.772238493,921316
8,-2397,-5530,2333,-3512,-5828,-8517,-4748,4634,-1561,-1118,3439,-8590,-6155,-3061,3614,-2405,4459,-802,-603,-44,116,7819,-170,-900,0.317693055,2,0.635386109,758044
8,-2316,-6028,2042,-3061,-5919,-9326,-4351,3832,-1597,-1347,3092,-8609,-6020,-26,3836,-4368,3577,-530,-597,-40,116,7847,-239,-910,0.317693055,2,0.635386109,758044
8,-2177,-5991,2282,-2735,-5512,-9905,-3780,2705,-1408,-1146,3152,-8374,-5005,2031,3510,-4392,2981,-371,-596,-26,117,7786,-221,-960,0.317693055,2,0.635386109,758044
8,-2162,-5809,2413,-2509,-5258,-10053,-3075,1000,-1090,-671,4701,-7922,-4125,4430,3393,-4830,5015,-2547,-549,-39,110,7736,-208,-1031,0.312805474,2,0.625610948,746382
8,-2038,-5575,2446,-1996,-5274,-10380,-2867,129,-900,-97,6106,-7865,-3752,6102,2208,-4180,7172,-4350,-545,-59,118,7771,-162,-1037,0.317693055,2,0.635386109,758044
8,-1699,-5253,2445,-1992,-4750,-10705,-3036,-840,-528,421,6046,-8054,-4886,7914,1688,-3772,7673,-7285,-499,-57,108,7822,-100,-1015,0.317693055,2,0.635386109,758044
8,-1600,-4600,2328,-2334,-5017,-10526,-2988,-1374,-185,1078,4842,-8335,-5314,8606,1958,-5337,7157,-9614,-450,-37,95,7825,-93,-1047,0.322580636,2,0.645161271,769707
8,-1352,-4069,2194,-5146,-4391,-10466,-2405,-1709,192,1612,4586,-8736,-4435,7689,2238,-6698,7640,-12873,-406,-30,97,7780,-63,-1125,0.322580636,2,0.645161271,769707
8,-1219,-4293,2109,-4859,-4691,-10106,-1780,-1514,446,2270,4918,-9219,-3287,5158,2231,-6763,8591,-11545,-370,-25,90,7759,-55,-1166,0.322580636,2,0.645161271,769707
8,-993,-3329,1742,-3803,-4865,-10661,-654,-805,830,2993,5065,-10223,-2477,4608,1604,-4664,8163,-10250,-328,-10,84,7792,-102,-1155,0.322580636,2,0.645161271,769707
8,-1013,-2351,1469,-4689,-4417,-11616,130,-416,1031,3054,4907,-10711,-2374,4939,2200,-3644,6883,-9822,-316,-19,82,7762,-133,-1098,0.317693055,2,0.635386109,758044
8,-1171,-1977,1447,-4974,-4367,-12208,855,157,1296,2298,5128,-10694,-1636,5978,2549,-2679,6790,-10105,-310,-12,86,7751,-207,-994,0.317693055,2,0.635386109,758044
8,-1211,-1747,1527,-4449,-4429,-11859,1454,401,1521,1644,5410,-10775,-1982,6225,2878,-1883,8238,-9406,-229,-31,87,7749,-206,-1019,0.312805474,2,0.625610948,746382
8,-1289,-1066,1423,-4741,-4054,-10775,2153,228,1963,1151,5283,-10477,-2250,7027,3360,-1487,9008,-9498,-168,-44,80,7768,-177,-1025,0.317693055,2,0.635386109,758044
8,-1388,-613,1297,-6110,-4047,-10304,2745,22,2262,1357,4961,-10204,-2188,6279,3815,-2023,9328,-9611,-148,-39,85,7863,-104,-1090,0.312805474,2,0.625610948,746382
8,-1375,-337,1135,-6761,-4731,-10247,3447,-363,2593,1198,4725,-9887,-1832,5278,4348,-996,9142,-10003,-58,7,74,7870,-47,-1189,0.307917893,2,0.615835786,734720
8,-1285,-190,1110,-6729,-4999,-10342,3948,-495,2645,892,4579,-9857,-619,5318,4595,310,8802,-9440,59,46,75,7774,-25,-1186,0.317693055,2,0.635386109,758044
8,-997,697,986,-5956,-5360,-9844,4404,-549,2647,465,5039,-9573,644,5442,5220,646,8946,-8960,131,37,78,7657,-69,-1165,0.322580636,2,0.645161271,769707
8,-769,2214,613,-5833,-5684,-9195,4509,-621,2594,354,4968,-9134,2346,5565,5491,2291,9316,-8430,195,8,78,7663,-152,-1197,0.332355827,2,0.664711654,793031
8,-443,4289,-81,-6715,-5899,-8198,4669,-594,2403,150,4312,-8512,4082,5916,5769,939,10223,-9333,252,-11,46,7684,-223,-1289,0.332355827,2,0.664711654,793031
8,-146,5027,-395,-7248,-5583,-7418,4825,-697,2263,-115,3849,-8248,4372,4423,6283,1571,10792,-8584,277,-39,16,7726,-222,-1324,0.327468216,2,0.654936433,781369
8,223,5296,-692,-7053,-5484,-6239,5065,-941,1990,-321,3520,-7938,4479,3583,6808,1298,9970,-7443,264,-57,-7,7719,-185,-1282,0.312805474,2,0.625610948,746382
8,453,5345,-928,-6524,-5233,-5058,5099,-1149,1781,-316,3700,-7392,4850,2838,6681,731,10267,-5894,281,-69,-27,7654,-269,-1254,0.317693055,2,0.635386109,758044
8,554,5393,-1202,-6199,-4696,-3723,4934,-1398,1381,-170,3776,-6687,4369,567,5566,1665,10590,-4553,313,-82,-46,7715,-347,-1216,0.386119246,2,0.772238493,921316
8,619,5112,-1568,-5811,-3907,-3065,4658,-1517,1063,195,3342,-6489,4330,-169,4460,1874,9569,-2879,322,-78,-41,7798,-353,-1178,0.307917893,2,0.615835786,734720
8,664,4758,-1865,-5207,-3413,-3034,4353,-1491,773,809,2797,-6194,3953,-847,3032,2474,8723,-3043,323,-75,-49,7744,-429,-1105,0.415444762,2,0.830889523,991289
8,891,4459,-2220,-4550,-2965,-3293,4139,-1328,616,1072,2886,-5752,3674,-1809,2143,1917,7522,-3923,333,-71,-60,7760,-518,-1051,0.317693055,2,0.635386109,758044
8,1205,4398,-2399,-3323,-2621,-3499,3761,-1163,456,1073,3294,-5225,2978,-2956,1640,1779,5418,-5432,337,-47,-75,7828,-527,-1024,0.322580636,2,0.645161271,769707
8,1694,4826,-2475,-1722,-2397,-4131,2943,-950,296,869,3432,-4790,2966,-4470,1049,2140,3130,-6550,329,-42,-82,7819,-504,-1063,0.366568923,2,0.733137846,874667
8,2192,5407,-2439,-335,-2166,-4751,2267,-940,288,731,2897,-4736,3711,-5755,505,2162,1887,-6967,314,-42,-88,7782,-480,-1105,0.322580636,2,0.645161271,769707
8,2718,6599,-2386,685,-1877,-4652,1573,-1116,416,557,1916,-4741,4470,-6903,-166,2223,1942,-6731,246,-12,-76,7822,-444,-1036,0.327468216,2,0.654936433,781369
8,3008,7083,-2253,390,-1465,-4033,1209,-1466,525,349,2002,-4616,4913,-7389,-898,2014,1939,-6232,197,17,-72,7815,-405,-973,0.327468216,2,0.654936433,781369
8,3342,6916,-1580,1038,-1376,-3102,555,-2034,542,15,2404,-4572,4080,-8404,-1269,1488,1771,-5215,174,22,-65,7773,-368,-936,0.322580636,2,0.645161271,769707
8,3528,6427,-973,543,-1116,-2165,-20,-2585,513,-54,2629,-4746,3949,-8677,-2144,938,397,-4105,133,2,-53,7755,-386,-947,0.317693055,2,0.635386109,758044
8,3590,4607,-212,890,-1141,-896,-811,-3011,597,174,2719,-5095,2627,-9600,-2420,-1242,2262,-3119,120,1,-45,7777,-437,-952,0.386119246,2,0.772238493,921316
8,3388,3940,270,1154,-1864,-553,-1392,-3037,619,391,2423,-5379,1469,-10605,-2518,-739,637,-3551,9,26,-51,7839,-378,-881,0.322580636,2,0.645161271,769707
8,3118,3014,821,921,-2472,-561,-2157,-2697,607,457,2392,-5565,1041,-11033,-2432,-1241,276,-3454,-54,29,-54,7764,-309,-884,0.317693055,2,0.635386109,758044
8,2803,2246,1325,465,-2975,-574,-2758,-2276,562,404,2660,-5722,906,-11238,-2248,-1239,315,-3075,-143,-19,-25,7751,-298,-907,0.312805474,2,0.625610948,746382
8,2371,1122,1991,665,-3252,-338,-3428,-1530,478,232,2817,-6384,321,-11045,-1619,-1791,788,-2695,-206,2,-7,7836,-335,-920,0.312805474,2,0.625610948,746382
8,2021,494,2137,495,-3755,374,-3766,-949,459,209,2787,-7008,-380,-10423,-650,-1663,1066,-1766,-278,52,-15,7883,-318,-920,0.317693055,2,0.635386109,758044
8,1558,-119,2194,177,-3893,566,-4091,-263,442,314,3057,-7749,-1178,-9788,319,-1984,941,-826,-351,69,-25,7851,-257,-928,0.322580636,2,0.645161271,769707
8,783,-1057,2437,-570,-4081,461,-4432,361,385,318,3642,-8030,-1836,-8905,711,-3173,825,457,-410,58,1,7816,-233,-933,0.312805474,2,0.625610948,746382
8,163,-1752,2657,-1082,-4923,-293,-4907,1250,28,-174,3952,-8565,-2424,-8665,1141,-2207,1326,706,-491,51,19,7791,-223,-904,0.317693055,2,0.635386109,758044
8,-378,-2957,2957,-1699,-5690,-1554,-5245,2034,-292,-433,3967,-8619,-3085,-7610,1938,-2225,1972,1687,-485,45,13,7751,-261,-879,0.371456504,2,0.742913008,886329
8,-903,-3926,3261,-2388,-5641,-2352,-5709,2500,-727,-877,4501,-8304,-3667,-4786,2269,-2444,2768,2170,-436,30,-8,7755,-282,-866,0.317693055,2,0.635386109,758044
8,-1508,-5184,3545,-4029,-5525,-3511,-5960,2472,-1027,-1072,4358,-8778,-4474,-3139,3096,-3512,3255,2123,-386,16,-18,7756,-325,-894,0.312805474,2,0.625610948,746382
8,-1852,-5971,3493,-4724,-5503,-4425,-5887,2616,-1073,-365,3264,-9406,-4695,-2327,3907,-3414,4770,937,-312,-3,-33,7757,-384,-922,0.327468216,2,0.654936433,781369
8,-2447,-6740,3415,-4564,-5208,-4847,-5592,2740,-1010,376,3281,-9396,-4990,-738,4141,-3676,6122,1076,-280,-12,-41,7762,-404,-933,0.322580636,2,0.645161271,769707
8,-2978,-7069,3280,-3374,-5263,-6362,-5168,2802,-1069,493,3683,-9753,-5799,718,3861,-4019,5870,642,-306,-29,-36,7784,-315,-938,0.327468216,2,0.654936433,781369
8,-3449,-6619,2986,-1552,-4980,-8393,-4483,2976,-954,808,3600,-10402,-5346,2790,3065,-4200,5062,-1125,-348,-18,-32,7790,-256,-955,0.327468216,2,0.654936433,781369
8,-3885,-5553,2817,-894,-4617,-9133,-3839,2903,-767,1125,3542,-10673,-4783,4364,2078,-5020,5328,-2614,-343,-2,-36,7763,-223,-912,0.312805474,2,0.625610948,746382
8,-4391,-4026,2438,-1644,-3995,-9867,-2946,2589,-495,1311,4262,-11011,-2943,4907,1370,-5006,5782,-6046,-291,-8,-43,7819,-171,-900,0.317693055,2,0.635386109,758044
8,-4732,-2936,2007,-2226,-3815,-10907,-2258,2279,-266,1580,4694,-11427,-2320,5352,1108,-5241,6584,-6637,-295,-4,-41,7811,-105,-855,0.317693055,2,0.635386109,758044
8,-5179,-1900,1724,-4138,-2915,-13622,-1286,2342,275,3150,4627,-12062,-1958,6287,940,-4957,7893,-8783,-328,-30,-35,7760,-46,-817,0.317693055,2,0.635386109,758044
8,-5522,-1732,1659,-3210,-3159,-13895,-899,2443,515,3554,4232,-11507,-1781,7350,666,-4864,7026,-11696,-346,-56,-33,7755,-24,-848,0.317693055,2,0.635386109,758044
8,-5664,-1013,1282,-2386,-2575,-14371,453,3260,899,4092,5056,-11505,-1085,6992,311,-5321,6355,-12605,-354,-87,-21,7757,-36,-909,0.322580636,2,0.645161271,769707
8,-5621,-88,961,-2857,-2061,-15456,911,3563,1062,3710,5871,-11245,135,7244,247,-4061,5946,-12962,-407,-101,5,7850,92,-830,0.322580636,2,0.645161271,769707
8,-5410,1012,633,-4884,-2076,-15753,1437,3551,1384,3368,6009,-10485,1804,8796,-759,-3928,7478,-13742,-247,-97,1,7805,114,-840,0.312805474,2,0.625610948,746382
8,-5175,1384,512,-4917,-2169,-15128,1935,3370,1641,2809,6059,-10205,325,8284,660,-2502,8572,-14337,-131,-86,14,7772,72,-860,0.322580636,2,0.645161271,769707
8,-4889,1530,182,-4983,-2170,-14650,2346,2671,2070,2195,5813,-10071,-503,8602,1177,-3963,9574,-15685,-21,-77,24,7763,-14,-974,0.317693055,2,0.635386109,758044
8,-4424,1466,-216,-5103,-2473,-15045,2744,2140,2460,2141,5819,-9217,-362,7111,1560,-4328,6883,-14226,40,-75,23,7770,-76,-1015,0.371456504,2,0.742913008,886329
8,-4065,1428,-134,-3898,-2829,-15185,3510,1722,2875,2053,6216,-8702,-225,7334,2044,-2284,6870,-15389,114,-55,24,7774,-130,-1058,0.322580636,2,0.645161271,769707
8,-3240,1309,-182,-4490,-3634,-15206,3981,1292,3099,1819,5980,-8678,-825,7338,2833,-3248,8795,-15632,197,-51,10,7755,-179,-1151,0.317693055,2,0.635386109,758044
8,-2486,709,-114,-5419,-4085,-14655,4366,675,3268,1439,5145,-8271,-1275,8409,3944,-1355,8710,-16355,250,-46,-2,7771,-212,-1248,0.317693055,2,0.635386109,758044
8,-1459,-141,187,-5263,-4382,-13395,4663,282,3301,1215,4676,-8070,-1148,7057,5059,-2588,7722,-15376,263,-38,-22,7820,-214,-1281,0.322580636,2,0.645161271,769707
8,-682,-72,402,-4078,-4876,-12491,5047,-180,3400,778,4298,-7818,-500,6334,6978,-2462,6813,-13874,258,-1,-47,7829,-174,-1168,0.312805474,2,0.625610948,746382
8,183,1445,412,-3073,-4913,-11578,5332,-649,3284,126,3841,-7532,2008,5765,6543,-402,7131,-11375,262,-6,-57,7722,-155,-1033,0.351906151,2,0.703812301,839680
8,628,3328,-125,-4100,-5012,-9757,5444,-1591,2931,-517,3426,-7238,4160,4892,6104,632,8978,-8293,367,-49,-81,7703,-130,-1062,0.317693055,2,0.635386109,758044
8,1049,5389,-1063,-5558,-4318,-7501,5452,-2133,2484,-278,2667,-7114,5114,4851,6379,923,9890,-8162,426,-80,-93,7739,-163,-1127,0.317693055,2,0.635386109,758044
8,1426,5662,-1298,-5826,-4159,-6423,5453,-2442,2132,71,2025,-6845,2991,3331,6307,728,9729,-7312,454,-69,-108,7821,-176,-1180,0.322580636,2,0.645161271,769707
8,1833,4100,-1116,-5408,-3423,-5282,5455,-2797,1729,388,2178,-6260,1965,2752,5761,1652,7922,-5492,510,-27,-122,7807,-254,-1164,0.317693055,2,0.635386109,758044
8,2138,2845,-1008,-4512,-2757,-4398,5271,-2968,1351,637,2617,-5515,1575,2071,5271,1924,6988,-4511,521,-13,-133,7786,-282,-1101,0.312805474,2,0.625610948,746382
8,2588,2253,-1040,-3187,-1604,-3296,4581,-3036,748,938,2741,-4552,1468,784,4743,1914,5507,-3178,507,-23,-123,7779,-313,-1076,0.386119246,2,0.772238493,921316
8,2934,2521,-1209,-2803,-1015,-2705,3862,-2985,369,1246,2427,-4064,1816,-668,3744,1382,4039,-3202,461,-29,-117,7768,-280,-1075,0.317693055,2,0.635386109,758044
8,3507,2970,-1369,-1736,-505,-2376,2950,-2742,25,1529,1708,-3832,1971,-2988,3077,817,2564,-3591,427,-25,-108,7752,-188,-1083,0.317693055,2,0.635386109,758044
8,3875,3720,-1478,-721,-192,-1834,2284,-2750,-149,1516,1639,-3657,2513,-4073,2542,1141,1970,-3966,419,-12,-108,7774,-137,-1098,0.322580636,2,0.645161271,769707
8,4244,4837,-1685,159,403,-1476,1321,-2875,-451,1430,1617,-3789,2929,-5452,1674,1109,2314,-3535,387,-5,-102,7810,-43,-1052,0.332355827,2,0.664711654,793031
8,4386,5258,-1710,293,515,-1666,690,-2859,-606,1551,1591,-3998,2528,-6597,420,1309,2377,-3064,322,15,-87,7857,-50,-940,0.327468216,2,0.654936433,781369
8,4564,5134,-1592,606,555,-1755,-246,-3022,-604,1724,1962,-3840,1670,-7472,-534,1709,1586,-3479,339,64,-81,7826,-117,-915,0.322580636,2,0.645161271,769707
8,4812,4866,-1344,634,440,-2142,-990,-3123,-604,1679,2177,-3752,1274,-8382,-1280,1267,690,-3939,345,45,-101,7750,-209,-927,0.317693055,2,0.635386109,758044
8,5094,3707,-1102,-581,840,-1653,-2014,-3122,-600,1230,2755,-3700,2462,-8777,-1604,83,2537,-4622,266,-23,-110,7724,-242,-938,0.317693055,2,0.635386109,758044
8,5262,3150,-188,1775,-444,-2208,-2879,-3005,-717,733,3040,-4292,2084,-9987,-2094,-11,761,-4700,131,-28,-93,7825,-257,-979,0.327468216,2,0.654936433,781369
8,5191,2973,301,1316,-1006,-2020,-3525,-2825,-690,830,2286,-5747,454,-11976,-2221,-299,-41,-5196,22,-18,-95,7835,-223,-915,0.322580636,2,0.645161271,769707
8,4879,2269,964,495,-1888,-1547,-3910,-2970,-414,927,2110,-6373,285,-12885,-1820,-885,1049,-6107,-68,64,-112,7890,-82,-833,0.327468216,2,0.654936433,781369
8,4645,1581,1325,106,-2918,-999,-4329,-3258,-288,354,3430,-6340,-2499,-14439,-1285,-2059,2910,-7923,-169,43,-119,7693,-7,-825,0.322580636,2,0.645161271,769707
8,4222,-8,1898,-714,-3789,-84,-4898,-3106,-605,-245,5093,-6762,-3522,-14992,-326,-1267,1030,-6232,-293,-41,-71,7724,93,-795,0.322580636,2,0.645161271,769707
8,3731,-1444,2625,-379,-3847,595,-5618,-2568,-990,-271,4426,-9209,-2784,-14614,473,-718,766,-4776,-455,-54,-13,7764,154,-769,0.327468216,2,0.654936433,781369
8,2824,-2074,2692,57,-4894,-626,-5565,-1962,-642,856,2119,-10667,-1948,-14161,1248,-2329,1549,-2569,-508,-42,-4,7816,8,-844,0.322580636,2,0.645161271,769707
8,2079,-2052,2569,-49,-5829,-1639,-5176,-516,-250,1893,963,-10372,-2961,-13823,1707,1,1176,-523,-546,-15,-13,7836,-92,-866,0.317693055,2,0.635386109,758044
8,831,-2822,3026,-1292,-6023,-3142,-5115,771,-544,1124,2999,-9440,-3972,-9326,2105,1405,3159,250,-542,-9,-1,7877,-123,-865,0.371456504,2,0.742913008,886329
8,51,-4217,2725,-1988,-6096,-3790,-5584,1889,-1280,-736,5857,-9655,-5173,-7870,2678,-1331,2924,1479,-556,-12,15,7851,-117,-842,0.317693055,2,0.635386109,758044
8,-238,-5135,2693,-2481,-6635,-4998,-5934,2092,-1575,-1486,5011,-10505,-5085,-6792,2812,-1465,2065,3844,-543,8,18,7855,-106,-858,0.317693055,2,0.635386109,758044
8,-603,-5108,3001,-3291,-6485,-6287,-5732,1920,-1224,-1069,2681,-10365,-4129,-3059,2705,-1798,3046,6988,-519,16,5,7780,-77,-905,0.322580636,2,0.645161271,769707
8,-1423,-5366,3121,-3682,-5895,-5810,-5219,1501,-1021,-351,2890,-9917,-2715,2133,2898,-1947,5001,4608,-475,0,-7,7709,-36,-971,0.322580636,2,0.645161271,769707
8,-2070,-5827,2733,-3911,-5824,-5090,-4561,1082,-1018,-118,4903,-10378,-3872,4129,3392,-4299,8660,1099,-427,-21,-2,7774,49,-1001,0.317693055,2,0.635386109,758044
8,-2898,-6640,2476,-3614,-5363,-6280,-4016,944,-941,503,4726,-11378,-6185,3505,2709,-4494,7716,102,-304,-34,-7,7760,36,-1007,0.317693055,2,0.635386109,758044
8,-3544,-6681,2459,-2468,-4931,-7871,-3364,1407,-517,1631,3162,-11594,-6127,5623,2480,-3446,6615,-22,-231,-42,-30,7746,39,-1037,0.317693055,2,0.635386109,758044
8,-4449,-5673,2134,-1846,-4819,-9010,-2322,2153,-136,2631,2942,-11325,-5499,7842,1161,-5531,7224,-2804,-200,-68,-43,7698,62,-1118,0.312805474,2,0.625610948,746382
8,-4828,-4180,1422,-434,-4730,-9273,-1630,2770,-140,2472,4004,-11538,-4508,7104,536,-5058,6147,-6534,-256,-106,-14,7763,176,-1105,0.312805474,2,0.625610948,746382
8,-5448,-2535,1074,-2892,-3533,-10609,-925,3512,-149,995,4330,-11929,-2899,8139,53,-4804,7225,-7938,-341,-96,14,7862,284,-958,0.317693055,2,0.635386109,758044
8,-5941,-1766,821,-2841,-3935,-12555,-472,3826,-22,1957,3934,-11550,-2000,8229,-785,-6237,7781,-9972,-317,-58,5,7808,318,-909,0.317693055,2,0.635386109,758044
8,-5941,-877,331,-3905,-3698,-13419,468,4303,537,3157,4553,-10663,-1319,7545,-1227,-6214,8540,-12386,-243,-55,4,7748,322,-968,0.376344085,2,0.752688169,897991
8,-5700,-204,-314,-5340,-2342,-13598,1023,4482,820,3149,5222,-10648,-1683,7182,-1018,-5522,8050,-11362,-225,-66,23,7791,267,-1036,0.317693055,2,0.635386109,758044
8,-5747,-444,-467,-5593,-1606,-13735,1705,4555,1258,2669,5309,-10636,-2019,7727,176,-3854,6993,-12418,-202,-61,47,7823,214,-1004,0.322580636,2,0.645161271,769707
8,-5681,-799,-254,-3014,-1293,-14063,2191,4232,1659,2774,5765,-10441,-1659,7724,315,-4538,5866,-13824,-163,-69,62,7781,120,-980,0.327468216,2,0.654936433,781369
8,-5467,38,-88,-1029,-1209,-14481,2503,3571,2281,3107,6487,-10098,178,7328,-390,-4680,4848,-13249,-63,-69,59,7775,11,-1010,0.317693055,2,0.635386109,758044
8,-5000,1121,102,-2448,-1704,-15184,2656,2858,2605,2952,6553,-9867,-200,7219,987,-2842,4871,-14603,54,-83,43,7756,-92,-1105,0.332355827,2,0.664711654,793031
8,-4626,859,384,-2543,-1678,-15541,2990,2285,3066,2739,5891,-9692,282,7449,1422,-3714,3739,-13719,72,-88,40,7861,-59,-1020,0.317693055,2,0.635386109,758044
8,-4121,1320,861,-2313,-2068,-15231,3300,1881,3587,2823,5185,-9718,769,6502,1987,-3153,4722,-14380,143,-49,28,7925,-85,-1036,0.322580636,2,0.645161271,769707
8,-3728,1663,1033,-3336,-2433,-14743,4014,1261,4166,2760,4995,-9822,410,6601,2743,-2534,6230,-14219,263,-9,12,7836,-121,-1113,0.322580636,2,0.645161271,769707
8,-3201,2027,1362,-3731,-3295,-14096,4492,878,4406,2372,5036,-9845,2242,7141,3293,-2544,6070,-13468,312,10,22,7853,-107,-1212,0.322580636,2,0.645161271,769707
8,-2805,2797,1518,-4261,-3497,-13602,4971,250,4604,1710,4585,-9933,3170,7073,4018,-1232,8666,-13035,293,45,39,7838,-57,-1241,0.322580636,2,0.645161271,769707
8,-2401,3341,1535,-5608,-3847,-12231,5322,-140,4726,1688,3939,-9218,1685,8769,5246,1,9510,-10938,279,55,44,7796,-27,-1231,0.317693055,2,0.635386109,758044
8,-2071,3289,1417,-6108,-4534,-11469,5713,-218,4587,1780,4004,-7983,1112,8668,6502,-2347,9650,-12210,276,69,40,7788,61,-1243,0.327468216,2,0.654936433,781369
8,-1279,3251,1274,-6074,-5426,-9799,5674,-178,4271,1240,4352,-6748,1531,8248,7427,-996,9639,-11157,272,64,38,7753,124,-1268,0.317693055,2,0.635386109,758044
8,-606,3328,1114,-6275,-5339,-8377,5293,-160,3522,102,3718,-5305,1792,7863,7626,-440,10537,-8806,299,66,33,7759,138,-1297,0.327468216,2,0.654936433,781369
8,-21,3045,838,-6361,-5001,-6757,4946,-267,2961,-250,2703,-4457,922,6679,8021,1275,10219,-6943,385,92,13,7756,57,-1380,0.317693055,2,0.635386109,758044
8,784,2444,610,-5711,-4063,-4590,4630,-484,2532,-597,1784,-3455,415,5846,8190,1345,8955,-5641,525,107,-20,7744,-24,-1431,0.317693055,2,0.635386109,758044
8,1476,1742,394,-4608,-3214,-3196,4207,-945,1940,-1239,1410,-2518,243,4354,7217,842,8059,-4467,567,115,-37,7753,-105,-1373,0.322580636,2,0.645161271,769707
8,2492,848,235,-3103,-1691,-2870,3744,-1728,1505,-1252,1575,-1829,33,2208,6362,125,5816,-4996,560,91,-58,7742,-220,-1283,0.317693055,2,0.635386109,758044
8,3594,982,148,-1343,-708,-2596,2701,-3000,941,-556,1750,-933,-182,-733,5890,1353,3278,-5177,497,78,-92,7740,-258,-1281,0.317693055,2,0.635386109,758044
8,4980,2031,-426,-207,423,-2457,1710,-3555,566,-272,1612,-687,689,-3119,4464,1834,1734,-4580,496,88,-135,7819,-183,-1279,0.317693055,2,0.635386109,758044
8,5809,2514,-935,193,1336,-2025,358,-3976,102,-232,1228,-1395,873,-5217,2943,1009,3266,-4250,439,137,-135,7754,-93,-1244,0.322580636,2,0.645161271,769707
8,6425,2977,-1344,831,1393,-1567,-378,-4364,-150,-98,1056,-2488,700,-7064,759,1110,2261,-3610,376,126,-101,7684,-76,-1218,0.332355827,2,0.664711654,793031
8,6676,3277,-1431,1564,1309,-837,-1263,-4992,-181,438,1216,-4108,42,-8114,-846,594,2044,-3480,307,142,-58,7710,-79,-1169,0.312805474,2,0.625610948,746382
8,6763,3684,-1473,1277,770,-1009,-1782,-5467,-77,826,1332,-4974,-604,-9315,-2291,935,958,-3417,266,153,-50,7756,-152,-972,0.317693055,2,0.635386109,758044
8,6745,3413,-1400,-853,238,-1559,-2443,-5934,65,1037,1841,-5946,2098,-8758,-3181,3165,142,-4216,264,162,-71,7942,-151,-662,0.327468216,2,0.654936433,781369
8,6666,3101,-774,1426,-968,-2379,-2899,-5855,91,1268,1924,-6876,720,-11380,-3590,568,136,-4700,131,248,-34,7901,-276,-581,0.317693055,2,0.635386109,758044
8,6572,3320,-293,889,-2143,-2625,-3578,-5297,142,1366,2580,-7570,969,-12383,-4041,1706,1049,-5241,54,190,-41,7685,-313,-508,0.312805474,2,0.625610948,746382
8,6279,3273,419,271,-3266,-2295,-4207,-4794,-113,734,2935,-7907,1582,-12108,-4083,529,2122,-5470,-39,51,-68,7674,-271,-600,0.317693055,2,0.635386109,758044
8,5962,2814,729,-586,-3737,-1618,-4858,-4130,-616,68,3211,-8045,1105,-12504,-3667,-464,2872,-5231,-121,-18,-87,7770,-90,-538,0.332355827,2,0.664711654,793031
8,5218,1831,1099,-1575,-4354,-1028,-5150,-3423,-1007,98,3627,-8230,311,-12517,-2465,-1556,3732,-5157,-199,-23,-56,7896,44,-479,0.317693055,2,0.635386109,758044
8,4617,711,1163,-2598,-4602,-245,-5543,-2460,-1138,474,4320,-8571,-1581,-12826,-1121,-1856,3496,-4902,-289,-21,-9,7916,127,-463,0.317693055,2,0.635386109,758044
8,3983,-226,1494,-1405,-5238,69,-5853,-1636,-1111,751,3935,-8982,-1784,-12224,28,-543,2943,-3524,-350,23,23,7926,211,-527,0.317693055,2,0.635386109,758044
8,3282,-877,1880,-1347,-5552,124,-6108,-444,-1180,450,3758,-9371,-1682,-12082,535,-2146,2308,-1668,-379,46,44,7938,185,-663,0.327468216,2,0.654936433,781369
8,2618,-1451,2108,-1896,-5612,39,-6209,445,-1475,175,3351,-9957,-2605,-12261,1286,-2968,2765,135,-406,80,55,7922,55,-721,0.317693055,2,0.635386109,758044
8,1269,-2735,2668,-2371,-5942,-87,-5894,1371,-1693,114,2909,-10664,-3742,-11565,1433,-2869,2597,794,-420,107,53,7828,-78,-733,0.312805474,2,0.625610948,746382
8,93,-3741,2781,-2666,-5859,-371,-5623,1672,-1749,156,3372,-10996,-5227,-10979,1904,-1582,2744,913,-471,75,40,7730,-120,-698,0.312805474,2,0.625610948,746382
8,-1569,-4952,2596,-3153,-6159,-3077,-5458,1953,-1936,-6,3828,-11229,-5343,-10165,2464,-392,2812,1929,-510,8,24,7739,-32,-729,0.317693055,2,0.635386109,758044
8,-2220,-5524,2657,-3717,-5967,-4330,-5418,2497,-2081,52,4351,-10834,-5316,-7359,2836,-786,3581,4242,-491,-47,16,7734,99,-807,0.322580636,2,0.645161271,769707
8,-3105,-6073,2557,-4139,-5269,-6034,-5401,2933,-1944,153,4556,-10249,-4807,-3434,3462,-1833,3976,3903,-434,-77,14,7773,74,-936,0.317693055,2,0.635386109,758044
8,-3709,-6299,2524,-4305,-4776,-7404,-4970,3262,-1734,537,4320,-10299,-4356,-656,3758,-3358,4796,3803,-401,-62,15,7816,52,-948,0.317693055,2,0.635386109,758044
8,-4258,-6282,2467,-2967,-4571,-9176,-4404,3530,-1544,752,3807,-10659,-3630,2410,3369,-3815,5626,3033,-396,-56,4,7786,1,-893,0.322580636,2,0.645161271,769707
8,-4605,-5810,2248,-2456,-4179,-10030,-3418,3715,-1095,1286,3454,-11063,-3833,4851,2457,-4712,7600,312,-381,-65,2,7780,-84,-784,0.322580636,2,0.645161271,769707
8,-4884,-4285,1362,-1525,-4230,-11324,-2621,3401,-799,1434,3543,-11508,-3907,6710,1899,-5856,8228,-3097,-324,-48,-17,7851,-131,-776,0.322580636,2,0.645161271,769707
8,-5188,-2985,965,-3391,-2977,-12724,-1585,2878,-527,914,3728,-11091,-3687,8103,1329,-6054,8192,-5735,-294,-69,-28,7801,-124,-717,0.327468216,2,0.654936433,781369
8,-5772,-2740,805,-4330,-3260,-12961,-816,2882,-159,1869,3762,-11279,-3243,8991,575,-6966,8899,-8342,-262,-89,-34,7780,-90,-680,0.322580636,2,0.645161271,769707
8,-5973,-2357,684,-2867,-3684,-12681,566,3194,351,2542,4243,-11220,-2726,8264,-64,-7304,7874,-10238,-226,-103,-24,7840,-54,-678,0.317693055,2,0.635386109,758044
8,-5709,-454,108,-2725,-3134,-13266,1199,3433,649,2443,5271,-10983,-918,8035,-695,-7408,6560,-10947,-160,-95,-12,7853,-24,-719,0.317693055,2,0.635386109,758044
8,-5663,531,-350,-3620,-2263,-14432,1611,3498,840,2474,6047,-10482,182,8073,-810,-6138,7494,-9805,-122,-81,-15,7856,44,-734,0.317693055,2,0.635386109,758044
8,-5545,898,-502,-4355,-2494,-14120,1825,3619,997,2491,6525,-9641,-445,9288,-786,-5219,6982,-10186,-75,-74,-13,7861,148,-728,0.317693055,2,0.635386109,758044
8,-5324,894,-574,-3589,-2637,-13399,1942,3748,1336,2068,6460,-8697,-194,9522,-555,-5283,5223,-11291,-48,-57,-11,7839,186,-770,0.327468216,2,0.654936433,781369
8,-5046,1489,-570,-2391,-2170,-13282,2170,3553,1511,1551,6391,-8364,776,9983,-455,-4321,4681,-12383,-35,-63,9,7786,185,-795,0.327468216,2,0.654936433,781369
8,-4552,2777,-487,-2229,-2344,-13169,2315,2746,1739,900,6288,-8033,1892,9651,-1156,-4755,5733,-12348,-2,-72,30,7747,78,-818,0.312805474,2,0.625610948,746382
8,-3990,3070,-567,-3350,-2484,-13372,2367,2061,2028,750,5932,-7398,151,9491,351,-3657,4072,-14244,41,-71,54,7786,-4,-870,0.322580636,2,0.645161271,769707
8,-3130,2223,-448,-3396,-2639,-13425,2579,1439,2454,894,5238,-6876,735,9199,1431,-4074,3479,-14039,101,-56,54,7779,-21,-924,0.327468216,2,0.654936433,781369
8,-2580,1868,-177,-3127,-2931,-12392,2870,978,2796,997,4732,-7193,636,8200,2246,-4197,4743,-14034,134,-54,48,7770,-25,-1006,0.312805474,2,0.625610948,746382
8,-1805,1558,206,-2765,-3731,-11462,3226,303,3079,1006,4080,-7478,1241,7801,2936,-3655,4709,-15356,193,-69,43,7795,-122,-1179,0.312805474,2,0.625610948,746382
8,-1075,1676,401,-2650,-3726,-11663,3439,-183,3121,1066,3990,-7452,1810,7264,3875,-2212,5671,-13190,241,-36,12,7845,-118,-1191,0.317693055,2,0.635386109,758044
8,-198,1517,684,-3086,-3737,-11808,3461,-905,3017,823,3727,-7171,994,6499,5031,-829,6117,-12429,275,-2,-47,7807,-136,-1119,0.317693055,2,0.635386109,758044
8,430,1182,736,-3219,-3782,-10902,3534,-1256,2822,765,3069,-7329,479,5994,5261,451,8535,-11793,316,-35,-85,7752,-157,-997,0.312805474,2,0.625610948,746382
8,1028,1543,416,-3523,-3500,-9408,3750,-1567,2640,874,2305,-7526,1449,6578,5695,380,8385,-10495,370,-54,-118,7738,-161,-944,0.322580636,2,0.645161271,769707
8,1331,2264,-102,-4479,-3455,-8729,4129,-1918,2400,1048,2049,-7572,1282,5655,6181,523,8506,-8481,503,-87,-121,7694,-157,-882,0.337243408,2,0.674486816,804693
8,1581,2798,-669,-5039,-3317,-7696,4253,-1999,2127,1123,2286,-7405,1788,5084,6171,1334,7630,-7195,601,-115,-128,7675,-177,-883,0.332355827,2,0.664711654,793031
8,1749,2933,-864,-4764,-2932,-6974,4234,-1942,1733,1094,2231,-7256,1877,4058,6386,2338,6793,-6219,639,-141,-140,7767,-138,-831,0.317693055,2,0.635386109,758044
8,2054,2867,-932,-3981,-2602,-6334,4157,-1826,1510,1117,2183,-7050,2072,3523,6556,3076,4722,-5334,615,-157,-151,7824,-98,-773,0.317693055,2,0.635386109,758044
8,2222,2740,-832,-3391,-1273,-5756,3919,-1890,1332,1225,1979,-6780,1658,1926,6433,2044,4662,-4865,538,-163,-171,7828,45,-691,0.312805474,2,0.625610948,746382
8,2384,2538,-556,-2002,-1421,-5211,3677,-1896,1305,1647,1922,-6638,1919,778,6037,3237,3922,-5480,444,-175,-179,7809,157,-679,0.307917893,2,0.615835786,734720
8,2641,2713,-340,-1078,-1226,-5080,3240,-2085,1368,1957,1884,-6057,1651,-152,5742,3596,3001,-5824,396,-160,-150,7763,194,-755,0.366568923,2,0.733137846,874667
8,3059,3111,-166,-365,-746,-4495,2745,-2205,1301,1803,1888,-5660,1410,-1187,5139,3507,2179,-6001,297,-118,-94,7918,233,-695,0.317693055,2,0.635386109,758044
8,3285,3308,-197,-159,-554,-4072,1998,-2577,1085,1899,1766,-5672,1345,-1942,4444,2903,2208,-5250,224,-60,-79,7868,216,-570,0.322580636,2,0.645161271,769707
8,3484,3522,-273,-110,-368,-3650,1449,-2791,914,2235,1592,-5584,945,-3158,3625,1960,2545,-4831,304,-96,-80,7808,-28,-694,0.322580636,2,0.645161271,769707
8,3735,3938,-477,-245,-576,-3426,723,-2832,829,2234,1905,-4885,533,-4379,2775,1736,2099,-5003,207,-55,-33,7847,-185,-566,0.322580636,2,0.645161271,769707
8,3991,4391,-625,15,-988,-3710,-3,-2580,660,1678,2239,-4432,315,-5903,2126,2029,1626,-5491,158,-15,3,8003,-344,-527,0.322580636,2,0.645161271,769707
8,4427,4868,-567,937,-1210,-3581,-973,-2125,470,1040,2230,-4362,155,-7065,1180,2033,1554,-6439,245,56,6,7982,-528,-627,0.327468216,2,0.654936433,781369
8,4725,5218,-411,1524,-1416,-3367,-1508,-2140,512,635,2129,-4516,-60,-8116,121,1323,1357,-5782,253,127,-11,7988,-649,-610,0.317693055,2,0.635386109,758044
8,4813,5096,52,563,-1373,-2740,-1923,-2452,653,38,2146,-5038,-272,-8465,-1378,984,-343,-5480,253,86,-14,7840,-611,-782,0.317693055,2,0.635386109,758044
8,4560,3783,619,-1052,-1478,-1630,-2238,-2789,737,-258,2207,-5562,764,-9174,-1436,-278,3032,-4686,235,57,-7,7837,-409,-916,0.317693055,2,0.635386109,758044
8,4324,2745,1443,1158,-1939,-1858,-2702,-3153,882,-319,2249,-6163,-33,-9725,-2063,-323,1049,-4550,170,86,7,7762,-147,-951,0.317693055,2,0.635386109,758044
8,4081,2203,1996,1488,-2525,-1551,-3087,-3406,953,-304,2396,-6282,-1772,-11218,-2416,-1089,996,-4684,-5,101,21,7797,70,-1000,0.322580636,2,0.645161271,769707
8,3714,1302,2431,673,-3282,-1136,-3628,-3345,887,-129,3229,-6345,-1332,-11246,-2783,-688,818,-5049,-121,101,37,7826,340,-985,0.317693055,2,0.635386109,758044
8,3474,362,2695,254,-3566,-489,-4218,-2928,745,-39,3981,-6387,-1803,-11545,-2618,-1763,1566,-4459,-278,84,67,7899,424,-1004,0.317693055,2,0.635386109,758044
8,2800,-908,2925,-741,-3610,485,-4608,-2398,734,215,4225,-7173,-2541,-12273,-2025,-1778,2303,-3822,-399,113,104,7825,222,-1079,0.317693055,2,0.635386109,758044
8,2015,-1951,3002,-706,-3909,712,-5016,-1453,922,996,3692,-8329,-2991,-11874,-913,-1709,2344,-2665,-458,119,114,7791,10,-1067,0.317693055,2,0.635386109,758044
8,1346,-2076,3302,-1132,-5397,85,-5208,-375,848,889,3023,-8837,-3479,-11272,-158,-1169,2260,-1105,-476,112,82,7753,-223,-1022,0.317693055,2,0.635386109,758044
8,846,-2568,3316,-2095,-6193,-830,-5435,1171,294,-69,3642,-8852,-4294,-9407,551,-1622,2711,663,-414,43,31,7700,-329,-947,0.317693055,2,0.635386109,758044
8,221,-4021,3676,-2267,-6481,-1325,-5744,1818,-292,-951,4843,-8884,-5271,-7186,657,-2318,3406,1292,-340,4,3,7748,-280,-923,0.317693055,2,0.635386109,758044
8,-507,-4810,3837,-2522,-6017,-1461,-5763,1922,-784,-1405,4619,-10249,-6492,-6168,1411,-3283,3797,809,-275,-284,-33,7715,-90,-897,0.317693055,2,0.635386109,758044
8,-1375,-5252,3553,-3649,-6276,-3082,-5403,1935,-631,-405,3651,-10740,-6865,-5316,1462,-3352,4178,830,-186,-102,-53,7691,78,-985,0.317693055,2,0.635386109,758044
8,-2013,-5600,3386,-4024,-6477,-4184,-5207,2426,-635,220,3626,-10112,-6231,-3682,1533,-3464,4113,1435,-188,-129,-72,7723,221,-1076,0.317693055,2,0.635386109,758044
8,-2599,-5832,3295,-3333,-6853,-5149,-5028,2772,-892,-137,4153,-10081,-5477,-1646,1453,-5044,4611,1131,-490,-157,-62,7730,304,-1088,0.317693055,2,0.635386109,758044
8,-3112,-5416,2979,-2076,-6650,-6136,-4408,3042,-1248,-408,3811,-10614,-5073,-746,645,-6499,4145,165,-304,-165,-36,7771,330,-1050,0.322580636,2,0.645161271,769707
8,-3658,-4437,2730,-1298,-5821,-6718,-3580,2962,-1218,111,3341,-10969,-3792,-218,286,-6424,2622,-575,-319,-160,-29,7815,263,-1028,0.317693055,2,0.635386109,758044
8,-4451,-2878,2330,-1690,-4880,-7829,-2564,2640,-1023,1191,3846,-11165,-2111,682,-162,-5772,4012,-1483,-375,-146,-30,7859,259,-932,0.317693055,2,0.635386109,758044
8,-4986,-1990,1841,-1841,-4019,-8956,-1815,2544,-950,1768,3978,-11564,-1522,2130,-336,-5485,4624,-2193,-410,-160,-9,7832,219,-845,0.317693055,2,0.635386109,758044
8,-5705,-1124,1267,-2113,-2937,-11090,-763,3154,-637,2639,3855,-11776,-2082,3876,-772,-5458,5196,-3592,-442,-75,32,7929,92,-718,0.376344085,2,0.752688169,897991
8,-6190,-609,1009,-1893,-2314,-12078,-6,3591,-296,3193,4107,-11426,-2184,5371,-660,-4768,4569,-5977,-425,-52,82,7803,2,-736,0.317693055,2,0.635386109,758044
8,-6658,158,593,-2474,-1551,-12142,857,4044,-40,3251,4902,-11234,-1487,6941,-738,-6222,3752,-7791,-358,-101,65,7767,-45,-854,0.322580636,2,0.645161271,769707
8,-7017,570,301,-2540,-1216,-12036,1443,4362,75,2960,5656,-11230,-1053,6696,-183,-5651,3363,-9007,-252,-108,50,7904,-17,-988,0.322580636,2,0.645161271,769707
8,-7377,1105,103,-2430,-650,-12664,1872,4707,305,2810,6325,-11120,-289,7168,328,-5109,3790,-10406,-196,-59,51,7967,91,-977,0.317693055,2,0.635386109,758044
8,-7404,1186,38,-2774,44,-13580,1882,4902,733,3078,6401,-10130,-245,7107,1237,-4412,3219,-11567,-118,-22,54,7845,115,-975,0.322580636,2,0.645161271,769707
8,-7001,1199,122,-2191,205,-15308,1754,4867,1421,2705,6565,-8237,289,7975,2102,-3394,3367,-11876,-83,-14,77,7795,112,-1000,0.327468216,2,0.654936433,781369
8,-6596,1432,325,-1401,62,-15529,1640,4731,1778,2014,6517,-7496,589,9249,2285,-1746,2944,-11657,-43,-12,87,7860,93,-1101,0.317693055,2,0.635386109,758044
8,-6055,2400,574,-872,-441,-15222,1649,4369,2123,1425,6226,-7171,2297,11255,2368,-2048,4575,-13317,-19,20,100,7862,107,-1124,0.327468216,2,0.654936433,781369
8,-5432,3566,479,-1966,-1848,-15483,2123,3381,2509,930,5383,-7049,3738,12187,2496,-3011,4876,-15135,69,45,98,7812,65,-1201,0.351906151,2,0.703812301,839680
8,-4538,4529,-12,-3767,-3522,-16631,2618,2481,2593,234,4876,-6948,3919,11915,2388,-3159,7112,-16332,139,48,95,7691,39,-1283,0.322580636,2,0.645161271,769707
8,-3343,4982,-664,-4900,-4794,-16241,3154,1356,2434,-184,4247,-7105,4047,12431,2271,-1732,8775,-17529,212,27,78,7687,32,-1434,0.317693055,2,0.635386109,758044
8,-2503,4892,-1199,-5319,-4853,-14213,3441,745,2246,201,3562,-7430,3573,12772,2703,-218,9072,-16411,205,49,51,7832,61,-1362,0.327468216,2,0.654936433,781369
8,-1559,4080,-2116,-6071,-4321,-10939,4009,340,1992,1344,2603,-7946,2853,13140,3729,-1850,9961,-15804,265,45,11,7749,125,-1306,0.322580636,2,0.645161271,769707
8,-1078,2778,-2398,-5536,-3409,-9569,4422,215,1827,2210,2472,-8056,1121,10695,4226,76,8668,-13215,316,42,-9,7618,128,-1178,0.317693055,2,0.635386109,758044
8,-734,1020,-2180,-3787,-1883,-9960,4661,269,1656,3133,3821,-7407,-95,8003,5216,1799,6361,-12570,396,14,-27,7632,99,-1181,0.322580636,2,0.645161271,769707
8,-250,-60,-1644,-1858,-791,-10352,4371,204,1570,3488,5070,-6497,-1430,6757,5549,4651,3970,-13121,435,-3,-42,7677,83,-1138,0.322580636,2,0.645161271,769707
8,672,-315,-977,341,185,-10514,3772,-197,1464,3411,5140,-5505,-1004,5638,4970,5246,2571,-13940,448,-35,-34,7761,25,-1113,0.322580636,2,0.645161271,769707
8,1470,279,-759,415,493,-10425,3455,-666,1538,3222,4271,-5076,1176,4430,4871,5780,1506,-11940,391,-36,-21,7824,-83,-1012,0.322580636,2,0.645161271,769707
8,2340,1367,-657,-191,718,-9829,3259,-1274,1648,2898,2998,-5289,2120,2802,4465,5611,2353,-10084,355,-36,-34,7845,-148,-968,0.312805474,2,0.625610948,746382
8,2900,1956,-579,-1053,775,-8898,3182,-1846,1891,2696,2690,-5376,2377,1904,4071,5869,3432,-8075,302,-24,-37,7894,-166,-921,0.312805474,2,0.625610948,746382
8,3620,2417,-500,-1857,530,-7960,2889,-2688,2085,2627,2428,-5316,955,-371,3642,5472,4320,-6858,219,10,-32,7842,-201,-871,0.312805474,2,0.625610948,746382
8,4163,2663,-527,-2501,244,-7467,2583,-3036,2056,2322,1886,-5263,331,-1703,3654,5732,3727,-6377,140,17,-16,7840,-177,-858,0.317693055,2,0.635386109,758044
8,4779,2736,-373,-2166,-288,-7135,2128,-3430,1948,1605,1529,-4849,-4,-2959,3304,5091,2900,-6224,159,44,6,7878,-205,-846,0.327468216,2,0.654936433,781369
8,5256,2537,-198,-1567,-516,-6406,1764,-3764,1763,1000,1410,-4591,-102,-3950,2653,4759,2657,-5761,99,91,18,7872,-171,-818,0.332355827,2,0.664711654,793031
8,5803,2167,-213,-1060,-441,-5172,1372,-4233,1377,213,1230,-4937,-274,-4691,2022,4195,2395,-4606,76,128,28,7878,-193,-877,0.317693055,2,0.635386109,758044
8,6112,2175,-317,-618,-627,-4209,1031,-4640,1068,-170,1048,-5111,-786,-5641,1492,3496,1540,-3544,75,178,31,7797,-207,-912,0.312805474,2,0.625610948,746382
8,6368,2440,-450,-346,-328,-3652,665,-5028,748,-421,1012,-5286,-900,-6598,833,2897,854,-3355,45,150,30,7722,-130,-904,0.322580636,2,0.645161271,769707
8,6717,2662,-590,349,-426,-3299,63,-5509,367,-462,1676,-5080,-885,-7349,273,2682,321,-3536,63,110,16,7730,-78,-917,0.322580636,2,0.645161271,769707
8,6952,2770,-590,645,-529,-2922,-564,-5848,127,-569,2162,-4844,-1084,-8031,-142,2217,418,-3736,55,83,-20,7756,-58,-811,0.376344085,2,0.752688169,897991
8,7308,2753,-390,939,-899,-2135,-1481,-6067,-241,-842,2275,-4792,-1319,-8513,-767,1839,379,-3851,54,70,-39,7677,-74,-814,0.317693055,2,0.635386109,758044
8,7591,2766,-152,214,-1180,-1560,-2145,-6096,-533,-1040,2444,-4857,19,-8488,-1495,824,1468,-4613,-37,-18,-35,7668,-66,-816,0.317693055,2,0.635386109,758044
8,7860,2410,292,1191,-1523,-512,-2968,-6103,-842,-1145,3467,-5018,-1355,-9742,-1711,-33,-680,-3598,-136,-60,-26,7751,-55,-862,0.312805474,2,0.625610948,746382
8,7731,1953,767,1650,-1163,629,-3539,-5885,-994,-790,3823,-6032,-1790,-10370,-2093,-2070,905,-2534,-184,-14,-21,7855,-48,-798,0.317693055,2,0.635386109,758044
8,6862,1376,1566,1134,-2080,1513,-3982,-5202,-588,638,3255,-7326,-1205,-11348,-2518,-3261,312,-2197,-301,1,-22,7726,-131,-723,0.317693055,2,0.635386109,758044
8,6088,841,2100,1355,-2844,1525,-4251,-4397,-244,1446,2905,-7603,-1992,-12641,-2665,-3330,323,-2722,-318,-14,-11,7757,-167,-678,0.322580636,2,0.645161271,769707
8,5089,-289,2676,693,-3663,1831,-4662,-3083,-96,802,4805,-7424,-2055,-13096,-2536,-3005,986,-2539,-385,-37,-8,7764,-163,-592,0.322580636,2,0.645161271,769707
8,4128,-1583,2821,-127,-4100,2457,-5193,-2071,-311,111,5202,-8671,-2766,-13211,-1919,-3278,1682,-907,-364,-90,5,7853,-210,-617,0.317693055,2,0.635386109,758044
8,2692,-2340,2764,-4,-5275,2773,-5555,-595,-427,675,2717,-10530,-3250,-13199,-814,-2808,2088,-305,-404,-64,12,7918,-228,-528,0.327468216,2,0.654936433,781369
8,1469,-2307,2620,-264,-5523,1968,-5355,222,-344,1428,2600,-10380,-3659,-12939,392,-2777,2216,131,-384,-49,-8,7900,-296,-599,0.317693055,2,0.635386109,758044
8,45,-2939,3017,-1148,-5682,-18,-5458,1503,-536,838,5308,-9896,-4795,-11916,1036,-2572,2194,796,-386,-44,-3,7893,-270,-578,0.317693055,2,0.635386109,758044
8,-824,-3683,3336,-2041,-6016,-1345,-5914,2510,-816,-314,5580,-10761,-6016,-10275,1192,-1509,2350,433,-340,-64,19,7899,-169,-563,0.322580636,2,0.645161271,769707
8,-1447,-4431,3303,-2753,-6728,-2833,-6051,3173,-932,-1100,4218,-11130,-5923,-7726,1915,-2408,2767,98,-273,-41,31,7875,-145,-530,0.322580636,2,0.645161271,769707
8,-2322,-5097,3097,-3629,-7178,-4181,-5850,3509,-1115,-1081,3828,-10688,-5301,-5803,2576,-4428,3417,211,-240,-36,35,7873,-94,-560,0.312805474,2,0.625610948,746382
8,-2977,-5461,3251,-4375,-7285,-4524,-5338,3697,-1332,-1114,4196,-10389,-5554,-4960,3249,-4953,4385,1289,-243,-20,35,7887,-18,-663,0.322580636,2,0.645161271,769707
8,-3573,-6135,3006,-4364,-6989,-6199,-4822,3535,-1282,-1166,4215,-10436,-5635,-3366,3547,-4978,4688,1209,-221,-24,36,7834,-31,-753,0.356793731,2,0.713587463,851342
8,-3891,-6384,2881,-2909,-6511,-8272,-4314,3423,-1044,-921,3865,-10382,-5538,-1261,3381,-5829,3978,1044,-189,-33,30,7797,-78,-721,0.327468216,2,0.654936433,781369
8,-4119,-5977,2601,-1857,-5689,-9859,-3457,3071,-707,-204,3998,-9702,-4041,1022,3144,-6747,3296,913,-154,-42,23,7776,-167,-765,0.317693055,2,0.635386109,758044
8,-4378,-5117,2344,-1228,-5023,-9205,-2684,2630,-495,174,4707,-9420,-3012,2848,2496,-7298,3952,-220,-121,-29,28,7842,-207,-834,0.317693055,2,0.635386109,758044
8,-4572,-3445,1876,-880,-5508,-9492,-1641,2273,-48,1285,4989,-9555,-2073,3862,2117,-6556,5250,-2559,-120,-2,35,7846,-224,-864,0.317693055,2,0.635386109,758044
8,-4673,-1888,1631,-2840,-3208,-10301,-691,2160,449,1025,4416,-9939,-1581,4885,1666,-7083,5317,-3972,-133,10,40,7821,-145,-858,0.322580636,2,0.645161271,769707
8,-5292,-1485,1649,-3329,-3129,-10926,80,2416,780,2041,4799,-9288,-1208,5446,1366,-7075,5397,-5091,-144,-14,42,7750,-63,-881,0.322580636,2,0.645161271,769707
8,-5460,-1585,1598,-3235,-3451,-11110,357,2883,1128,2028,5508,-8779,-981,6091,1672,-6503,4753,-5174,-153,-52,52,7779,21,-904,0.332355827,2,0.664711654,793031
8,-5162,-846,1392,-1469,-3503,-10592,1014,3038,1175,1924,6363,-8963,-895,6607,1529,-6187,4394,-5736,-146,-50,55,7774,65,-928,0.327468216,2,0.654936433,781369
8,-5154,-33,1511,-2184,-2909,-10924,1128,3247,1371,1232,6705,-8867,437,6872,682,-5814,3909,-5440,-147,-38,64,7824,80,-884,0.322580636,2,0.645161271,769707
8,-5056,706,1691,-2182,-3278,-11668,1338,3208,1585,866,6074,-8708,1022,8305,607,-3856,4389,-6865,-104,-13,54,7772,-6,-907,0.317693055,2,0.635386109,758044
8,-4890,1363,1534,-3037,-3435,-11927,1535,3117,1826,397,5988,-8289,1776,10201,861,-5004,4577,-7616,-89,-30,46,7788,-22,-914,0.317693055,2,0.635386109,758044
8,-4585,2084,1138,-4331,-4159,-12093,1628,2601,1948,-145,5703,-7889,2207,11094,1664,-4766,5855,-9364,-85,-25,34,7851,-72,-954,0.312805474,2,0.625610948,746382
8,-4150,2359,866,-5085,-4811,-12507,1809,2193,1916,-502,5459,-7852,2525,11687,1915,-4392,6861,-9765,-119,-24,38,7818,-72,-924,0.327468216,2,0.654936433,781369
8,-3735,2553,597,-5264,-5626,-12050,2116,1536,1821,-696,4786,-7929,2152,11787,1793,-3776,8812,-11454,-131,-22,39,7763,-32,-871,0.322580636,2,0.645161271,769707
8,-3430,2624,273,-5553,-5642,-11596,2548,1149,1746,-523,4294,-8042,2569,12017,1519,-2596,7514,-11470,-98,-45,43,7710,-33,-920,0.317693055,2,0.635386109,758044
8,-3223,2704,-208,-5393,-5124,-10846,3275,754,1627,33,4023,-8342,3106,12206,1510,-1966,7653,-11578,-11,-39,42,7759,-100,-1043,0.317693055,2,0.635386109,758044
8,-3093,2870,-1015,-5800,-4821,-9994,3787,567,1420,403,3860,-8627,2865,11879,2187,-472,7777,-10726,97,-30,41,7797,-258,-1064,0.317693055,2,0.635386109,758044
8,-3035,2523,-1517,-6374,-4408,-8798,4387,577,1123,1071,3942,-8986,2491,12622,2882,765,9823,-10625,201,1,13,7812,-394,-1041,0.317693055,2,0.635386109,758044
8,-3123,1404,-2114,-6941,-3502,-7243,4722,608,925,1679,4307,-8996,810,12556,3511,398,9896,-10951,232,11,-34,7784,-422,-1004,0.317693055,2,0.635386109,758044
8,-3147,-75,-1908,-5853,-2929,-7398,4851,1107,659,2534,4976,-8683,-1056,10406,3795,1487,7236,-11557,274,-7,-65,7759,-350,-977,0.327468216,2,0.654936433,781369
8,-3178,-1478,-1266,-3210,-1982,-8752,4648,1582,501,2980,5164,-8350,-1404,8438,4652,2761,5506,-11305,308,-54,-86,7749,-213,-971,0.327468216,2,0.654936433,781369
8,-2938,-1561,-910,-1965,-1439,-9919,4347,2094,521,2954,5007,-7784,-816,7209,4314,4827,3831,-10725,296,-74,-93,7751,-114,-926,0.317693055,2,0.635386109,758044
8,-2426,-733,-658,-1968,-845,-10122,4210,2148,709,2767,4706,-7326,589,6686,4202,6003,2924,-10176,261,-87,-85,7754,-3,-885,0.317693055,2,0.635386109,758044
8,-1973,68,-753,-2863,-870,-9520,4170,1944,922,2306,4617,-6877,1947,5785,4128,5579,4757,-9901,267,-100,-81,7764,5,-863,0.322580636,2,0.645161271,769707
8,-1322,819,-768,-3894,-771,-8995,4003,1305,1125,2008,3967,-6720,1980,4125,3579,5220,6070,-9101,239,-105,-52,7820,-11,-828,0.327468216,2,0.654936433,781369
8,-744,1076,-727,-4008,-974,-8839,3877,667,1359,2137,3306,-6537,853,2765,3294,6796,6313,-8496,185,-71,-31,7848,-99,-789,0.322580636,2,0.645161271,769707
8,192,1661,-672,-3991,-764,-8844,3631,-198,1725,2539,3076,-5957,1567,2500,3514,6263,4898,-9133,131,-41,-39,7869,-198,-707,0.327468216,2,0.654936433,781369
8,909,2236,-714,-4078,-899,-8593,3311,-534,1861,2611,3189,-5388,1276,578,3291,5957,4389,-7307,114,-31,-43,7894,-265,-739,0.317693055,2,0.635386109,758044
8,1862,2703,-730,-3320,-934,-7759,2772,-797,1791,2210,2903,-4882,1728,-519,3271,6096,4414,-6948,146,-21,-34,7860,-306,-825,0.322580636,2,0.645161271,769707
8,2514,2902,-796,-2910,-857,-7344,2390,-990,1643,1670,2248,-4715,1439,-1896,3102,5608,3891,-6218,160,-33,-30,7828,-362,-869,0.317693055,2,0.635386109,758044
8,3346,3107,-888,-2271,-883,-6697,2027,-1636,1518,977,1633,-4443,1187,-3096,2638,5417,3428,-5929,201,-5,-38,7860,-402,-939,0.317693055,2,0.635386109,758044
8,3982,3333,-1037,-1955,-911,-6241,1643,-2217,1398,505,1336,-4250,1088,-4174,2212,5087,2954,-5673,212,18,-53,7829,-405,-982,0.312805474,2,0.625610948,746382
8,4763,3864,-1291,-1365,-737,-5604,1124,-3016,1154,91,880,-4478,1116,-4844,1496,4792,2702,-5244,208,43,-65,7833,-274,-970,0.317693055,2,0.635386109,758044
8,5238,4127,-1452,-1018,-701,-5093,818,-3444,971,-39,310,-4973,918,-5918,911,3966,2173,-4895,185,56,-76,7736,-187,-970,0.317693055,2,0.635386109,758044
8,5641,4213,-1587,-580,-655,-4415,538,-4243,852,-159,224,-5423,719,-7123,260,3205,1595,-5080,154,16,-77,7706,-110,-930,0.322580636,2,0.645161271,769707
8,5995,4531,-1742,57,-706,-3723,256,-4820,715,-59,486,-5557,751,-8275,-453,2529,1413,-5506,96,-14,-86,7752,-44,-889,0.327468216,2,0.654936433,781369
8,6111,4845,-1647,894,-1073,-3355,-283,-5307,511,75,1362,-5602,1235,-9620,-1432,2063,478,-5538,52,-4,-95,7778,-12,-826,0.332355827,2,0.664711654,793031
8,6234,5155,-1160,1600,-1330,-2781,-787,-5459,330,244,1853,-5775,1106,-10493,-2330,1379,540,-6023,10,-3,-97,7797,-48,-785,0.322580636,2,0.645161271,769707
8,6239,4950,-746,1065,-1555,-2293,-1578,-5296,109,361,2362,-6107,2045,-11280,-2928,582,873,-6087,-104,12,-81,7840,-74,-738,0.322580636,2,0.645161271,769707
8,6057,4323,-26,1516,-1879,-1626,-2075,-5014,41,439,2511,-6519,763,-13102,-3133,197,922,-5148,-139,0,-64,7844,-74,-739,0.317693055,2,0.635386109,758044
8,5727,3886,440,1170,-2203,-1014,-2706,-4503,38,576,2548,-6837,764,-13375,-2896,379,708,-4735,-128,-9,-37,7897,-147,-753,0.312805474,2,0.625610948,746382
8,5233,2899,956,351,-2863,-531,-3163,-3899,8,589,2548,-6890,165,-13752,-2328,81,833,-4212,-114,71,-36,7906,-320,-826,0.351906151,2,0.703812301,839680
8,4797,1997,1386,75,-3440,-304,-3807,-2793,-94,179,2947,-7161,-433,-13445,-1385,556,635,-3495,-109,85,-52,7824,-326,-908,0.312805474,2,0.625610948,746382
8,3970,429,1816,-110,-3739,797,-4236,-1922,-213,-159,2725,-7745,-263,-12628,-653,-1178,830,-2160,-114,62,-66,7723,-258,-957,0.312805474,2,0.625610948,746382
8,3328,-489,2087,378,-4419,1153,-4416,-1095,-260,-62,2642,-8568,-1026,-12523,437,-1651,1446,-501,-159,26,-56,7760,-118,-909,0.332355827,2,0.664711654,793031
8,2246,-938,1993,-249,-4782,793,-4519,-667,-352,-88,2584,-9092,-1994,-11851,1443,-2061,1418,716,-179,27,-55,7789,7,-873,0.322580636,2,0.645161271,769707
8,1534,-1434,1903,-1103,-5552,65,-4603,1,-559,-53,2646,-9463,-2274,-10517,1357,-3020,2386,1275,-181,-1,-58,7747,173,-862,0.317693055,2,0.635386109,758044
8,394,-2651,2317,-1868,-5907,-171,-4810,1018,-866,-209,3108,-9270,-3226,-9667,1352,-2711,2849,1822,-196,-37,-60,7749,249,-890,0.366568923,2,0.733137846,874667
8,-532,-3659,2505,-2363,-5912,-747,-4893,1583,-1150,-425,4057,-9269,-4560,-8017,1868,-3040,3112,591,-229,-48,-39,7796,224,-898,0.317693055,2,0.635386109,758044
8,-1486,-4867,2328,-3636,-5295,-2183,-5085,2108,-1525,-336,3877,-9925,-5284,-7680,2611,-3480,3225,-187,-265,-12,-23,7841,177,-870,0.322580636,2,0.645161271,769707
8,-2177,-5642,2239,-3168,-6321,-4196,-5037,2588,-1713,-47,2815,-10410,-5316,-6433,2990,-2242,4113,1967,-309,-4,-29,7765,120,-817,0.322580636,2,0.645161271,769707
8,-2798,-6418,2213,-3270,-6365,-5661,-4622,3185,-1796,227,2926,-9999,-6095,-2913,3294,-2327,4760,3600,-316,-39,-24,7752,32,-802,0.317693055,2,0.635386109,758044
8,-3211,-6772,1963,-2925,-6104,-6371,-4324,3555,-1975,33,4168,-9550,-5641,-497,3258,-4466,3923,2909,-301,-49,-15,7810,-48,-808,0.322580636,2,0.645161271,769707
8,-3501,-6600,1768,-1722,-5801,-7104,-4033,3724,-2266,-550,4471,-9881,-5355,875,2993,-5459,4184,1511,-271,-43,-3,7837,-114,-774,0.371456504,2,0.742913008,886329
8,-3862,-5534,1851,-519,-5223,-8803,-3545,3502,-2164,-532,3406,-10257,-4939,3241,1871,-4806,5630,557,-242,-54,-11,7740,-139,-712,0.322580636,2,0.645161271,769707
8,-4118,-4809,1929,-721,-4414,-9811,-2500,2743,-1796,68,3062,-9738,-5001,6257,861,-5369,5313,-274,-191,-98,-20,7681,-172,-764,0.322580636,2,0.645161271,769707
8,-4564,-3784,1568,-1078,-3723,-10531,-1797,2212,-1514,460,3399,-9740,-5545,7624,153,-5787,4827,-4909,-208,-119,-25,7806,-136,-806,0.386119246,2,0.772238493,921316
8,-4587,-2876,1121,-2035,-3541,-11536,-916,1927,-1010,898,3599,-9901,-3802,7734,554,-6257,3823,-6153,-325,-135,-47,7803,41,-695,0.322580636,2,0.645161271,769707
8,-4483,-1600,564,-2619,-3517,-12905,-214,1727,-660,1278,3599,-9919,-2273,8886,696,-5708,5294,-6785,-442,-215,-74,7787,227,-583,0.322580636,2,0.645161271,769707
8,-4663,-1045,429,-3621,-3280,-13122,550,1647,-382,1655,4684,-9968,-1504,10198,531,-5481,5759,-8541,-487,-225,-65,7862,321,-655,0.34701857,2,0.694037139,828018
8,-4624,-969,292,-4014,-3727,-12974,731,1628,-175,1342,5429,-9707,-1255,10793,1193,-4294,6761,-10568,-504,-205,-9,7845,366,-776,0.317693055,2,0.635386109,758044
8,-4500,-840,159,-3953,-3474,-12436,1172,1935,222,1736,5596,-9635,-1612,10775,1439,-5163,7668,-12412,-499,-185,51,7857,257,-918,0.322580636,2,0.645161271,769707
8,-4427,-994,83,-4409,-2501,-11336,1381,2149,510,1996,5877,-9368,-2388,9463,1493,-4421,8178,-13531,-429,-144,136,7933,34,-979,0.322580636,2,0.645161271,769707
8,-4227,-1577,245,-4421,-2428,-11063,1432,2415,833,2106,5699,-9140,-3086,8500,2900,-3912,6278,-13899,-339,5,173,8118,-63,-1031,0.327468216,2,0.654936433,781369
8,-3618,-2219,336,-3772,-2453,-11453,1443,2249,1123,1749,5446,-8923,-2749,7017,3431,-4593,7283,-12716,-214,95,150,8021,-216,-1123,0.327468216,2,0.654936433,781369
8,-3244,-2122,537,-2561,-2269,-11657,1619,2071,1482,1408,5003,-8456,-1329,6919,2378,-3576,5923,-13106,-85,154,84,7961,-216,-1090,0.322580636,2,0.645161271,769707
8,-2741,-1392,909,-2426,-2471,-12651,1815,1925,1846,1315,5084,-8235,-2104,5139,3499,-1499,5270,-12608,77,189,46,7914,-202,-1127,0.317693055,2,0.635386109,758044
8,-2232,-1050,1087,-2574,-2642,-13113,2064,1359,2297,945,5289,-8329,-1485,5653,3717,-441,5918,-11882,296,185,5,7711,-177,-1343,0.322580636,2,0.645161271,769707
8,-1554,-746,1348,-3171,-2699,-13295,2274,818,2551,619,4681,-8423,-2007,6273,4329,1786,6935,-11335,451,158,-10,7592,-107,-1358,0.312805474,2,0.625610948,746382
8,-988,-481,1452,-3819,-2867,-12848,2623,154,2843,377,4080,-8326,-1513,7088,5234,1037,7732,-11953,530,118,-37,7600,-6,-1393,0.317693055,2,0.635386109,758044
8,-264,272,1536,-4872,-3119,-11642,3212,-730,3176,528,3570,-8454,190,7118,6098,2161,8199,-11749,554,85,-66,7699,99,-1443,0.307917893,2,0.615835786,734720
8,175,1058,1373,-5852,-3568,-10735,3606,-1237,3228,772,3449,-8801,1029,6973,7070,1437,10094,-10502,560,68,-94,7730,286,-1446,0.317693055,2,0.635386109,758044
8,606,1487,1112,-7757,-3826,-9186,3902,-1532,3055,804,3364,-8963,921,6596,7533,2042,11791,-8515,525,50,-117,7656,403,-1335,0.312805474,2,0.625610948,746382
8,664,1252,853,-8072,-3613,-7942,4033,-1507,2885,1039,3197,-9133,417,5571,7548,2751,12253,-6105,480,33,-133,7659,452,-1127,0.376344085,2,0.752688169,897991
8,855,1185,744,-7127,-3429,-6748,4125,-1175,2694,1469,3164,-8507,1342,4797,7212,2908,8650,-3077,477,7,-138,7745,486,-1046,0.317693055,2,0.635386109,758044
8,688,2502,12,-6689,-2929,-4423,4133,-845,2439,1561,2807,-8019,3216,3689,6132,2720,9560,-3037,447,-10,-121,7833,387,-912,0.322580636,2,0.645161271,769707
8,586,3476,-727,-7158,-2490,-4511,4114,-377,2037,1644,2578,-7566,3659,2347,5534,2660,8283,-2527,521,10,-110,7807,86,-853,0.312805474,2,0.625610948,746382
8,439,3506,-1007,-6332,-2471,-3838,4086,-297,1743,1552,2880,-7230,3253,1747,5746,3101,7825,-2557,580,-21,-109,7696,-96,-796,0.322580636,2,0.645161271,769707
8,494,3500,-1081,-5102,-2124,-3726,3820,-227,1442,1692,3159,-6703,2698,707,5236,3764,6131,-3722,620,-42,-115,7793,-204,-767,0.317693055,2,0.635386109,758044
8,859,3473,-1382,-3654,-2062,-4818,3510,-80,1325,1885,2945,-6142,2746,-19,4275,4414,6593,-5679,578,-19,-123,7899,-189,-663,0.381231666,2,0.762463331,909653
8,1193,3530,-1360,-2531,-1935,-5617,2975,120,1354,1796,2789,-5138,2425,-1254,3647,3928,4838,-5824,556,-10,-148,7889,-164,-653,0.327468216,2,0.654936433,781369
8,1746,3475,-1572,-1964,-1654,-5868,2456,50,1398,1369,2728,-4481,2067,-2396,2783,3278,3517,-6385,538,-20,-167,7823,-2,-575,0.312805474,2,0.625610948,746382
8,2184,3432,-1675,-1399,-1753,-5648,1761,-326,1340,497,2207,-4095,1834,-3570,2229,2962,2757,-6240,510,-42,-156,7893,85,-691,0.371456504,2,0.742913008,886329
8,2905,3992,-1794,-465,-1630,-4884,1289,-942,1276,-182,1652,-4104,1710,-4990,1563,3219,2762,-7519,373,64,-98,7982,98,-684,0.317693055,2,0.635386109,758044
8,3462,4706,-1856,66,-1603,-4470,816,-2070,1185,-575,921,-4489,1760,-6083,1006,3368,2507,-6369,246,60,-78,7867,167,-587,0.327468216,2,0.654936433,781369
8,4102,5303,-1921,200,-1483,-4076,559,-2866,1128,-464,634,-4760,1273,-7491,483,2260,2072,-6136,80,45,-61,7778,234,-665,0.395894438,2,0.791788876,944640
8,4378,5491,-1766,884,-1473,-3726,245,-3686,1084,-113,688,-5031,873,-8260,-240,1688,1570,-6140,-124,41,-13,7766,135,-700,0.317693055,2,0.635386109,758044
8,4542,5302,-1437,-1193,-1306,-2837,-84,-4093,1054,11,1006,-5248,3070,-8662,-1644,2373,-178,-5787,-255,27,25,7770,107,-672,0.317693055,2,0.635386109,758044
8,4617,4780,-993,615,-1972,-2327,-748,-4415,928,190,1476,-5458,2686,-9509,-1872,184,1735,-5368,-374,7,24,7769,42,-605,0.327468216,2,0.654936433,781369
8,4710,4827,-431,1877,-2050,-2034,-1349,-4359,744,119,1509,-5846,2710,-10869,-2256,321,1171,-5218,-491,-44,19,7825,7,-590,0.322580636,2,0.645161271,769707
8,4540,4727,-71,1645,-2642,-1289,-2050,-3859,533,277,1650,-6230,2317,-11860,-2873,-175,741,-4868,-577,-30,11,7856,12,-608,0.322580636,2,0.645161271,769707
8,4180,3951,395,851,-3113,-666,-2387,-3368,482,473,1842,-6441,2267,-12111,-2475,-1826,1610,-5036,-604,-85,20,7779,2,-653,0.312805474,2,0.625610948,746382
8,3714,2887,729,27,-3551,-140,-2803,-2396,398,685,2459,-6933,1164,-12585,-2074,-1551,1165,-3942,-580,-78,49,7879,-85,-728,0.317693055,2,0.635386109,758044
8,3276,1840,959,363,-3842,-104,-3219,-1623,274,470,2616,-7576,188,-12440,-911,-1454,2064,-3537,-555,-9,66,7985,-108,-668,0.327468216,2,0.654936433,781369
8,2338,782,909,42,-4132,457,-3714,-425,30,305,2443,-8246,-755,-12068,-24,-1737,2096,-2272,-491,62,24,7942,-144,-682,0.322580636,2,0.645161271,769707
8,1604,-83,1201,318,-4854,-70,-4056,450,-215,24,2315,-8402,-1277,-11564,505,-1442,1974,-1528,-424,21,-7,7824,-176,-741,0.327468216,2,0.654936433,781369
8,978,-1069,1510,-23,-5660,-1362,-4368,1173,-494,-120,2457,-8527,-1667,-10531,685,-2233,1730,-519,-386,3,-5,7776,-115,-722,0.332355827,2,0.664711654,793031
8,588,-2131,1859,-491,-5765,-1465,-4664,1812,-956,-760,2741,-8703,-2844,-8655,818,-2841,2168,910,-389,-18,-2,7823,-36,-773,0.317693055,2,0.635386109,758044
8,-255,-3256,2318,-1033,-5727,-1604,-4706,1995,-1239,-1139,2929,-9129,-4149,-6714,792,-4086,2920,-235,-381,-12,2,7850,62,-786,0.317693055,2,0.635386109,758044
8,-826,-3961,2441,-1294,-5553,-1923,-4589,1955,-1484,-847,2871,-9738,-5049,-6696,1353,-4294,2989,-1666,-326,-20,8,7815,160,-832,0.317693055,2,0.635386109,758044
8,-1652,-4398,2335,-1144,-5606,-3580,-4433,2095,-1534,-305,2033,-10124,-4821,-6464,1652,-3359,2790,-1603,-250,32,7,7834,182,-833,0.317693055,2,0.635386109,758044
8,-2217,-4629,2360,-954,-5713,-4315,-4014,2651,-1656,67,1531,-9967,-4452,-4984,1685,-3580,3231,1281,-199,51,13,7778,126,-883,0.312805474,2,0.625610948,746382
8,-3107,-4901,2337,-128,-6445,-4724,-3587,2983,-1928,-444,2359,-10029,-5225,-2742,1555,-5978,2016,1999,-195,28,1,7724,73,-842,0.439882696,2,0.879765391,1049600
8,-3583,-4822,2231,299,-7324,-5354,-3151,2917,-2517,-1827,3452,-11217,-4756,-2247,1250,-7641,1024,950,-228,-27,-15,7724,17,-767,0.317693055,2,0.635386109,758044
8,-3770,-4102,1877,-407,-7275,-6973,-2864,2186,-2847,-2547,3402,-11565,-3440,-2070,1129,-7301,1732,1095,-243,-86,-41,7704,5,-693,0.317693055,2,0.635386109,758044
8,-3972,-3403,1722,-1395,-6368,-7876,-2340,1409,-2872,-2261,2760,-10821,-2491,-211,960,-7385,3446,745,-266,-179,-72,7646,70,-681,0.317693055,2,0.635386109,758044
8,-4379,-2818,1467,-2211,-5457,-8706,-1920,1121,-2717,-1386,2433,-9842,-2204,632,849,-7858,5832,-1433,-382,-263,-87,7653,238,-773,0.322580636,2,0.645161271,769707
8,-4620,-2700,1230,-2340,-4647,-9170,-1194,1049,-2598,-108,2720,-9008,-2799,1048,170,-7448,6862,-3278,-547,-369,-90,7709,409,-800,0.327468216,2,0.654936433,781369
8,-4540,-2513,640,-3963,-2899,-10596,-578,950,-2587,1094,3224,-8566,-3274,2116,-37,-6833,7580,-3990,-701,-412,-68,7728,556,-814,0.420332342,2,0.840664685,1002951
8,-4375,-2389,138,-5364,-1798,-11620,27,1262,-2475,2704,3965,-7863,-3392,3578,239,-7095,7601,-4756,-786,-427,-40,7727,657,-793,0.317693055,2,0.635386109,758044
8,-4047,-2390,-383,-6079,-1233,-12473,151,1908,-2206,3288,4654,-7395,-3568,4493,920,-6939,7948,-5953,-816,-429,-8,7709,652,-854,0.322580636,2,0.645161271,769707
8,-3710,-2522,-565,-5791,-707,-12284,208,2703,-1921,2695,5424,-7283,-3812,5433,1246,-6655,7283,-6571,-790,-399,53,7766,540,-875,0.322580636,2,0.645161271,769707
8,-3277,-2735,-670,-5534,-601,-12060,130,2714,-1617,1971,5912,-7448,-3770,6177,1832,-6539,6839,-7793,-770,-321,89,7940,367,-827,0.322580636,2,0.645161271,769707
8,-2728,-2951,-642,-4450,-518,-11924,-10,2268,-1082,1360,6254,-7525,-3544,6566,2275,-6219,5938,-8155,-700,-298,96,8010,100,-802,0.317693055,2,0.635386109,758044
8,-2350,-2860,-558,-3668,-553,-11693,-143,1906,-600,1240,6119,-7425,-3034,6786,2377,-6067,6171,-8928,-603,-254,102,8068,-53,-879,0.327468216,2,0.654936433,781369
8,-1814,-2538,-342,-2405,-932,-11561,-254,1642,78,1767,4903,-7719,-2650,6676,2194,-5529,5459,-9309,-455,-164,99,8102,-97,-1281,0.327468216,2,0.654936433,781369
8,-1491,-2256,-201,-1773,-1031,-11735,-98,1384,585,1711,4361,-8149,-2396,6993,2040,-4708,5166,-8976,-335,-85,101,8080,-96,-1182,0.322580636,2,0.645161271,769707
8,-1102,-1909,42,-1583,-1568,-12207,196,808,1157,1255,4187,-8834,-2351,7614,2143,-4014,5358,-9277,-156,35,103,8012,-66,-1329,0.322580636,2,0.645161271,769707
8,-863,-1787,248,-1798,-1681,-12004,502,366,1497,742,3995,-9306,-2348,8506,2379,-3681,5363,-9492,-19,129,85,7890,-87,-1359,0.317693055,2,0.635386109,758044
8,-896,-1480,557,-2538,-2150,-10795,1107,-262,1953,690,3547,-10032,-2151,8238,2691,-3682,5132,-9828,58,174,71,7807,-64,-1409,0.327468216,2,0.654936433,781369
8,-998,-1266,543,-3224,-2082,-10212,1705,-509,2170,1265,3351,-10440,-1618,8381,3013,-2617,6051,-9857,183,184,39,7728,-25,-1418,0.327468216,2,0.654936433,781369
8,-1069,-582,645,-2743,-2224,-10608,2112,-695,2353,1934,3451,-10517,-421,7967,3190,-2655,6388,-10601,280,163,13,7650,77,-1406,0.327468216,2,0.654936433,781369
8,-930,178,675,-3422,-2501,-11184,2421,-519,2491,2284,3982,-10242,-270,7730,3626,-1073,7373,-10530,300,111,-4,7592,159,-1326,0.322580636,2,0.645161271,769707
8,-716,697,598,-4252,-3098,-11479,2616,-144,2486,1982,4241,-9807,-29,8033,4259,-125,7950,-10172,303,54,-26,7609,270,-1244,0.322580636,2,0.645161271,769707
8,-532,1258,544,-4607,-2915,-10615,2923,400,2350,1488,3732,-9702,934,8267,4870,692,8400,-10328,350,11,-48,7689,316,-1173,0.386119246,2,0.772238493,921316
8,-441,2234,414,-4968,-3046,-9572,3218,426,2310,1148,3079,-9809,1557,8071,5149,745,9493,-10080,445,-6,-74,7759,278,-1089,0.322580636,2,0.645161271,769707
8,-341,2604,190,-5731,-3053,-8870,3688,158,2381,1259,2608,-9743,1809,7062,5509,645,8879,-9104,769,-20,-108,7754,214,-1001,0.322580636,2,0.645161271,769707
8,-396,2822,-55,-5977,-2657,-8446,4038,277,2415,1582,2502,-9641,2203,5845,6200,1512,8391,-7609,590,-39,-122,7740,125,-936,0.322580636,2,0.645161271,769707
8,-483,2912,-156,-5650,-2893,-8151,4326,574,2499,1597,2826,-9089,2632,4969,6184,1995,7995,-6371,629,-47,-113,7743,47,-871,0.317693055,2,0.635386109,758044
8,-607,2996,-202,-5011,-2855,-7018,4309,611,2459,1282,2946,-8469,3147,4424,5804,2787,7951,-5677,644,-57,-107,7776,26,-863,0.322580636,2,0.645161271,769707
8,-642,2929,-324,-4909,-3042,-6783,4104,736,2105,1017,2528,-7831,3021,4109,5447,3210,8196,-5267,654,-60,-99,7891,70,-867,0.322580636,2,0.645161271,769707
8,-551,2423,-540,-5397,-2717,-6768,3927,888,1822,983,1819,-7424,2349,3635,5046,3254,8343,-4518,646,-56,-104,7897,149,-888,0.391006857,2,0.782013714,932978
8,-387,1760,-768,-5038,-3286,-6375,3913,871,1682,527,2240,-6463,1573,2766,5226,3628,6755,-5040,605,-33,-108,7881,196,-871,0.322580636,2,0.645161271,769707
8,120,1353,-709,-4453,-3002,-5670,3698,560,1508,154,3092,-5779,1084,2096,4983,4340,6777,-5173,577,3,-99,7867,246,-880,0.317693055,2,0.635386109,758044
8,870,994,-765,-3655,-2664,-4776,2973,278,1159,-338,2942,-4919,1241,1844,4838,4271,5836,-5121,523,24,-73,7822,296,-893,0.317693055,2,0.635386109,758044
8,1458,957,-723,-2802,-2298,-4236,2528,-147,1001,-496,2245,-4663,988,1232,4512,2983,4984,-5007,484,26,-30,7787,264,-912,0.317693055,2,0.635386109,758044
8,2101,833,-708,-2155,-1902,-4027,2123,-1075,871,-291,1552,-4546,877,-8,4167,2517,4038,-5214,454,35,3,7767,226,-958,0.317693055,2,0.635386109,758044
8,2553,1193,-862,-1459,-1603,-4338,1780,-1684,785,-35,1266,-4307,737,-1831,3530,3242,2734,-5692,432,38,21,7753,172,-988,0.322580636,2,0.645161271,769707
8,3286,2280,-1164,-765,-1487,-4601,1232,-2329,648,231,1313,-3960,1294,-3036,2477,3390,2638,-5545,385,21,23,7761,102,-970,0.312805474,2,0.625610948,746382
8,3855,2949,-1410,-667,-1308,-4630,717,-2615,515,163,1581,-3983,1416,-4398,1384,3326,2675,-5473,318,17,9,7759,38,-916,0.322580636,2,0.645161271,769707
8,4573,3625,-1752,-112,-1106,-4407,-144,-3031,361,-231,1563,-4325,1159,-5298,595,3316,2409,-5576,275,-31,-13,7750,-48,-865,0.317693055,2,0.635386109,758044
8,5006,4013,-2009,301,-1111,-4015,-705,-3405,248,-306,1060,-4908,796,-6374,-455,2521,2415,-5092,240,-54,-24,7773,-115,-854,0.317693055,2,0.635386109,758044
8,5488,4285,-2102,398,-1373,-3661,-1082,-3726,229,-220,937,-5206,212,-7425,-1533,2344,2092,-5036,211,-95,-16,7768,-57,-861,0.327468216,2,0.654936433,781369
8,5732,4075,-1895,521,-1748,-3587,-1576,-4179,305,-139,1437,-5575,-344,-8221,-2447,2018,1820,-5187,92,-122,8,7783,6,-832,0.356793731,2,0.713587463,851342
8,5741,3662,-1415,878,-2066,-3328,-1956,-4330,304,-96,1748,-6246,-593,-8656,-3085,2008,1577,-5903,-7,-104,40,7845,97,-808,0.317693055,2,0.635386109,758044
8,5649,2830,-1177,556,-2999,-3235,-2408,-4314,279,27,1509,-7044,2036,-7562,-3378,-608,1086,-5331,-131,-76,67,7861,135,-760,0.317693055,2,0.635386109,758044
8,5440,2759,-397,390,-3754,-2235,-2638,-4245,310,-77,1748,-7033,1168,-9471,-3911,1047,1744,-5569,-210,-66,93,7848,146,-798,0.332355827,2,0.664711654,793031
8,5387,2546,59,614,-3065,-1448,-3067,-3957,213,-285,2679,-7309,762,-10087,-3501,-682,2276,-3894,-250,-53,124,7919,179,-858,0.322580636,2,0.645161271,769707
8,4720,2405,644,646,-3508,-218,-3458,-3466,205,-186,2903,-7952,-239,-10993,-3342,-1985,1947,-3759,-319,-5,119,7901,226,-905,0.312805474,2,0.625610948,746382
8,3947,2113,899,104,-3937,326,-3726,-2734,590,614,2107,-9154,-186,-11434,-2804,-3140,1888,-3257,-416,-35,118,7788,238,-904,0.322580636,2,0.645161271,769707
8,3065,1726,1128,-68,-4627,605,-3644,-2010,884,1416,1684,-9493,-195,-11980,-2300,-3152,1940,-3303,-479,-16,133,7826,171,-951,0.327468216,2,0.654936433,781369
8,1719,857,1225,-375,-5115,805,-3676,-633,824,1193,3109,-9275,125,-12209,-1890,-3047,1702,-2849,-467,-5,135,7767,22,-1034,0.327468216,2,0.654936433,781369
8,762,257,1480,-578,-5080,1365,-4077,363,515,531,4909,-9211,449,-11708,-1168,-3598,3095,-2097,-433,-34,158,7755,-120,-1019,0.327468216,2,0.654936433,781369
8,-424,-599,1809,-153,-5986,542,-4869,1610,19,105,4654,-10076,-583,-10796,-460,-4031,4086,-1662,-419,-53,152,7761,-135,-951,0.322580636,2,0.645161271,769707
8,-950,-1075,1953,-124,-6634,-1336,-5178,2622,-326,49,3353,-10290,-2397,-10054,-416,-3490,3440,-1373,-337,-48,114,7797,-133,-1032,0.312805474,2,0.625610948,746382
8,-1552,-2361,2542,-869,-6720,-3704,-5164,3624,-728,-852,2976,-9834,-4383,-8933,-318,-1381,3498,-890,-294,-48,92,7756,-89,-1070,0.317693055,2,0.635386109,758044
8,-1910,-3754,2793,-2962,-6269,-5488,-5025,3819,-942,-1762,3720,-9390,-5282,-5280,340,-395,3986,-346,-253,-62,90,7769,-32,-1127,0.317693055,2,0.635386109,758044
8,-2437,-5156,2497,-4321,-5368,-6147,-4902,3878,-1026,-1833,3049,-9498,-5695,-1746,1130,-2373,4926,-1235,-196,-50,93,7797,-7,-1089,0.317693055,2,0.635386109,758044
8,-2854,-5203,2460,-4282,-5748,-6944,-4475,3734,-857,-1250,2046,-9465,-5362,-1034,1785,-5620,3746,-2932,-136,-41,93,7786,-41,-1029,0.317693055,2,0.635386109,758044
8,-3052,-5408,2350,-3981,-5698,-7904,-3534,3023,-702,-204,2620,-9308,-4607,-966,2311,-4542,4861,-1816,-57,-35,80,7722,-50,-1057,0.312805474,2,0.625610948,746382
8,-3293,-5454,2194,-3182,-5345,-7967,-2922,2688,-715,165,3716,-9472,-4062,1635,2190,-4236,6209,-848,-48,-60,73,7713,-36,-1067,0.317693055,2,0.635386109,758044
8,-3766,-5026,1856,-2513,-4784,-8295,-2272,2316,-671,527,4111,-10099,-4959,3744,1667,-4829,6054,-2228,-77,-83,82,7756,-24,-1073,0.317693055,2,0.635386109,758044
8,-4126,-4519,1537,-2109,-4505,-9032,-1805,2067,-502,1089,3768,-10350,-4990,4465,1084,-4686,5548,-5092,-96,-94,80,7820,-28,-1059,0.327468216,2,0.654936433,781369
8,-4316,-3354,1127,-1809,-4209,-10751,-1254,2157,-276,2161,3512,-10067,-3090,5713,736,-4818,5500,-7078,-150,-78,69,7796,-13,-1007,0.312805474,2,0.625610948,746382
8,-4398,-2363,852,-2634,-4208,-11183,-935,2539,-128,2552,4208,-9730,-2438,6085,8,-6576,6286,-8111,-113,-87,57,7738,-25,-984,0.312805474,2,0.625610948,746382
8,-4288,-1573,440,-3463,-4030,-11956,-636,2877,-51,2318,4870,-9739,-2027,5860,-201,-5670,6760,-10602,-81,-100,63,7761,-9,-941,0.322580636,2,0.645161271,769707
8,-4181,-1269,205,-3800,-3656,-12500,-276,3143,177,2043,4978,-9566,-1702,5861,231,-5763,6257,-10907,-87,-107,85,7777,92,-883,0.381231666,2,0.762463331,909653
8,-3869,-948,110,-3449,-3636,-13085,9,3095,473,2111,4829,-9106,-1492,5959,532,-5653,5715,-11302,-116,-124,106,7762,104,-914,0.317693055,2,0.635386109,758044
8,-3595,-720,153,-2751,-3374,-13045,530,2885,887,1910,4980,-8655,-1048,6064,928,-4739,5133,-11504,-157,-125,119,7783,183,-852,0.317693055,2,0.635386109,758044
8,-3425,-494,283,-2300,-3087,-12590,970,2534,1172,1675,5129,-8805,-1073,6332,744,-4535,4075,-11245,-170,-155,138,7799,243,-868,0.381231666,2,0.762463331,909653
8,-3046,-337,612,-1903,-3542,-12332,1429,1784,1574,1309,4962,-8842,-549,6552,911,-4026,3829,-11410,-179,-165,173,7840,226,-1001,0.322580636,2,0.645161271,769707
8,-2684,-199,882,-1924,-3803,-12106,1715,1226,1810,1108,4602,-8577,-296,6812,1613,-3644,4672,-11709,-163,-141,215,7855,137,-1087,0.327468216,2,0.654936433,781369
8,-2252,-17,960,-2388,-4230,-11708,2205,542,2057,987,4201,-8357,-253,6743,1968,-3990,5600,-11425,-158,-127,233,7827,30,-1187,0.351906151,2,0.703812301,839680
8,-1884,205,855,-3252,-4456,-11251,2565,-4,2154,797,4055,-8297,-442,6134,2579,-3696,6852,-11660,-159,-86,237,7740,-130,-1230,0.317693055,2,0.635386109,758044
8,-1297,84,609,-4477,-4600,-11013,2856,-848,2127,462,3925,-8124,-831,5951,3431,-2827,8189,-11725,-119,-39,223,7740,-218,-1288,0.322580636,2,0.645161271,769707
8,-811,-377,724,-4739,-4910,-10581,2972,-1252,2008,424,3797,-7817,-1838,5689,3971,-2287,9375,-11110,-53,-31,195,7759,-266,-1354,0.337243408,2,0.674486816,804693
8,-160,-1235,814,-4520,-4775,-9580,3156,-1511,1864,554,3412,-7488,-3072,5556,4352,-2394,8457,-10554,39,-45,185,7750,-222,-1408,0.317693055,2,0.635386109,758044
8,313,-1584,848,-4432,-4750,-9365,3337,-1641,1816,456,3332,-7163,-3039,4501,4806,-1972,6666,-10279,114,-61,159,7648,-252,-1438,0.322580636,2,0.645161271,769707
8,1153,-1184,943,-3577,-4665,-9338,3422,-1946,1685,-23,3821,-6692,-2103,5547,5949,1390,4918,-8525,187,-64,126,7596,-246,-1377,0.322580636,2,0.645161271,769707
8,1816,-67,785,-3482,-4287,-8881,3264,-2497,1489,-664,4214,-6211,86,4659,5853,965,6352,-8538,259,-78,96,7646,-224,-1391,0.327468216,2,0.654936433,781369
8,2777,1602,80,-5150,-3615,-7073,2797,-3232,1184,-988,4007,-5364,1792,3901,6382,2860,8696,-7513,351,-120,66,7710,-210,-1421,0.332355827,2,0.664711654,793031
8,3418,2059,-360,-6526,-3012,-5241,2448,-3681,962,-823,3610,-5247,2038,2815,7023,1021,9242,-5063,408,-144,52,7699,-222,-1457,0.317693055,2,0.635386109,758044
8,3975,1564,-993,-7702,-2276,-3120,2049,-4129,626,-355,3048,-5438,1782,281,7177,1383,8417,-4039,441,-142,27,7647,-291,-1453,0.327468216,2,0.654936433,781369
8,4220,1278,-1123,-5335,-1976,-1606,1776,-4123,415,247,2420,-5929,1918,-1499,6419,793,9883,-4066,501,-140,11,7669,-369,-1443,0.317693055,2,0.635386109,758044
8,4226,2469,-1352,-2865,-1877,-557,1475,-3905,282,1066,2481,-5998,2125,-2895,4608,356,7971,-2522,521,-132,-11,7678,-391,-1432,0.317693055,2,0.635386109,758044
8,4086,2881,-1565,-3409,-1631,-700,1110,-3766,109,1099,3331,-5629,2139,-4258,2070,302,6626,-1438,500,-142,-19,7643,-399,-1394,0.312805474,2,0.625610948,746382
8,3797,2550,-1674,-2667,-1687,-1256,324,-3419,-185,1016,4246,-5560,1533,-5225,132,824,5688,-1716,446,-154,-10,7648,-360,-1308,0.312805474,2,0.625610948,746382
8,3716,2385,-1643,-2477,-1784,-2004,-297,-3010,-281,1161,4354,-5579,2054,-5905,-1425,1412,2963,-2783,417,-170,-11,7665,-395,-1222,0.317693055,2,0.635386109,758044
8,3750,1600,-1704,-2896,-1339,-2291,-859,-2515,-207,1296,3990,-5743,1684,-6660,-1502,1167,4762,-5249,406,-203,-15,7715,-355,-1158,0.322580636,2,0.645161271,769707
8,3803,2000,-1751,-983,-2284,-3059,-1462,-1736,23,1382,2977,-6154,1753,-7798,-2134,818,2817,-6129,380,-211,-38,7698,-404,-1207,0.307917893,2,0.615835786,734720
8,3705,2846,-1786,-132,-2682,-3292,-1718,-1297,160,1093,2496,-6518,3011,-8626,-3050,691,2971,-6582,327,-212,-53,7678,-546,-1224,0.317693055,2,0.635386109,758044
8,3477,4007,-1637,-407,-3433,-3391,-1882,-888,224,396,2532,-7011,3506,-9275,-3513,684,4181,-5948,242,-257,-48,7683,-639,-1219,0.317693055,2,0.635386109,758044
8,3257,4445,-1389,-576,-3932,-3285,-1997,-745,146,-165,2870,-7339,3017,-9345,-3744,346,4386,-5557,23,-195,-13,7911,-467,-1080,0.361681342,2,0.723362684,863004
8,2867,3853,-1197,-1765,-4569,-2954,-2033,-788,4,-432,3464,-7558,2140,-9411,-3520,-747,4625,-5232,-71,-150,-16,7825,-416,-968,0.317693055,2,0.635386109,758044
8,2508,2776,-951,-1628,-4896,-2888,-2220,-919,-68,-421,4093,-7484,1013,-9281,-2991,-1290,4520,-5090,-168,-242,41,7787,-327,-1086,0.312805474,2,0.625610948,746382
8,2170,1840,-464,-1325,-4597,-2216,-2383,-921,-131,-70,4188,-7903,-314,-9033,-2846,-2242,3577,-4623,-310,-150,101,7940,-236,-1114,0.322580636,2,0.645161271,769707
8,1720,1525,-221,-876,-4689,-1456,-2355,-633,-11,819,3607,-8381,-782,-9799,-2423,-3702,2338,-3619,-403,-115,163,7778,-235,-1083,0.312805474,2,0.625610948,746382
8,895,1278,96,-450,-4380,-963,-2355,-21,183,1896,3958,-8315,-522,-11210,-2221,-4043,2221,-3506,-457,-107,206,7939,-299,-1114,0.381231666,2,0.762463331,909653
8,319,1084,522,-220,-4282,-1106,-2600,669,98,2041,5137,-8177,-650,-11411,-2134,-3938,2093,-3243,-438,-30,206,7950,-404,-1075,0.376344085,2,0.752688169,897991
8,-379,413,1148,-622,-4475,-1152,-3173,1905,-243,1179,5185,-8747,-1272,-11526,-1253,-2529,1950,-2287,-458,39,204,7954,-460,-1063,0.317693055,2,0.635386109,758044
8,-1001,-363,1386,-1229,-4912,-1912,-3408,2604,-408,652,4187,-9136,-2473,-10413,-476,-1939,3425,-1366,-554,78,200,7862,-520,-1079,0.322580636,2,0.645161271,769707
8,-1826,-1493,1182,-2769,-5200,-4098,-3501,3226,-650,128,4012,-8736,-2722,-9560,546,-4849,1015,-4518,-528,62,177,7763,-612,-1196,0.391006857,2,0.782013714,932978
8,-2323,-2477,1459,-3161,-5963,-5350,-3627,3609,-818,-460,4319,-8216,-4197,-8180,1858,-1266,2141,-388,-448,30,185,7752,-659,-1244,0.317693055,2,0.635386109,758044
8,-2467,-3720,1592,-3727,-5522,-6600,-3662,3735,-819,-839,3767,-8094,-3622,-5429,2592,-3090,2679,1904,-408,55,191,7768,-757,-1264,0.317693055,2,0.635386109,758044
8,-2665,-4517,1681,-2924,-5081,-7148,-3348,3525,-687,-621,3475,-7996,-3574,-3482,2781,-3939,2335,3778,-381,105,178,7676,-812,-1243,0.381231666,2,0.762463331,909653
8,-2832,-4698,1673,-2328,-4807,-7964,-2787,2997,-550,-379,3727,-7845,-2160,-407,2713,-3376,2228,5236,-287,38,150,7608,-820,-1314,0.322580636,2,0.645161271,769707
8,-3019,-4268,1487,-2077,-4879,-7183,-2346,2483,-481,-427,4252,-7929,-983,4035,3199,-4208,4311,1852,-239,2,125,7674,-790,-1396,0.317693055,2,0.635386109,758044
8,-3236,-3813,1369,-2233,-5357,-6886,-1672,1904,-452,-90,4313,-8623,-1650,4572,2796,-6776,6165,-672,-289,1,125,7702,-675,-1400,0.386119246,2,0.772238493,921316
8,-3401,-3586,1126,-2244,-5030,-7683,-1185,1694,-350,551,4310,-8784,-2625,3971,2327,-6152,5614,-1894,-424,-36,136,7688,-470,-1352,0.327468216,2,0.654936433,781369
8,-3464,-3340,968,-2272,-4838,-8719,-935,1600,-284,1154,4614,-8450,-2893,5504,1849,-6068,6957,-1407,-451,-46,131,7625,-424,-1379,0.312805474,2,0.625610948,746382
8,-3431,-2980,807,-2628,-4894,-9491,-741,1776,-392,1409,4561,-8225,-3442,6943,845,-6751,5962,-3251,-454,-73,135,7560,-372,-1381,0.327468216,2,0.654936433,781369
8,-3392,-2569,582,-2908,-4839,-9476,-428,1998,-396,1336,4504,-8239,-2722,7287,767,-6485,6305,-5391,-505,-105,154,7629,-353,-1368,0.312805474,2,0.625610948,746382
8,-3403,-1743,337,-3003,-4463,-9225,95,2122,-327,1529,4726,-8406,-1541,7301,460,-6701,7463,-6694,-579,-103,178,7689,-401,-1355,0.317693055,2,0.635386109,758044
8,-3445,-1237,160,-3447,-3972,-9606,507,2259,-215,1887,4838,-8480,-1563,6910,-313,-7420,7066,-7529,-613,-115,200,7693,-462,-1365,0.322580636,2,0.645161271,769707
8,-3346,-748,-172,-3712,-3700,-10349,893,2285,60,2269,5245,-8167,-1193,5926,-407,-7639,6486,-9397,-619,-123,202,7718,-555,-1394,0.317693055,2,0.635386109,758044
8,-3168,-613,-356,-4495,-3260,-10615,1113,2315,231,2456,5614,-7983,-1068,4753,-115,-7393,6100,-8991,-571,-110,210,7798,-629,-1461,0.322580636,2,0.645161271,769707
8,-2959,-1179,-246,-4743,-2772,-10071,1407,2245,438,2641,5479,-8133,-1782,4792,-55,-6046,6507,-6730,-533,-53,227,7808,-626,-1452,0.322580636,2,0.645161271,769707
8,-2888,-1615,-59,-4274,-2552,-9756,1762,2085,604,2808,5091,-8380,-2318,6137,889,-4130,5211,-8345,-453,-47,227,7783,-600,-1481,0.400782019,2,0.801564038,956302
8,-2924,-1498,145,-3181,-2237,-10468,2320,1903,776,3046,4866,-8658,-1886,5965,1794,-4247,5019,-7658,-313,-45,223,7753,-598,-1492,0.317693055,2,0.635386109,758044
8,-2967,-1148,303,-2835,-2323,-11020,2550,1764,989,2990,5131,-8648,-1788,6379,2195,-3474,5018,-8175,-225,-10,202,7734,-549,-1409,0.317693055,2,0.635386109,758044
8,-2894,-966,546,-2570,-2240,-11191,2660,1573,1355,2677,5369,-8456,-1754,6953,2299,-3018,5687,-8760,-145,62,154,7638,-506,-1384,0.317693055,2,0.635386109,758044
8,-2779,-820,612,-2979,-2230,-11044,2736,1232,1727,2417,5042,-8315,-1753,6963,2501,-2824,5823,-9809,-34,49,125,7485,-443,-1393,0.351906151,2,0.703812301,839680
8,-2478,-487,756,-3365,-2020,-10720,3031,767,2224,2507,4464,-8061,-1466,6506,2699,-2527,7040,-10417,89,-46,103,7519,-344,-1413,0.317693055,2,0.635386109,758044
8,-2221,-163,855,-4002,-2232,-10460,3328,337,2531,2547,4359,-7835,-1260,5837,2645,-2829,7239,-10493,151,-111,83,7484,-417,-1432,0.312805474,2,0.625610948,746382
8,-1686,-181,953,-5318,-2295,-10597,3557,-366,2713,2371,4644,-7672,-1264,4833,3068,-1284,7399,-10412,222,-154,74,7533,-502,-1564,0.327468216,2,0.654936433,781369
8,-1149,6,1204,-4790,-2643,-10453,3418,-669,2750,2169,4417,-7346,106,5799,3649,-686,7629,-9022,253,-106,76,7647,-602,-1660,0.317693055,2,0.635386109,758044
8,-617,677,1349,-4644,-3291,-10316,3322,-795,2796,1686,4040,-6995,710,6309,4219,-729,8326,-9181,257,-103,71,7625,-616,-1730,0.317693055,2,0.635386109,758044
8,236,1150,1326,-5568,-3446,-9905,3334,-981,2821,1245,4009,-6933,-104,7780,5059,2442,8473,-7861,212,-115,61,7618,-687,-1668,0.371456504,2,0.742913008,886329
8,912,1037,1431,-5966,-3206,-9074,3186,-1363,2700,576,3363,-6868,-69,7151,6061,737,8610,-8196,162,-115,45,7624,-743,-1570,0.317693055,2,0.635386109,758044
8,1437,1252,1103,-4865,-2933,-6383,3086,-1745,2627,509,2797,-6761,1144,6599,6908,564,8957,-7456,138,-113,16,7653,-745,-1558,0.317693055,2,0.635386109,758044
8,1619,2105,715,-4407,-2820,-4474,3000,-2226,2538,688,2269,-6407,2064,5205,6973,-6,8745,-6129,161,-134,13,7647,-754,-1653,0.386119246,2,0.772238493,921316
8,1760,3412,205,-4454,-2363,-2265,2873,-2498,2368,858,2207,-6113,3613,3775,6124,-1059,7627,-3801,173,-150,39,7701,-855,-1842,0.322580636,2,0.645161271,769707
8,1627,4103,-328,-5047,-2316,-1263,2499,-2573,2004,1268,2576,-5389,4369,2455,5328,-1440,6799,-997,145,-107,46,7663,-955,-1840,0.317693055,2,0.635386109,758044
8,1456,4228,-762,-5446,-1971,-457,2031,-2350,1589,1656,2868,-4865,3990,581,4822,-987,6551,-273,158,-91,34,7627,-1054,-1892,0.376344085,2,0.752688169,897991
8,1539,4202,-879,-4528,-1927,-1230,1413,-1835,1129,2089,2901,-4440,3470,-981,4221,255,5392,-2150,213,-10,-12,7711,-1124,-1935,0.317693055,2,0.635386109,758044
8,2089,4405,-1035,-3167,-1551,-3324,502,-1158,682,2233,3014,-3720,3640,-2786,3511,1537,4916,-4551,266,37,-33,7622,-1085,-1875,0.317693055,2,0.635386109,758044
8,2541,4877,-1196,-2041,-1365,-3871,-199,-820,485,1705,2932,-3495,4448,-3930,2712,2886,4217,-5505,337,56,-72,7300,-1038,-1882,0.342130989,2,0.684261978,816356
8,3316,5726,-1443,-1547,-1419,-4479,-979,-1000,307,727,3025,-3668,4580,-4851,1940,2865,3795,-5735,375,5,-97,7447,-1025,-1845,0.322580636,2,0.645161271,769707
8,3859,5730,-1428,-1423,-1396,-4755,-1452,-1466,191,128,2967,-4163,4159,-5988,1445,2940,3942,-6409,428,6,-133,7538,-990,-1843,0.332355827,2,0.664711654,793031
8,4515,4897,-1229,-1771,-2745,-6326,-1926,-2463,176,-209,3152,-4780,5955,-5934,221,521,5795,-6696,445,-5,-150,7661,-936,-1807,0.351906151,2,0.703812301,839680
8,4755,3471,-654,-2782,-1217,-4745,-2246,-3204,221,-42,3058,-5627,2980,-7754,-74,2987,2467,-6316,465,40,-174,7660,-920,-1737,0.322580636,2,0.645161271,769707
8,4919,2434,7,-1135,-2210,-4834,-2509,-3886,433,508,2554,-6748,417,-8480,-401,2130,2982,-5776,434,34,-179,7591,-865,-1627,0.322580636,2,0.645161271,769707
8,4874,1858,439,-274,-2537,-4736,-2525,-4278,556,920,2906,-7380,-982,-9030,-376,212,2309,-7220,367,5,-181,7604,-806,-1529,0.317693055,2,0.635386109,758044
8,4688,1360,986,-148,-3378,-4581,-2748,-4252,477,1227,3998,-7893,-286,-9722,-791,248,1697,-8366,265,-29,-151,7719,-703,-1485,0.322580636,2,0.645161271,769707
8,4485,832,1309,-326,-3554,-4171,-3030,-3884,424,1911,4291,-8354,460,-9951,-978,-422,2470,-6982,150,-10,-123,7774,-616,-1469,0.317693055,2,0.635386109,758044
8,4145,601,1437,-13,-3639,-3223,-3482,-2750,420,2585,3951,-8817,-328,-10587,-1134,-1251,2783,-5672,34,12,-108,7664,-557,-1378,0.317693055,2,0.635386109,758044
8,3605,335,1442,-110,-3955,-2676,-3732,-1814,441,2369,3982,-8848,-811,-11272,-1066,-1969,2587,-5655,-53,-15,-81,7639,-530,-1342,0.317693055,2,0.635386109,758044
8,3014,-152,1640,-256,-4207,-2084,-4178,-713,368,1651,4821,-8904,-1219,-11133,-549,-1901,2519,-5231,-214,31,-23,7776,-402,-1214,0.317693055,2,0.635386109,758044
8,2298,-771,2051,-566,-4997,-1980,-4475,-18,227,1170,4585,-9366,-2013,-10522,196,-1784,2142,-3994,-279,49,12,7879,-307,-1242,0.312805474,2,0.625610948,746382
8,1744,-1268,2158,-825,-5429,-2780,-4492,842,54,937,3040,-9793,-2573,-8891,709,-2366,2442,-1859,-327,87,30,7811,-321,-1332,0.317693055,2,0.635386109,758044
8,891,-1626,2370,-886,-5602,-3985,-4240,1367,-30,488,2694,-9669,-2984,-7691,708,-3085,2652,-1718,-349,98,44,7687,-538,-1379,0.337243408,2,0.674486816,804693
8,250,-1831,2479,-1127,-5951,-4566,-3842,1507,-121,-343,4302,-8962,-2967,-6568,551,-3394,2683,-2040,-372,117,46,7674,-671,-1390,0.317693055,2,0.635386109,758044
8,-360,-2038,2395,-1856,-6345,-4714,-3745,1505,-279,-680,5203,-8840,-2449,-5442,551,-4308,3616,-2643,-358,110,35,7740,-788,-1372,0.322580636,2,0.645161271,769707
8,-669,-2137,2213,-2215,-5928,-5096,-3382,1511,-244,-96,3843,-9141,-2900,-4919,683,-5506,4178,-3733,-331,115,35,7743,-874,-1354,0.327468216,2,0.654936433,781369
8,-1162,-2497,2321,-2515,-5618,-6235,-2870,1536,-64,802,3433,-8470,-3507,-4889,511,-5106,4271,-3256,-313,107,18,7723,-879,-1265,0.317693055,2,0.635386109,758044
8,-1507,-2925,2480,-2924,-5654,-7195,-2428,1622,-117,828,4537,-7668,-3905,-3385,576,-4796,4112,-2750,-279,70,-20,7652,-826,-1270,0.312805474,2,0.625610948,746382
8,-1554,-3448,2412,-2310,-5729,-8268,-2308,1604,-315,246,5368,-7312,-3793,-1549,708,-5126,3658,-2979,-250,35,-30,7637,-635,-1269,0.366568923,2,0.733137846,874667
8,-1315,-3272,2176,-2539,-5340,-8527,-2199,917,-310,94,5714,-6872,-3490,-331,883,-5738,3981,-3055,-211,18,-7,7677,-496,-1411,0.317693055,2,0.635386109,758044
8,-1011,-2625,1945,-3303,-4824,-7921,-2009,398,-221,553,5789,-6717,-2956,910,906,-5905,4569,-3299,-211,55,14,7686,-489,-1453,0.317693055,2,0.635386109,758044
8,-963,-2219,1959,-3723,-4426,-7046,-1798,182,-112,1011,5504,-7116,-2487,1715,1123,-5413,5763,-2222,-210,86,24,7703,-598,-1432,0.327468216,2,0.654936433,781369
8,-1093,-2095,1858,-4150,-4487,-6517,-1525,57,70,1133,5064,-7779,-2554,2783,1287,-5153,5132,-2479,-211,142,16,7727,-665,-1412,0.322580636,2,0.645161271,769707
8,-1272,-2199,1730,-4036,-4513,-6053,-1352,77,103,1093,5157,-8001,-2629,3298,1154,-5783,5808,-1945,-159,136,21,7725,-770,-1493,0.317693055,2,0.635386109,758044
8,-1734,-2043,1522,-3763,-4702,-5228,-1180,331,122,1211,5710,-8004,-2245,3580,911,-6113,5556,-1943,-171,147,31,7786,-914,-1481,0.317693055,2,0.635386109,758044
8,-2014,-1603,1160,-4206,-4633,-4944,-1005,642,162,1585,5824,-8004,-1594,3315,702,-6370,5556,-2422,-187,171,26,7810,-1019,-1396,0.327468216,2,0.654936433,781369
8,-2401,-1138,755,-5004,-4447,-4863,-791,1429,174,1921,5436,-7998,-1253,2905,750,-6067,6610,-1906,-98,178,-10,7786,-1055,-1426,0.317693055,2,0.635386109,758044
8,-2758,-1209,569,-5428,-4260,-5297,-671,2217,86,1889,5204,-7957,-1787,2969,882,-5402,7168,-1756,2,186,-53,7738,-1053,-1428,0.322580636,2,0.645161271,769707
8,-3115,-1599,409,-5075,-4035,-5701,-472,3112,-55,1602,5098,-7733,-2193,3377,978,-5202,6645,-2586,51,172,-79,7615,-963,-1372,0.327468216,2,0.654936433,781369
8,-3482,-1915,211,-4156,-3927,-5688,-393,3514,-174,1127,5376,-7428,-2311,3345,927,-5447,5878,-3074,91,139,-98,7630,-815,-1307,0.317693055,2,0.635386109,758044
8,-3674,-1796,93,-3585,-3731,-5849,-280,3631,-346,616,5522,-7216,-1960,3242,732,-4881,5338,-3330,131,123,-95,7662,-771,-1336,0.322580636,2,0.645161271,769707
8,-3876,-1414,-55,-3863,-3545,-6674,-143,3581,-345,544,5354,-7089,-1469,3499,548,-4751,5508,-3973,156,130,-100,7663,-702,-1352,0.317693055,2,0.635386109,758044
8,-3942,-1184,-162,-4318,-3420,-7057,65,3370,-236,774,5228,-6542,-993,3820,309,-5202,6018,-4662,190,123,-113,7615,-735,-1426,0.322580636,2,0.645161271,769707
8,-3920,-858,-267,-4247,-3392,-7469,308,3259,-187,962,5326,-6554,-817,3814,-394,-5502,5861,-6166,171,111,-125,7627,-749,-1375,0.327468216,2,0.654936433,781369
8,-3813,-515,-396,-4159,-3216,-7893,713,3055,-123,1314,5484,-6655,-86,3526,-410,-5029,6297,-6441,127,139,-127,7692,-735,-1350,0.317693055,2,0.635386109,758044
8,-3660,-163,-488,-4120,-3108,-8901,974,2938,-124,1539,5523,-6657,-224,3607,-90,-5036,6864,-6636,148,144,-123,7692,-757,-1307,0.312805474,2,0.625610948,746382
8,-3495,10,-611,-4122,-2983,-9337,1309,2606,-64,1882,5540,-6627,-41,3650,-352,-5400,6436,-7442,192,119,-126,7708,-776,-1297,0.317693055,2,0.635386109,758044
8,-3234,538,-829,-4174,-2558,-9541,1615,2264,12,2162,5609,-6778,235,3055,-477,-5067,6130,-7963,212,125,-156,7736,-800,-1185,0.317693055,2,0.635386109,758044
8,-3051,960,-930,-4323,-2185,-9961,2068,1833,162,2786,5826,-7003,712,3028,-446,-4270,6284,-7794,230,147,-197,7758,-736,-1047,0.312805474,2,0.625610948,746382
8,-2870,1385,-971,-4335,-1669,-10130,2360,1579,292,3255,6064,-7086,890,3079,-582,-3979,6132,-7597,269,125,-224,7694,-576,-966,0.322580636,2,0.645161271,769707
8,-2724,1720,-1064,-4437,-1642,-10398,2688,1342,477,3455,6068,-7317,1234,3389,-960,-3980,6654,-7973,285,28,-235,7619,-366,-939,0.312805474,2,0.625610948,746382
8,-2593,2052,-1118,-4675,-1453,-10134,2972,1240,602,3620,6045,-7554,1147,3321,-572,-3375,6724,-8454,213,-2,-202,7610,-294,-945,0.371456504,2,0.742913008,886329
8,-2545,2141,-1125,-4578,-1177,-10317,3333,1202,839,4216,5797,-8005,1165,3510,-681,-3333,6891,-8394,192,12,73,7713,-267,-1024,0.317693055,2,0.635386109,758044
8,-2524,2425,-1159,-4369,-850,-11341,3642,1165,1104,4388,5473,-8249,953,3354,-432,-2371,6492,-8881,191,40,-152,7835,-303,-1085,0.317693055,2,0.635386109,758044
8,-2482,2645,-1058,-3932,-1098,-12076,3951,1154,1396,4110,5389,-8071,830,5111,-233,-1801,6082,-9438,84,46,-107,7761,-429,-1046,0.376344085,2,0.752688169,897991
8,-2230,3057,-946,-3867,-1718,-12733,4345,823,1704,3364,5566,-7846,1304,5926,144,-1851,5566,-10427,-7,65,-74,7734,-546,-990,0.307917893,2,0.615835786,734720
8,-1897,3300,-920,-4550,-2124,-12931,4607,384,1822,3014,5353,-7900,1832,6858,614,-1885,6641,-11809,-22,57,-53,7763,-569,-965,0.312805474,2,0.625610948,746382
8,-1478,3331,-904,-4906,-2080,-13000,4998,-181,1960,2928,4468,-7942,1993,6985,1548,-1516,6422,-11823,4,37,-59,7800,-498,-1004,0.361681342,2,0.723362684,863004
8,-904,3282,-914,-4457,-2256,-13565,5304,-500,2201,2788,3777,-8031,1861,6826,2747,-966,6161,-12237,64,83,-94,7805,-454,-1033,0.312805474,2,0.625610948,746382
8,-315,3450,-1007,-4491,-3040,-13317,5710,-1223,2536,1898,4207,-7907,2535,7103,3275,-444,7266,-13280,153,113,-112,7810,-453,-1092,0.317693055,2,0.635386109,758044
8,600,3631,-1150,-5158,-3670,-12089,5690,-1957,2553,1079,4507,-7349,2446,6646,4535,-75,7716,-13406,262,117,-104,7778,-489,-1118,0.312805474,2,0.625610948,746382
8,1544,3513,-1124,-5843,-3499,-11014,5372,-2930,2283,753,4356,-6426,2232,6141,6159,330,8297,-12532,354,108,-102,7772,-523,-1113,0.317693055,2,0.635386109,758044
8,2809,2536,-777,-6058,-3429,-8825,5045,-3445,2021,624,3842,-5767,1382,5513,6991,1509,9158,-10482,387,95,-146,7766,-613,-1100,0.322580636,2,0.645161271,769707
8,3679,1506,-654,-5718,-2495,-6929,4564,-3939,1628,328,3194,-4951,254,4592,7160,1703,8972,-7983,449,123,-190,7788,-644,-1086,0.386119246,2,0.772238493,921316
8,4318,663,-583,-4435,-1305,-4036,4180,-4265,1273,-4,2661,-4558,-7,3949,6988,1243,7600,-4704,566,119,-254,7733,-616,-1076,0.322580636,2,0.645161271,769707
8,4629,668,-805,-3881,-712,-2364,3597,-4636,702,-50,1856,-4483,94,2173,6042,-656,6915,-2153,694,92,-293,7625,-622,-1077,0.322580636,2,0.645161271,769707
8,4970,552,-1078,-2031,-326,-431,3180,-4888,294,193,1400,-4653,-103,-592,4664,85,4116,-1496,732,101,-302,7606,-577,-1085,0.337243408,2,0.674486816,804693
8,5225,1035,-1325,-1374,60,-48,2461,-5071,-62,773,1555,-4608,890,-2912,2848,-838,3179,-1538,752,63,-299,7633,-570,-1090,0.327468216,2,0.654936433,781369
8,5273,2411,-1843,618,484,120,1722,-5022,-225,1201,1890,-4356,1524,-4701,1130,-1236,1607,-1842,696,24,-293,7742,-485,-1122,0.322580636,2,0.645161271,769707
8,5295,3811,-2221,656,425,166,552,-4690,-357,1643,2264,-4110,2431,-7033,44,-1023,1287,-2787,585,37,-302,7793,-371,-1099,0.327468216,2,0.654936433,781369
8,5219,4994,-2325,894,140,-474,-325,-4310,-372,1882,2402,-4050,2377,-9129,-1250,-403,1289,-3225,388,43,-301,7812,-102,-948,0.322580636,2,0.645161271,769707
8,5097,5380,-2033,-754,217,-108,-1301,-3501,-307,2021,2363,-4735,5008,-8665,-2588,1814,-2460,-2916,211,53,-291,7753,86,-823,0.317693055,2,0.635386109,758044
8,4876,4302,-1360,1142,-453,44,-1838,-2890,-123,2004,2356,-5381,3780,-10093,-3199,-765,2204,-2784,49,-3,-263,7591,135,-726,0.322580636,2,0.645161271,769707
8,4552,4077,-739,820,-837,335,-2435,-2417,203,1584,2735,-5887,2119,-11400,-3995,-1372,2543,-2177,-44,-45,-222,7626,59,-652,0.322580636,2,0.645161271,769707
8,3938,3848,-435,-92,-1404,928,-2972,-2160,245,1014,3383,-5913,1782,-12467,-3903,-1278,1369,-2616,-169,-65,-173,7816,-98,-651,0.317693055,2,0.635386109,758044
8,3371,3720,-319,-1107,-1968,977,-3718,-1873,173,1055,4210,-6674,2703,-13585,-3334,-1475,1483,-3152,-264,-34,-134,7945,-264,-643,0.312805474,2,0.625610948,746382
8,2803,3705,-174,-2025,-2720,542,-4497,-1612,337,1723,4402,-7512,3868,-13961,-2063,-786,1715,-3059,-281,13,-129,8045,-472,-671,0.317693055,2,0.635386109,758044
8,2135,3169,222,-1755,-4118,-1137,-5209,-460,415,2520,3898,-8041,4137,-13553,-1123,-195,2479,-3157,-286,108,-128,8039,-570,-641,0.317693055,2,0.635386109,758044
8,1636,2231,636,-1904,-4638,-2231,-5587,859,272,1979,4587,-7464,2706,-12455,-636,150,3952,-2266,-207,161,-136,7944,-613,-644,0.386119246,2,0.772238493,921316
8,1153,-405,1533,-2744,-5337,-3537,-6130,1928,-143,949,6135,-7176,-648,-9256,37,-1107,4629,-1133,-93,208,-127,7946,-567,-715,0.322580636,2,0.645161271,769707
8,826,-3185,2232,-3080,-5968,-3701,-6862,2711,-836,-695,5655,-8579,-4671,-6503,1606,-3205,4463,-2458,51,252,-122,7931,-495,-668,0.317693055,2,0.635386109,758044
8,319,-6199,2902,-1957,-6353,-3383,-6919,2401,-981,-926,4056,-9769,-8110,-5887,2490,-6128,3772,-4064,210,266,-124,7880,-400,-706,0.322580636,2,0.645161271,769707
8,-129,-7310,2883,-2518,-5772,-2966,-6645,2362,-765,329,3314,-9843,-7786,-7986,3324,-7451,991,-6336,283,257,-133,7883,-343,-734,0.312805474,2,0.625610948,746382
8,-770,-8020,2928,-1624,-6625,-4554,-6314,2795,-748,753,3538,-10266,-5987,-10009,4160,-5244,-634,-2632,300,262,-163,7860,-268,-797,0.327468216,2,0.654936433,781369
8,-1247,-7739,3038,475,-7897,-7024,-5944,3480,-958,106,3581,-10846,-5096,-8880,4660,-3650,-529,2672,280,261,-179,7807,-123,-849,0.312805474,2,0.625610948,746382
8,-1308,-6731,3011,832,-7920,-9078,-5741,3499,-1076,-831,4603,-10325,-4215,-2565,4162,-3424,1258,7394,216,213,-193,7691,73,-875,0.317693055,2,0.635386109,758044
8,-1587,-5847,2973,181,-6906,-8168,-5185,2747,-997,-1052,5073,-10180,-3833,2463,3316,-6182,2179,3506,120,146,-196,7646,222,-931,0.351906151,2,0.703812301,839680
8,-2111,-4760,3163,-807,-6328,-6630,-4500,1987,-837,-391,4458,-10576,-3169,1886,2642,-8352,3045,-1820,-50,93,-188,7615,425,-979,0.312805474,2,0.625610948,746382
8,-2445,-4334,3120,-233,-6233,-8057,-3486,1454,-555,1316,3339,-10652,-2559,1070,1896,-7876,2322,-893,-202,40,-172,7590,513,-1011,0.312805474,2,0.625610948,746382
8,-2823,-3367,2764,-1090,-5641,-9465,-2865,1350,-358,1571,4401,-10250,-2292,2972,1965,-6473,3020,153,-322,-4,-182,7572,489,-883,0.322580636,2,0.645161271,769707
8,-3068,-2914,2495,-2077,-6081,-10003,-2192,1356,-411,785,5302,-9447,-1922,5414,1480,-7111,5564,-1197,-379,-41,-197,7637,345,-777,0.317693055,2,0.635386109,758044
8,-3300,-2541,2319,-4262,-5491,-9231,-1514,1437,-362,1174,5629,-9225,-2427,6242,561,-6803,7686,-2782,-387,-90,-198,7785,97,-671,0.322580636,2,0.645161271,769707
8,-3489,-2015,1947,-4701,-4870,-8609,-695,1904,-63,2570,4909,-8874,-2703,7323,-188,-6645,7848,-5075,-406,-95,-182,7927,-111,-519,0.317693055,2,0.635386109,758044
8,-3756,-1052,1136,-6176,-4570,-9084,-22,2590,195,2642,5429,-8373,-1596,6884,774,-7647,7755,-8083,-437,-75,-180,7926,-185,-387,0.322580636,2,0.645161271,769707
8,-3783,-850,614,-5747,-4293,-9231,134,3093,123,1998,6441,-7799,-823,5918,390,-8476,9396,-8026,-417,-66,-163,8001,-214,-419,0.327468216,2,0.654936433,781369
8,-3643,-786,201,-5558,-4232,-9555,48,3338,191,1327,6898,-7091,-1541,5338,-241,-7556,8573,-7846,-327,-5,-127,8022,-200,-540,0.327468216,2,0.654936433,781369
8,-3268,-531,-205,-5858,-3749,-9432,31,2982,438,1366,6490,-6381,-1574,4812,-142,-7614,6681,-8312,-175,85,-117,8054,-160,-580,0.327468216,2,0.654936433,781369
8,-3098,-586,-289,-5263,-3516,-9363,181,2679,611,1518,5931,-6027,-639,4301,-578,-6700,5075,-7753,-30,150,-127,7968,-155,-662,0.337243408,2,0.674486816,804693
8,-2841,-524,-236,-3032,-3229,-9124,548,2176,742,1469,5820,-6185,-1045,4570,-176,-4193,5064,-6405,152,176,-128,7744,-112,-750,0.322580636,2,0.645161271,769707
8,-2699,-85,-250,-2607,-3285,-8612,828,1740,860,1517,5946,-6394,-727,5573,-139,-6418,3511,-7683,268,122,-133,7658,-88,-851,0.317693055,2,0.635386109,758044
8,-2552,584,-318,-2912,-3070,-8995,1109,1509,1033,1955,5672,-6470,-302,4496,-35,-5915,3532,-7626,347,64,-151,7650,16,-880,0.322580636,2,0.645161271,769707
8,-2442,873,-235,-2978,-3065,-9912,1519,1363,1298,2308,5464,-6693,-181,5051,167,-4746,3998,-7979,461,45,-182,7723,188,-881,0.322580636,2,0.645161271,769707
8,-2251,848,-74,-2976,-3255,-10633,1806,1004,1438,2028,5507,-6772,-425,5263,292,-5222,4239,-9336,552,-7,-218,7725,323,-958,0.317693055,2,0.635386109,758044
8,-1975,612,12,-3266,-3263,-9971,2172,425,1629,1936,5389,-6998,-479,4856,681,-5242,4159,-9188,564,-35,-233,7735,506,-914,0.327468216,2,0.654936433,781369
8,-1805,675,83,-2897,-3052,-9389,2546,1,1803,2247,5586,-7339,-375,4433,1047,-4730,4528,-8494,543,-48,-225,7830,718,-790,0.317693055,2,0.635386109,758044
8,-1760,1120,113,-3299,-2904,-9572,2958,-483,1941,3145,5725,-7784,-155,4108,1303,-4314,4859,-8962,495,-4,-214,7876,801,-708,0.312805474,2,0.625610948,746382
8,-1589,1348,140,-4018,-2985,-10187,3124,-556,2008,3392,5656,-7740,-295,3776,1673,-3787,5877,-10201,494,15,-210,7816,746,-642,0.322580636,2,0.645161271,769707
8,-1366,951,240,-4634,-3236,-10713,3202,-379,2120,3119,5820,-7279,-553,3964,2170,-3313,6147,-9772,456,11,-191,7905,638,-641,0.317693055,2,0.635386109,758044
8,-919,549,597,-3879,-3318,-10203,3289,-381,2221,2683,5998,-7055,-181,4370,2721,-3480,5883,-10046,365,45,-162,7944,581,-604,0.303030312,2,0.606060624,723058
8,-524,1461,571,-3380,-3672,-10568,3471,-643,2262,1899,5074,-6935,1026,5105,3045,-1834,5905,-10660,323,66,-139,7908,425,-563,0.317693055,2,0.635386109,758044
8,171,3208,326,-3861,-3880,-11310,3636,-1059,2298,1509,4706,-6717,2974,4401,3195,-2876,6117,-11160,353,99,-125,7838,327,-623,0.317693055,2,0.635386109,758044
8,764,4437,-75,-4343,-4116,-11387,3761,-1722,2380,1043,4674,-6451,4443,4098,3596,-2079,5917,-11922,360,102,-98,7880,323,-800,0.322580636,2,0.645161271,769707
8,1480,5549,-394,-5115,-4519,-10909,3709,-2213,2374,392,4414,-6446,6442,4209,3804,-1059,7803,-10550,319,106,-81,7873,388,-792,0.317693055,2,0.635386109,758044
8,2238,6804,-1084,-5586,-4752,-8981,3715,-2839,2151,-358,3415,-6711,7386,4086,3534,-536,8686,-9393,316,121,-86,7848,433,-745,0.322580636,2,0.645161271,769707
8,2623,7036,-1467,-5842,-4326,-7064,3818,-3416,1887,-417,2695,-7003,6635,4103,3503,351,10362,-6574,347,123,-111,7801,446,-814,0.307917893,2,0.615835786,734720
8,2804,5983,-1839,-6122,-3756,-5300,3928,-4016,1435,118,2476,-6958,4522,3688,3682,-299,10415,-5511,449,104,-128,7735,474,-961,0.317693055,2,0.635386109,758044
8,2940,4723,-1929,-6003,-3411,-4621,3750,-4240,1115,703,3083,-6380,2731,3430,4652,812,7313,-4911,486,71,-156,7720,486,-971,0.322580636,2,0.645161271,769707
8,3281,2960,-1692,-4357,-2912,-3784,3142,-4149,607,884,4070,-5401,1353,2770,4908,-89,4799,-4685,537,3,-192,7632,452,-941,0.317693055,2,0.635386109,758044
8,3514,2164,-1364,-2482,-2337,-2805,2502,-4006,238,869,4468,-4813,1070,1221,4379,-1825,3555,-5235,529,-43,-203,7728,465,-851,0.317693055,2,0.635386109,758044
8,3820,2199,-1144,-485,-1644,-1595,1438,-3716,-184,1042,4177,-4547,914,-1968,3257,-2659,2352,-5501,475,-50,-205,7843,511,-756,0.317693055,2,0.635386109,758044
8,3989,2529,-1005,898,-1622,-600,579,-3405,-350,1279,3830,-4535,1681,-4035,1945,-2786,2760,-5391,342,-23,-189,7965,587,-675,0.322580636,2,0.645161271,769707
8,3995,3351,-786,1395,-1623,-463,-183,-2990,-351,1554,3883,-4471,2340,-5307,151,-2404,826,-4784,246,52,-191,7898,480,-602,0.386119246,2,0.772238493,921316
8,4039,2987,-545,1209,-1298,-780,-1248,-2398,-301,1423,3921,-4352,2639,-6744,-458,-2238,1661,-4670,195,35,-173,7759,314,-457,0.332355827,2,0.664711654,793031
8,3866,2646,53,1006,-1670,-1592,-1920,-1979,-285,1201,3527,-4421,1880,-8104,-1038,-1576,1682,-4579,150,38,-130,7864,208,-350,0.317693055,2,0.635386109,758044
8,3782,2165,511,1107,-2235,-2169,-2478,-1504,-264,531,3457,-4501,518,-9194,-1530,-872,1365,-5309,95,47,-121,7875,114,-206,0.332355827,2,0.664711654,793031
8,3713,1270,1195,1052,-3194,-2282,-2826,-1507,-286,-20,3873,-4908,-204,-9384,-1825,-1328,994,-5708,56,29,-139,7889,69,-187,0.327468216,2,0.654936433,781369
8,3637,583,1687,806,-3731,-2151,-3249,-1724,-513,-698,3913,-5813,-724,-9635,-1870,-1857,1004,-5620,30,11,-169,7848,239,-266,0.317693055,2,0.635386109,758044
8,3337,-204,2030,84,-3886,-1727,-3396,-1985,-678,-749,3275,-6842,-1271,-10024,-1636,-2426,1535,-4773,-72,-3,-147,7901,412,-225,0.322580636,2,0.645161271,769707
8,2952,-479,2076,-719,-4139,-1681,-3253,-2319,-621,198,2708,-7846,-1474,-10348,-1176,-2426,2256,-3894,-71,12,-143,7851,436,-287,0.322580636,2,0.645161271,769707
8,2381,-859,2072,-1260,-4659,-2201,-3152,-2102,-496,1109,3300,-8061,-1380,-9813,-632,-1509,2897,-4016,-161,6,-125,7822,525,-210,0.317693055,2,0.635386109,758044
8,2024,-1200,2074,-1665,-5482,-2708,-3444,-1163,-547,1398,4919,-8049,-1800,-9009,367,-1834,3258,-4019,-219,-30,-112,7779,597,-305,0.312805474,2,0.625610948,746382
8,1733,-1821,2061,-2078,-5553,-3054,-3876,-321,-764,1034,5407,-8281,-2898,-8261,707,-3679,3829,-3691,-255,-25,-81,7866,600,-381,0.317693055,2,0.635386109,758044
8,1377,-2870,2101,-2548,-6185,-3531,-4306,599,-1083,336,4811,-8723,-4008,-7923,1018,-4713,3799,-3709,-261,-9,-64,7863,558,-514,0.317693055,2,0.635386109,758044
8,1139,-3600,2150,-2574,-6838,-3981,-4434,1071,-1305,-156,4508,-8613,-4720,-7377,1177,-4853,4427,-2956,-334,-19,-64,7806,555,-389,0.391006857,2,0.782013714,932978
8,584,-4416,2441,-2364,-7215,-4482,-4371,1289,-1440,-663,5127,-8258,-5659,-6187,987,-5477,3855,-2847,-351,-60,-68,7775,588,-352,0.317693055,2,0.635386109,758044
8,347,-4747,2562,-1990,-7554,-5230,-4374,1247,-1514,-947,5975,-7920,-5796,-5636,722,-6113,1684,-3553,-330,-90,-66,7813,640,-352,0.322580636,2,0.645161271,769707
8,424,-4763,2308,-1897,-7179,-5664,-4454,1184,-1525,-1064,5722,-8174,-3720,-5768,1265,-6179,1585,-2752,-288,-111,-68,7818,691,-432,0.386119246,2,0.772238493,921316
8,299,-4268,2079,-2509,-6809,-5540,-4199,1034,-1368,-971,5181,-8164,-3352,-5461,2091,-5196,2513,905,-253,-138,-75,7813,714,-565,0.322580636,2,0.645161271,769707
8,-42,-3931,2155,-3330,-6583,-5978,-3619,858,-1208,-713,5268,-7893,-3318,-2152,2209,-4131,3170,3531,-252,-115,-68,7839,755,-636,0.322580636,2,0.645161271,769707
8,-340,-4117,2073,-2644,-6280,-5717,-3083,982,-1007,-953,5078,-7706,-3346,993,2609,-4346,3937,2393,-276,-105,-56,7861,787,-617,0.386119246,2,0.772238493,921316
8,-916,-4010,1906,-2655,-6112,-4577,-2460,-15,-1026,-469,5387,-8696,-3552,2029,2494,-6504,5388,675,-299,-102,-44,7826,877,-567,0.342130989,2,0.684261978,816356
8,-1398,-3745,1785,-3238,-5158,-4390,-2229,-262,-778,567,5530,-8488,-4319,1534,2194,-7551,4860,-1607,-314,-118,-42,7769,907,-571,0.327468216,2,0.654936433,781369
8,-1961,-3686,1627,-2768,-5489,-5513,-1927,-4,-547,1448,5750,-8125,-3895,616,1517,-5962,3486,-1715,-321,-121,-23,7766,799,-606,0.317693055,2,0.635386109,758044
8,-2154,-3128,1464,-2355,-4637,-7188,-1649,706,-403,1666,5776,-7778,-2561,2030,2170,-4009,4215,-241,-368,-123,-4,7814,691,-608,0.327468216,2,0.654936433,781369
8,-2546,-2184,1460,-2915,-5260,-8339,-1248,1296,-334,989,5397,-7733,-1742,4656,1610,-5085,5146,-1405,-424,-132,2,7842,602,-519,0.322580636,2,0.645161271,769707
8,-2697,-1555,1244,-3831,-5441,-8377,-375,1622,-84,552,5406,-8118,-1405,5153,1398,-5464,6019,-2510,-456,-149,-9,7846,532,-424,0.381231666,2,0.762463331,909653
8,-2889,-767,763,-4855,-5774,-8420,292,1890,152,340,5182,-8500,-1094,6623,1759,-4491,8132,-2321,-465,-156,-17,7848,514,-380,0.317693055,2,0.635386109,758044
8,-3119,-724,585,-5809,-6113,-8539,1251,1887,271,-216,5038,-9099,-1590,8593,1985,-5206,7802,-3943,-501,-167,-4,7882,492,-380,0.34701857,2,0.694037139,828018
8,-3335,-1090,400,-5906,-6546,-8312,1798,1826,226,-602,5086,-9215,-1590,9219,2511,-5574,7693,-5625,-533,-149,1,7927,457,-357,0.317693055,2,0.635386109,758044
8,-3696,-1509,147,-5489,-6084,-7464,2448,1858,134,-682,5195,-9315,-668,9911,2971,-4392,5642,-3917,-535,-133,19,8012,423,-328,0.322580636,2,0.645161271,769707
8,-4087,-1529,-48,-4668,-5978,-6846,2932,1823,196,-353,5304,-9499,-1021,9921,2308,-6037,9471,-8505,-557,-90,47,7986,400,-315,0.322580636,2,0.645161271,769707
8,-4379,-1412,-361,-4858,-5251,-6111,3451,1866,245,324,4987,-9767,-867,7935,2238,-4863,8896,-7606,-562,-45,78,7928,315,-230,0.322580636,2,0.645161271,769707
8,-4706,-1698,-591,-4785,-4922,-6129,3747,2178,212,580,4981,-9829,-1298,7206,1842,-4177,8122,-5755,-579,-28,103,7913,243,-187,0.327468216,2,0.654936433,781369
8,-5110,-1945,-768,-4149,-4796,-6683,3880,2881,-85,286,5023,-10213,-1196,7026,1606,-3288,7155,-5849,-563,-17,126,7992,183,-296,0.327468216,2,0.654936433,781369
8,-5474,-1289,-862,-3355,-4667,-7277,3901,3395,-267,83,4845,-10314,-301,6699,1440,-2164,6411,-6218,-472,21,135,7987,128,-390,0.322580636,2,0.645161271,769707
8,-5728,311,-1007,-3820,-4196,-8083,4020,3822,-222,448,5485,-9514,516,6984,867,-1564,6341,-6880,-367,81,174,7894,-11,-416,0.317693055,2,0.635386109,758044
8,-5730,1306,-1102,-4677,-3736,-8330,4003,4064,-45,316,6231,-8538,1145,6749,1017,-690,6721,-7843,-292,118,210,7928,4,-383,0.322580636,2,0.645161271,769707
8,-5427,1595,-1052,-5369,-3516,-8718,3943,4162,243,-206,6159,-7790,841,6782,1591,102,8122,-9484,-218,170,210,8026,113,-307,0.317693055,2,0.635386109,758044
8,-5044,1111,-815,-5341,-3223,-9488,3969,3831,531,-434,5358,-7467,-117,6385,2514,4,7325,-10407,-43,198,164,8027,117,-373,0.327468216,2,0.654936433,781369
8,-4327,366,-352,-4258,-3254,-10491,4246,2935,985,-159,4420,-7208,-299,5612,3116,916,6644,-10729,197,213,94,7968,186,-541,0.317693055,2,0.635386109,758044
8,-3698,500,-22,-3396,-3153,-10866,4453,2141,1286,187,4488,-7247,453,5761,3474,1980,5408,-10487,453,207,50,7772,168,-784,0.317693055,2,0.635386109,758044
8,-2869,1698,94,-2954,-2924,-10691,4425,1259,1464,523,4111,-7266,1832,5456,3915,2101,5516,-10805,642,199,12,7730,191,-1038,0.317693055,2,0.635386109,758044
8,-2227,2875,-21,-3437,-3059,-10554,4352,680,1679,783,3838,-7158,3022,4756,4449,2583,6592,-10581,724,159,-6,7691,249,-1171,0.332355827,2,0.664711654,793031
8,-1290,3640,-160,-4518,-2838,-9741,4291,-7,1895,1036,3741,-6957,3320,4319,4934,3136,7217,-10095,742,134,-42,7628,323,-1325,0.327468216,2,0.654936433,781369
8,-688,3743,-183,-4598,-2705,-8941,4086,-466,1879,1268,3078,-7064,3135,3375,5227,2832,7625,-9552,738,76,-108,7673,553,-1394,0.332355827,2,0.664711654,793031
8,-104,3903,-191,-4516,-2672,-8149,3976,-627,1830,1453,2450,-7132,3113,2938,5695,3684,7055,-7429,734,21,-158,7679,724,-1316,0.322580636,2,0.645161271,769707
8,502,4226,-268,-4324,-2690,-7348,3867,-927,1780,1206,2317,-7028,3915,3587,5575,2855,6431,-6941,727,2,-184,7661,911,-1166,0.322580636,2,0.645161271,769707
8,850,4592,-425,-4227,-2476,-6587,3629,-1090,1690,1082,2752,-6620,4451,2259,5570,3223,6224,-5575,721,-36,-182,7752,1034,-1006,0.317693055,2,0.635386109,758044
8,1239,5176,-729,-4176,-2855,-5353,3060,-1055,1396,837,2884,-5792,4724,1374,5351,2904,7877,-4882,652,-40,-165,7867,1090,-786,0.317693055,2,0.635386109,758044
8,1533,4857,-956,-5060,-2532,-4226,2599,-1035,1226,780,2817,-5195,3947,-677,4205,2601,7778,-3895,600,-23,-154,7903,1012,-613,0.317693055,2,0.635386109,758044
8,2058,4330,-1279,-4506,-2133,-3510,1930,-1058,1033,709,2379,-4368,3370,-675,3824,3578,6757,-3276,557,-29,-153,7897,894,-508,0.317693055,2,0.635386109,758044
8,2409,3992,-1569,-4279,-1829,-3311,1415,-1061,802,564,2119,-4024,2905,-1337,3338,2556,5480,-3129,500,-23,-137,7931,770,-468,0.307917893,2,0.615835786,734720
8,3015,3829,-1814,-3082,-1195,-3184,786,-1301,497,460,1831,-3964,2533,-2662,2858,2474,4127,-3938,369,-2,-116,7941,747,-460,0.312805474,2,0.625610948,746382
8,3444,4013,-1858,-1886,-986,-3283,280,-1567,343,525,1708,-3916,2349,-3942,2378,2003,3569,-4998,282,22,-110,7848,677,-471,0.312805474,2,0.625610948,746382
8,3897,4605,-1907,-206,-921,-3160,-367,-2114,226,515,1822,-3859,2094,-5129,1636,1100,2431,-5607,236,29,-114,7765,615,-537,0.317693055,2,0.635386109,758044
8,4293,5017,-1902,826,-1193,-3365,-822,-2642,168,302,2182,-3898,1906,-6710,1026,1687,1670,-5857,167,3,-90,7718,607,-540,0.317693055,2,0.635386109,758044
8,4855,5055,-1519,1351,-1325,-3866,-1592,-3358,47,-65,2713,-4454,1148,-7578,249,2090,1123,-6102,84,-26,-45,7761,590,-537,0.312805474,2,0.625610948,746382
8,5214,4635,-999,1874,-1498,-4057,-2198,-3740,17,-120,2664,-5114,-155,-7949,-377,2129,698,-6571,-19,-54,-18,7759,575,-531,0.322580636,2,0.645161271,769707
8,5601,4004,-111,1207,-2231,-4476,-2788,-4051,139,-82,2390,-5814,-911,-7357,-1496,1963,-5020,-6608,-154,-77,-13,7822,625,-456,0.322580636,2,0.645161271,769707
8,5717,2149,396,3476,-2825,-4076,-3079,-4185,202,-461,2755,-6180,-385,-8264,-1682,-501,-1841,-6779,-239,-79,-36,7833,625,-419,0.322580636,2,0.645161271,769707
8,5588,1729,1268,2198,-3475,-2280,-3537,-4251,187,-1015,3167,-7241,234,-8370,-1584,-1192,686,-6284,-277,-98,-42,7844,654,-430,0.322580636,2,0.645161271,769707
8,5306,1281,1656,1884,-4348,-1748,-3791,-4225,107,-898,2974,-8394,-627,-9494,-1787,-2831,1031,-5108,-300,-107,-36,7828,575,-456,0.337243408,2,0.674486816,804693
8,4849,700,1820,360,-5378,-855,-4037,-3935,60,-776,2495,-9609,-521,-9818,-1234,-2703,1254,-4422,-295,-113,-34,7785,465,-477,0.337243408,2,0.674486816,804693
8,4192,-96,1830,-1009,-6770,85,-4163,-3222,-226,-716,2700,-9697,-772,-9871,-193,-3845,2750,-3519,-301,-129,-31,7751,346,-507,0.322580636,2,0.645161271,769707
8,3604,-1031,1920,-1372,-7166,352,-4262,-2160,-661,-736,3642,-9610,-605,-10121,592,-5254,3455,-3648,-353,-179,-28,7779,370,-527,0.317693055,2,0.635386109,758044
8,2453,-2136,2020,-860,-7219,415,-4493,-785,-1033,-128,3926,-9518,-854,-9815,1350,-5359,4083,-3242,-485,-223,-38,7810,514,-465,0.317693055,2,0.635386109,758044
8,1310,-3117,2059,119,-7568,-327,-4587,426,-1265,272,3407,-9414,-2742,-8259,1946,-6111,4439,-5175,-573,-254,-69,7827,655,-437,0.322580636,2,0.645161271,769707
8,460,-4252,1933,584,-7436,-969,-4492,1618,-1593,-366,3616,-9296,-4526,-8708,2303,-6139,4343,-4983,-585,-265,-84,7816,832,-532,0.317693055,2,0.635386109,758044
8,50,-4739,1950,702,-6928,-2067,-4426,2048,-1866,-1206,4257,-9283,-5828,-9521,1402,-4323,3186,-4133,-592,-277,-77,7811,958,-622,0.317693055,2,0.635386109,758044
8,-326,-4418,1908,-92,-7072,-2825,-4503,2448,-2173,-2036,3870,-9105,-6021,-9017,1922,-2475,2597,-2307,-619,-259,-28,7815,963,-617,0.317693055,2,0.635386109,758044
8,-612,-4013,2188,-388,-6668,-3352,-4280,2558,-2194,-1937,2862,-9076,-6840,-7815,1282,-2789,3748,-1862,-650,-234,33,7838,881,-557,0.322580636,2,0.645161271,769707
8,-1455,-3399,2211,-1533,-5638,-4622,-3623,2205,-2118,-1384,3279,-9047,-6220,-6541,930,-4322,3326,-3062,-680,-190,72,7840,714,-516,0.317693055,2,0.635386109,758044
8,-1961,-3412,2206,-2197,-5697,-4742,-3358,1856,-2174,-1052,4115,-8517,-5237,-6136,949,-4116,3415,-2656,-662,-182,102,7866,532,-548,0.332355827,2,0.664711654,793031
8,-2394,-3775,2258,-2045,-6073,-5721,-3029,1760,-2323,-912,5402,-8238,-4892,-5492,737,-4360,3478,-1265,-636,-162,100,7990,392,-611,0.322580636,2,0.645161271,769707
8,-2516,-3817,2345,-1866,-5465,-6474,-2880,1541,-2250,-697,5315,-8409,-4986,-4301,572,-3885,2715,184,-584,-122,85,8005,216,-657,0.327468216,2,0.654936433,781369
8,-2771,-3349,2415,-1166,-4514,-7383,-2530,1268,-1975,1,4479,-8696,-3858,-2227,78,-4108,4463,419,-500,-73,53,7944,88,-648,0.317693055,2,0.635386109,758044
8,-2910,-2513,2160,-1869,-3963,-8091,-2143,1189,-1710,841,4176,-8562,-3978,705,-141,-4941,6504,-1264,-401,-48,25,7893,66,-613,0.312805474,2,0.625610948,746382
8,-3044,-2157,1707,-3054,-3773,-8535,-1655,1366,-1326,1664,4695,-8864,-4190,1904,-69,-5688,4281,-1649,-335,-40,9,7883,108,-548,0.317693055,2,0.635386109,758044
8,-3371,-2593,1552,-3716,-2766,-9030,-1339,1598,-1019,1362,4666,-8983,-4481,3121,299,-5186,5971,-3318,-231,-38,4,7909,226,-562,0.312805474,2,0.625610948,746382
8,-3654,-2760,1633,-3270,-2862,-10003,-822,1778,-633,1747,4245,-9677,-4108,4320,281,-6287,4438,-4213,-161,-32,-7,7922,319,-652,0.317693055,2,0.635386109,758044
8,-3860,-2053,1334,-3171,-1952,-11075,-201,1836,-21,2372,4552,-9556,-2850,4866,356,-6810,5137,-4611,-138,-13,-8,7919,469,-771,0.317693055,2,0.635386109,758044
8,-3900,-1467,1082,-3767,-2183,-12045,278,2184,704,2412,5566,-9542,-2122,5798,658,-6266,5751,-5111,-141,28,-11,7920,661,-917,0.312805474,2,0.625610948,746382
8,-3877,-1098,768,-4429,-2150,-12070,539,2358,1175,2081,5907,-9510,-1901,6810,917,-6383,6508,-6126,-89,69,-31,7937,808,-901,0.317693055,2,0.635386109,758044
8,-3862,-1099,819,-3662,-2666,-12035,910,2589,1523,1668,5884,-9422,-1715,7337,1078,-5958,5874,-6689,-32,66,-56,7950,888,-859,0.317693055,2,0.635386109,758044
8,-3875,-747,875,-3243,-2742,-11683,1411,2619,1920,1288,6223,-9410,-1098,8037,1384,-6072,5048,-6832,-7,62,-78,7833,841,-710,0.317693055,2,0.635386109,758044
8,-3866,-373,901,-3015,-2880,-11634,1545,2531,2220,1110,6017,-9449,-504,8496,1328,-4937,5444,-6719,23,23,-63,7619,755,-592,0.361681342,2,0.723362684,863004
8,-3832,265,831,-2601,-3015,-11624,1697,2469,2617,1079,5521,-9266,-55,9701,1407,-3950,5292,-7453,-49,-13,8,7570,695,-571,0.312805474,2,0.625610948,746382
8,-3662,854,766,-2526,-3331,-11980,1879,2335,2916,895,5188,-8985,217,10403,1484,-2961,6250,-9123,-143,-31,103,7712,635,-604,0.312805474,2,0.625610948,746382
8,-3560,1333,706,-3636,-3155,-11115,2257,2105,3209,513,4918,-8916,73,11283,1880,-3229,5918,-10058,-306,-18,161,7972,621,-583,0.327468216,2,0.654936433,781369
8,-3502,1342,471,-4719,-3879,-10474,2643,1851,3343,317,4686,-9052,385,10937,3086,-4910,7242,-13452,-366,52,181,8099,638,-529,0.332355827,2,0.664711654,793031
8,-3018,1084,497,-5322,-5042,-11036,3057,1400,3406,207,4798,-8933,363,8786,4135,-5217,8334,-12305,-320,125,128,7997,607,-414,0.337243408,2,0.674486816,804693
8,-2677,540,734,-5222,-5143,-11313,3127,1141,3346,6,4772,-8689,-465,8291,4781,-3125,8439,-11323,-100,117,95,7824,541,-291,0.317693055,2,0.635386109,758044
8,-2157,-166,1031,-4787,-4730,-10975,3209,900,3283,108,4104,-8509,-1184,8824,6143,-1012,8664,-11220,166,106,92,7836,513,-277,0.307917893,2,0.615835786,734720
8,-1868,-439,1091,-4933,-4461,-10034,3534,565,3277,386,3434,-8426,-2297,9510,7196,-1167,8635,-10364,321,109,114,7921,759,-447,0.317693055,2,0.635386109,758044
8,-1713,-658,1266,-5061,-4207,-9330,4040,197,3175,1124,3069,-8278,-1846,10214,6851,223,12258,-10634,385,150,141,7944,913,-685,0.322580636,2,0.645161271,769707
8,-1452,-527,1512,-3457,-3922,-8301,4351,113,2992,1489,2964,-8128,-731,8044,6539,-1438,7204,-8635,543,176,136,7739,872,-860,0.317693055,2,0.635386109,758044
8,-1300,758,1094,-3023,-3660,-7629,4528,-48,2772,1610,2968,-7815,852,5237,5602,953,8407,-9151,695,140,104,7564,683,-848,0.317693055,2,0.635386109,758044
8,-982,2930,134,-4283,-3458,-7445,4509,-60,2562,1546,3134,-7551,2419,3826,5272,1497,8501,-7352,789,35,71,7452,531,-781,0.317693055,2,0.635386109,758044
8,-696,3978,-375,-5257,-3053,-7607,4293,100,2260,1603,3245,-7002,3409,2451,5110,3466,7906,-4752,821,-57,51,7624,402,-696,0.356793731,2,0.713587463,851342
8,-324,4594,-722,-5573,-2863,-7164,4077,310,2172,1521,3132,-6365,4547,4357,4810,4623,7759,-3945,786,-118,25,7759,395,-656,0.317693055,2,0.635386109,758044
8,153,4399,-782,-5720,-2596,-6646,3710,218,2122,975,3324,-5384,3623,2355,4128,1863,8602,-5635,739,-135,5,7815,510,-725,0.312805474,2,0.625610948,746382
8,785,4001,-726,-4267,-2146,-5299,3298,-62,1981,615,2976,-4975,3045,847,4325,3723,6666,-6015,725,-126,11,7863,733,-757,0.317693055,2,0.635386109,758044
8,1348,4114,-861,-3508,-1659,-4710,2942,-623,1812,533,2245,-4830,2462,68,4058,2551,5950,-6353,736,-120,20,7855,893,-603,0.317693055,2,0.635386109,758044
8,1937,4457,-860,-2000,-1132,-4315,2616,-1529,1711,1011,1541,-4920,2277,-1469,3569,3087,4975,-6740,776,-100,31,7890,906,-366,0.322580636,2,0.645161271,769707
8,2320,4814,-746,-84,-996,-4144,2379,-2041,1712,1702,1426,-4907,3094,-2846,2383,2521,4055,-8001,811,-101,36,7833,806,-264,0.317693055,2,0.635386109,758044
8,2706,5319,-658,919,-979,-4549,1849,-2320,1716,2206,1835,-4589,3347,-4897,972,1154,2958,-6362,771,-125,46,7762,667,-326,0.317693055,2,0.635386109,758044
8,3057,5693,-505,1120,-1104,-4882,1227,-2248,1542,2008,1870,-4464,3377,-6297,-176,2686,1461,-6000,623,-155,92,7810,533,-496,0.317693055,2,0.635386109,758044
8,3514,5732,-35,1208,-1129,-4855,336,-2013,1198,1329,1732,-4723,3362,-6785,-510,2921,1497,-5667,453,-150,140,7845,346,-580,0.317693055,2,0.635386109,758044
8,3766,5284,286,963,-997,-4409,-219,-2079,1017,751,1441,-5136,3293,-6865,-823,3570,-806,-5105,325,-168,192,7921,237,-474,0.312805474,2,0.625610948,746382
8,3986,4245,649,1412,-1135,-3802,-777,-2525,830,226,1001,-5637,2342,-7546,-1044,1277,595,-4699,175,86,282,8364,82,-353,0.317693055,2,0.635386109,758044
8,4104,3964,839,1224,-1139,-3563,-1053,-2774,738,246,600,-6026,2749,-7825,-1179,955,1100,-4505,13,287,368,8101,-43,-282,0.322580636,2,0.645161271,769707
8,4004,3736,994,490,-1475,-3090,-1364,-3015,706,486,690,-6199,2531,-9119,-1166,240,651,-4257,-74,180,334,7801,-163,-273,0.312805474,2,0.625610948,746382
8,3558,3017,1263,-215,-2222,-2885,-1748,-3053,641,485,972,-6587,2785,-9362,-1241,279,1677,-4151,-85,114,303,7809,-101,-390,0.312805474,2,0.625610948,746382
8,3343,2610,1615,103,-2429,-2733,-2328,-3102,533,378,1625,-6693,2280,-10025,-1231,-403,1913,-4756,-231,113,292,7938,297,-365,0.312805474,2,0.625610948,746382
8,3198,1933,1755,-615,-3142,-3038,-2731,-3079,299,411,1974,-6805,1861,-10406,-1039,-291,2171,-4994,-269,141,274,7956,495,-376,0.317693055,2,0.635386109,758044
8,3128,1273,1792,-569,-3341,-3079,-3241,-2540,-64,466,2221,-6986,1444,-10321,-510,-1091,2390,-5503,-226,153,262,7919,616,-520,0.322580636,2,0.645161271,769707
8,2933,390,1879,-396,-4110,-2891,-3562,-2008,-196,675,2430,-7245,1052,-10263,-228,-1724,2384,-5423,-294,140,249,7735,405,-614,0.337243408,2,0.674486816,804693
8,2834,-260,2000,-315,-4215,-2785,-4023,-1380,-295,477,3113,-7525,86,-10013,-89,-1964,2244,-4597,-340,56,233,7648,159,-733,0.327468216,2,0.654936433,781369
8,2542,-1051,2131,-816,-4345,-3059,-4328,-858,-465,140,3056,-7971,-790,-9247,528,-1720,2234,-3801,-372,20,254,7725,-30,-758,0.332355827,2,0.664711654,793031
8,2248,-1840,2256,-1105,-4709,-2825,-4607,-360,-605,-178,2890,-8314,-1436,-7960,861,-2166,2176,-2326,-405,27,251,7815,-155,-767,0.312805474,2,0.625610948,746382
8,1765,-2694,2325,-1447,-4890,-2053,-4713,-211,-724,-137,3087,-8509,-1766,-6979,1186,-3689,2195,-1641,-401,21,215,7767,-213,-803,0.322580636,2,0.645161271,769707
8,1175,-3232,2399,-1624,-4907,-1173,-4763,-99,-889,-106,3370,-9005,-2663,-7208,1539,-4911,3218,-1256,-359,-84,184,7678,-211,-818,0.322580636,2,0.645161271,769707
8,167,-3762,2381,-1825,-5202,-1803,-4627,206,-991,429,2810,-10166,-3392,-7490,1497,-5158,3631,-1401,-309,-116,154,7765,-170,-842,0.322580636,2,0.645161271,769707
8,-630,-4243,2359,-2171,-5131,-2319,-4462,646,-987,1040,2511,-10254,-4186,-7759,1430,-4035,3289,-739,-253,-112,102,7786,-95,-711,0.322580636,2,0.645161271,769707
8,-1895,-4990,2260,-2512,-5146,-2148,-4337,1506,-1184,1190,3448,-9726,-4777,-6971,1088,-3874,3575,-572,-217,-138,73,7783,-49,-650,0.312805474,2,0.625610948,746382
8,-2770,-5753,2113,-2442,-4973,-2542,-4351,2217,-1547,711,4579,-9633,-5778,-7668,784,-5002,3124,-1762,-203,-158,81,7830,32,-631,0.317693055,2,0.635386109,758044
8,-3214,-5959,2193,-1168,-5890,-4246,-4366,3087,-2312,-1,4214,-10095,-6188,-8171,650,-3818,1019,-306,-193,-164,106,7890,40,-623,0.322580636,2,0.645161271,769707
8,-3672,-5120,2120,-1557,-5278,-6625,-4120,3649,-2774,-95,3086,-10226,-5311,-6197,751,-2924,433,4380,-210,-130,100,7885,78,-557,0.332355827,2,0.664711654,793031
8,-3970,-4372,1923,-3032,-4096,-8016,-3626,3575,-2766,239,3489,-9095,-3374,-1440,1338,-3947,3079,3066,-250,-123,96,7819,42,-538,0.322580636,2,0.645161271,769707
8,-4147,-3832,1494,-4724,-3370,-9062,-3401,3362,-2775,258,4534,-8540,-3154,359,1445,-7059,4871,1266,-296,-109,113,7925,22,-610,0.317693055,2,0.635386109,758044
8,-4152,-3785,1201,-5681,-2719,-10109,-3097,3441,-2775,617,4307,-9022,-3547,1314,2593,-5999,6122,-576,-319,-93,133,7951,-69,-704,0.322580636,2,0.645161271,769707
8,-4306,-4117,976,-6364,-2105,-11993,-2574,3219,-2398,1581,3415,-9088,-3899,4300,3365,-7281,8261,-2290,-308,-84,130,7842,-165,-743,0.322580636,2,0.645161271,769707
8,-4320,-4393,596,-6111,-1740,-12676,-1643,2548,-1751,2282,3570,-8830,-4854,5511,3765,-8819,9713,-4141,-296,-72,123,7761,-219,-819,0.322580636,2,0.645161271,769707
8,-4192,-3981,-48,-5659,-2027,-12800,-1090,2169,-1370,1968,4791,-8700,-4516,6566,3445,-8985,8965,-6937,-292,-81,142,7753,-183,-843,0.317693055,2,0.635386109,758044
8,-3918,-3354,-387,-4925,-2371,-13248,-691,1919,-1048,1826,6166,-8548,-2805,5979,2988,-9923,7726,-8504,-290,-89,154,7768,-170,-841,0.317693055,2,0.635386109,758044
8,-3501,-2032,-638,-4284,-1649,-13935,-467,1951,-798,2442,6240,-8633,-1975,5791,2625,-8843,7121,-8005,-300,-70,150,7845,-94,-638,0.322580636,2,0.645161271,769707
8,-3252,-1642,-708,-3727,-1685,-13764,-370,1860,-287,2973,6017,-8474,-1464,6261,2366,-7483,6440,-9013,-206,-80,117,7774,-47,-591,0.322580636,2,0.645161271,769707
8,-2731,-1166,-813,-2054,-1529,-13313,-134,1783,60,2727,5924,-8454,-1740,6507,2543,-6399,5375,-9342,-133,-106,90,7769,69,-658,0.312805474,2,0.625610948,746382
8,-2392,-761,-723,-1836,-1216,-13251,258,1859,449,2375,5369,-8477,-1776,7251,2592,-5076,5334,-9718,-136,-146,111,7813,129,-689,0.312805474,2,0.625610948,746382
8,-2181,-586,-177,-1509,-1508,-12590,658,1801,821,2111,4933,-8626,-1924,8189,2469,-4810,4931,-10590,-128,-143,128,7897,96,-771,0.312805474,2,0.625610948,746382
8,-1941,-155,29,-1344,-1826,-12458,1148,1407,1320,1778,4825,-9004,-725,8831,2254,-4901,4731,-11040,-121,-127,142,7843,-47,-780,0.312805474,2,0.625610948,746382
8,-1747,977,-3,-2461,-2101,-11797,1877,554,1867,1334,4895,-9356,410,8221,2337,-5755,4733,-11283,-118,-94,153,7826,-125,-836,0.312805474,2,0.625610948,746382
8,-1585,1506,-78,-3667,-2309,-11846,2317,-50,2141,1435,4949,-9365,1374,7012,2841,-4521,5898,-11001,-116,-49,172,7823,-181,-922,0.312805474,2,0.625610948,746382
8,-1421,1676,16,-4038,-2474,-12202,2845,-540,2414,2055,4763,-8797,878,6655,3370,-3298,7467,-10821,-87,-32,171,7797,-189,-960,0.317693055,2,0.635386109,758044
8,-1135,1352,136,-4594,-2579,-12624,3265,-547,2544,2354,4882,-8419,489,7305,3832,-1145,8554,-10908,-31,-54,154,7787,-138,-984,0.317693055,2,0.635386109,758044
8,-873,1019,255,-4949,-2702,-12116,3742,-465,2520,2359,5282,-8264,330,7480,4092,-1756,9079,-11795,-14,-60,123,7752,-115,-960,0.327468216,2,0.654936433,781369
8,-338,588,232,-5832,-2770,-11175,3902,-424,2410,2019,5257,-8072,27,8192,4874,1672,9692,-10440,41,-77,102,7758,-99,-978,0.322580636,2,0.645161271,769707
8,75,256,149,-6327,-2818,-10685,3962,-534,2297,1478,4644,-7774,-9,8543,5599,129,10421,-8797,171,-93,67,7809,-80,-991,0.322580636,2,0.645161271,769707
8,465,-22,71,-6764,-2757,-9409,3988,-642,2251,1028,4355,-7217,-623,7915,6292,1604,10029,-7780,255,-98,25,7784,-24,-975,0.312805474,2,0.625610948,746382
8,797,-279,66,-6907,-3003,-7926,4038,-730,2130,684,4193,-6696,-826,7243,6882,1655,9004,-7189,268,-100,16,7742,-50,-947,0.322580636,2,0.645161271,769707
8,1157,-479,252,-5259,-2403,-5838,3967,-1013,2029,564,3855,-6703,-891,6309,7200,2249,8445,-6197,274,-114,20,7737,-39,-902,0.317693055,2,0.635386109,758044
8,1405,-157,107,-4036,-2240,-4240,3925,-1567,1913,693,3240,-6463,-10,5267,6679,1530,8247,-4789,295,-152,35,7722,-70,-841,0.317693055,2,0.635386109,758044
8,1786,850,-333,-4955,-1462,-2926,3837,-1968,1791,895,3156,-5962,1358,4074,5764,856,7218,-2248,302,-166,49,7722,-134,-885,0.317693055,2,0.635386109,758044
8,1664,1269,-771,-5014,-1559,-2186,3472,-2225,1487,1334,3301,-5333,1608,1882,4620,1030,7220,-1596,257,-145,54,7767,-217,-919,0.317693055,2,0.635386109,758044
8,1708,1817,-1198,-5122,-1327,-2208,3053,-2117,1202,1655,3376,-4936,1920,378,4206,962,5843,-1681,201,-130,58,7791,-262,-931,0.322580636,2,0.645161271,769707
8,1936,2356,-1429,-4043,-1232,-2630,2404,-1788,870,1852,3179,-4666,1644,-2092,3849,2085,4653,-3313,153,-99,67,7839,-290,-891,0.332355827,2,0.664711654,793031
8,2428,3401,-1593,-2477,-1223,-3369,1884,-1476,734,1899,3096,-4582,2689,-3306,2626,2325,3198,-3689,147,-79,76,7819,-333,-821,0.317693055,2,0.635386109,758044
8,2749,3561,-1715,-1121,-655,-4644,1369,-1206,630,1671,2895,-4642,2061,-4408,1421,2278,6778,-4267,102,-57,71,7765,-490,-833,0.317693055,2,0.635386109,758044
8,2951,3801,-1907,-1932,-1034,-4705,752,-1102,598,994,2431,-4819,2523,-4235,558,4403,4119,-3589,42,-71,68,7775,-529,-814,0.317693055,2,0.635386109,758044
8,3444,3753,-1942,-2085,-1013,-4952,347,-1328,681,481,2142,-4980,2152,-4335,344,3694,3666,-4614,-41,-71,66,7861,-533,-709,0.322580636,2,0.645161271,769707
8,3824,3562,-1805,-1815,-1496,-4923,-79,-1994,754,-237,2454,-5168,1354,-4962,115,3544,2903,-5000,-68,-87,58,7899,-515,-784,0.322580636,2,0.645161271,769707
8,4382,3655,-1539,-834,-1717,-4668,-492,-2666,722,-707,2650,-5281,1319,-5581,-310,3039,2608,-5170,-94,-53,56,7905,-535,-832,0.312805474,2,0.625610948,746382
8,4700,3820,-1441,-614,-1806,-4276,-963,-3583,688,-822,2670,-5782,1538,-6127,-904,2537,2673,-5061,-183,-1,45,7837,-470,-765,0.317693055,2,0.635386109,758044
8,4919,3982,-1170,-610,-2085,-3981,-1256,-4124,749,-368,2742,-6096,1325,-6613,-1426,1871,2824,-4848,-290,-2,57,7802,-361,-651,0.366568923,2,0.733137846,874667
8,4957,3885,-801,-1094,-2390,-3853,-1644,-4342,829,306,2462,-6773,2831,-6432,-2237,3260,242,-6207,-226,-14,55,7761,-324,-764,0.317693055,2,0.635386109,758044
8,4913,2690,-108,1266,-2616,-3311,-1891,-4260,917,539,2471,-7007,397,-8375,-2228,1924,-1190,-4493,-244,-70,55,7714,-362,-750,0.322580636,2,0.645161271,769707
8,4844,2691,306,174,-3110,-2986,-2320,-4065,957,394,3254,-7009,1799,-7903,-2550,-230,2250,-5322,-344,-70,58,7748,-316,-729,0.307917893,2,0.615835786,734720
8,4719,2603,855,748,-2924,-1862,-2723,-3719,900,434,3403,-7580,864,-9389,-2663,-1989,2482,-5250,-412,-78,64,7792,-319,-879,0.312805474,2,0.625610948,746382
8,4248,2646,1200,512,-3359,-1135,-3072,-2998,1067,1118,3003,-8110,833,-10151,-2757,-2530,2040,-5210,-516,-77,81,7834,-292,-881,0.317693055,2,0.635386109,758044
8,3384,2015,1435,-186,-4063,-602,-3292,-2289,1264,1341,3366,-7995,723,-11142,-2729,-3322,2329,-4018,-570,-84,93,7832,-292,-891,0.307917893,2,0.615835786,734720
8,2751,1336,1720,-339,-4569,-115,-3715,-1081,1209,562,4756,-7943,168,-11974,-2797,-4094,2581,-3334,-632,-51,94,7820,-232,-858,0.317693055,2,0.635386109,758044
8,1685,50,2109,-873,-4947,811,-4091,-338,1007,-315,5392,-8504,-294,-12210,-2172,-3895,2444,-2935,-664,-39,98,7804,-248,-844,0.317693055,2,0.635386109,758044
8,846,-415,2284,-739,-5818,1221,-4413,545,775,-231,4148,-9535,-353,-11168,-948,-2626,2974,-2018,-643,-20,86,7735,-332,-839,0.332355827,2,0.664711654,793031
8,75,-594,2386,-1426,-5795,353,-4416,1421,596,212,2892,-9732,-1342,-10136,-186,-4123,3796,-649,-536,-66,75,7651,-489,-848,0.312805474,2,0.625610948,746382
8,-1046,-1411,2585,-2613,-6329,-2489,-4264,2444,282,52,2895,-9558,-3235,-9911,15,-3185,3780,-1375,-494,-117,85,7714,-584,-841,0.312805474,2,0.625610948,746382
8,-1569,-2800,2693,-3125,-6958,-3977,-4124,3412,-269,-1150,3983,-9343,-4193,-8210,366,-2870,3237,-1250,-506,-115,72,7889,-588,-887,0.317693055,2,0.635386109,758044
8,-2064,-4344,2687,-2808,-6861,-4312,-3993,3593,-550,-1764,4425,-9080,-4610,-5958,1423,-3856,3079,-604,-475,-109,55,7927,-590,-1023,0.307917893,2,0.615835786,734720
8,-2467,-4680,2507,-2770,-6410,-4692,-3654,3408,-771,-1793,4021,-9118,-4595,-5149,1838,-5440,3514,-1290,-442,-79,54,7859,-631,-1111,0.307917893,2,0.615835786,734720
8,-2884,-4346,2456,-4057,-5617,-5682,-3271,3196,-866,-1401,3447,-9010,-4326,-4741,1668,-5453,2824,-45,-408,-50,57,7759,-658,-1138,0.312805474,2,0.625610948,746382
8,-3146,-4612,2542,-3824,-5920,-6668,-2795,2584,-930,-996,3714,-8535,-3711,-2799,1799,-4724,4099,522,-358,-55,31,7715,-621,-1144,0.312805474,2,0.625610948,746382
8,-3243,-4859,2314,-4178,-5393,-6900,-2591,2055,-1032,-800,4548,-7985,-3624,-633,2838,-4604,5240,-177,-294,-89,14,7681,-455,-1152,0.317693055,2,0.635386109,758044
8,-3423,-4909,2031,-3928,-4915,-6247,-2350,1741,-1239,-284,4847,-7837,-3777,538,3028,-5970,5796,-683,-280,-135,6,7672,-333,-1095,0.322580636,2,0.645161271,769707
8,-3618,-4493,1643,-3884,-4719,-6576,-2025,1664,-1241,125,4598,-8054,-3503,867,2690,-5963,5894,-1133,-289,-143,10,7727,-312,-1038,0.317693055,2,0.635386109,758044
8,-3613,-3782,1414,-4031,-4239,-7433,-1580,1614,-1169,677,4438,-7580,-2494,1786,2095,-6305,6147,-1877,-305,-151,17,7749,-312,-964,0.322580636,2,0.645161271,769707
8,-3591,-2770,1212,-3775,-4052,-8145,-1442,1979,-1182,800,4674,-7302,-1900,2224,1616,-6822,6747,-3284,-280,-149,5,7753,-301,-979,0.322580636,2,0.645161271,769707
8,-3486,-2278,923,-4460,-3776,-8102,-1394,2203,-1164,611,5517,-7041,-2102,2213,1384,-6996,7106,-3892,-261,-178,-3,7706,-320,-1008,0.322580636,2,0.645161271,769707
8,-3421,-2144,734,-5617,-3114,-7704,-1332,2203,-1103,752,5933,-6974,-2195,2228,1236,-7001,6713,-3834,-199,-183,1,7764,-408,-1033,0.317693055,2,0.635386109,758044
8,-3253,-2162,648,-5150,-3290,-8103,-1193,2461,-925,973,5592,-7010,-1887,2438,1682,-6223,6225,-3413,-107,-149,4,7810,-479,-1060,0.317693055,2,0.635386109,758044
8,-3187,-1967,644,-4424,-2952,-8532,-1005,2663,-725,995,5286,-7093,-1793,3041,1624,-6070,6296,-3196,-72,-122,0,7844,-457,-1013,0.322580636,2,0.645161271,769707
8,-3054,-1704,541,-4612,-2782,-9315,-761,2466,-512,994,5466,-7246,-1812,3707,1663,-6128,6653,-4264,-88,-129,-2,7810,-420,-975,0.317693055,2,0.635386109,758044
8,-2886,-1646,463,-4993,-2786,-9574,-508,2263,-370,1093,5640,-7426,-2076,4186,1751,-6192,7442,-4835,-78,-118,0,7816,-379,-970,0.317693055,2,0.635386109,758044
8,-2708,-1724,408,-5225,-2844,-10003,-216,2138,-196,1203,5656,-7506,-2295,4690,1804,-6639,7742,-5619,-10,-69,0,7806,-351,-961,0.312805474,2,0.625610948,746382
8,-2554,-1573,298,-5373,-3058,-10630,214,1962,93,1431,5452,-7543,-1990,4803,1427,-7378,7581,-6245,64,-83,16,7751,-318,-1019,0.312805474,2,0.625610948,746382
8,-2166,-1067,174,-4970,-3344,-11139,592,1793,261,1440,5462,-7512,-1493,4963,1780,-6794,7138,-7171,81,-71,27,7789,-309,-1054,0.342130989,2,0.684261978,816356
8,-1838,-528,143,-4261,-3142,-10989,1162,1465,468,1213,5792,-7853,-478,5384,818,-6836,7187,-7014,151,-19,28,7825,-345,-1193,0.322580636,2,0.645161271,769707
8,-1589,233,94,-4233,-3009,-10861,1562,1068,669,1252,5898,-8170,-170,5360,1153,-5506,6620,-7663,158,25,23,7815,-317,-1215,0.317693055,2,0.635386109,758044
8,-1423,706,-32,-4588,-2818,-10913,2073,567,990,1684,5588,-8470,508,5535,1260,-5521,7037,-8121,155,12,3,7658,-301,-1244,0.312805474,2,0.625610948,746382
8,-1194,1102,-89,-5447,-2601,-11327,2458,258,1260,2021,5157,-8705,617,5503,1413,-4818,8251,-8541,150,-73,7,7618,-222,-1258,0.312805474,2,0.625610948,746382
8,-1044,1128,-103,-5854,-2725,-11450,3095,-241,1614,2120,5132,-9064,544,5728,1651,-4249,8811,-8716,138,-103,19,7745,-157,-1228,0.317693055,2,0.635386109,758044
8,-871,1068,-152,-6372,-2754,-10894,3532,-608,1780,2002,5565,-9199,377,5704,1944,-3893,9070,-8773,193,-123,21,7725,-131,-1241,0.327468216,2,0.654936433,781369
8,-823,996,-199,-6744,-2601,-10693,4046,-740,1928,2287,5678,-9393,311,5964,2430,-2132,9099,-8009,202,-145,31,7748,-123,-1243,0.322580636,2,0.645161271,769707
8,-760,1275,-218,-6393,-2646,-10468,4320,-844,2088,2325,5569,-9325,1958,7705,2561,-903,8702,-7678,116,-134,49,7760,-135,-1244,0.312805474,2,0.625610948,746382
8,-666,2499,-469,-6977,-2718,-10369,4530,-942,2099,2231,5167,-9220,2908,8238,2923,197,9564,-6829,100,-107,41,7759,-124,-1246,0.317693055,2,0.635386109,758044
8,-567,3122,-905,-8464,-3071,-9956,4648,-884,2000,1959,4806,-8942,2772,8867,3779,1020,11075,-6106,116,-109,48,7811,-148,-1306,0.317693055,2,0.635386109,758044
8,-417,2511,-1257,-10230,-3359,-8878,4998,-764,1813,1316,4229,-8902,1924,9464,5025,2455,11505,-5653,120,-65,64,7802,-204,-1346,0.307917893,2,0.615835786,734720
8,-297,1486,-1314,-10365,-3502,-7354,5345,-811,1682,848,3964,-8837,1474,9960,6568,3274,11750,-5328,105,-38,68,7750,-255,-1280,0.312805474,2,0.625610948,746382
8,-534,98,-1552,-9157,-3150,-5119,5736,-942,1540,726,4084,-8583,1151,10248,7875,3212,10552,-4968,135,8,61,7770,-429,-1338,0.322580636,2,0.645161271,769707
8,-704,-520,-1667,-8252,-2895,-3325,5758,-973,1448,1081,4473,-7951,1514,9341,8457,1511,9767,-4169,278,14,44,7756,-550,-1471,0.322580636,2,0.645161271,769707
8,-826,-517,-1753,-6582,-2452,-1797,5523,-656,1272,1520,4541,-7051,2392,7143,8419,1395,7787,-4021,324,14,30,7781,-645,-1569,0.391006857,2,0.782013714,932978
8,-762,68,-1696,-4769,-1638,-1109,4869,21,1105,1818,4306,-5931,2229,3926,7681,-647,7521,-3546,268,42,-6,7753,-652,-1522,0.317693055,2,0.635386109,758044
8,-558,1465,-1645,-2889,-1907,-1284,4349,508,1023,1809,3944,-5111,2886,2108,5900,1381,3913,-5030,269,32,-61,7678,-609,-1488,0.317693055,2,0.635386109,758044
8,-242,2641,-1812,-1708,-1763,-2270,3777,797,1079,1580,3560,-4074,3630,298,4949,2190,4071,-5269,312,2,-115,7611,-581,-1460,0.317693055,2,0.635386109,758044
8,437,4264,-2582,-1895,-1271,-3286,3297,556,1124,973,3491,-3095,4927,-1328,3816,2685,4585,-6127,377,-38,-130,7660,-495,-1412,0.317693055,2,0.635386109,758044
8,1056,4920,-3053,-1679,-1210,-3905,2538,-161,1047,-59,3010,-2559,4625,-2750,2574,2900,4591,-5825,415,-23,-130,7662,-507,-1351,0.327468216,2,0.654936433,781369
8,1906,5483,-3407,-1348,-1207,-4305,1916,-947,932,-463,2261,-2973,3852,-4311,1376,3285,3986,-5370,385,-47,-115,7720,-450,-1247,0.317693055,2,0.635386109,758044
8,2580,5556,-3509,-1121,-1004,-4569,1246,-2436,878,-695,1371,-3557,3232,-4803,359,3749,2556,-5077,277,-19,-121,7772,-356,-1122,0.327468216,2,0.654936433,781369
8,3487,5559,-3436,-515,-746,-4082,850,-3577,922,-651,1232,-3858,2586,-5597,83,3240,1359,-4986,187,-35,-130,7758,-291,-1079,0.317693055,2,0.635386109,758044
8,4129,6028,-3293,200,-692,-3395,199,-4720,991,-324,1439,-4005,2060,-6624,65,1931,530,-5003,80,-58,-135,7660,-253,-1158,0.317693055,2,0.635386109,758044
8,4667,6492,-3089,495,-761,-2876,-277,-5273,993,16,1892,-4241,1621,-8291,-124,1022,136,-5007,-122,-41,-98,7745,-98,-1030,0.400782019,2,0.801564038,956302
8,5161,6923,-2391,1462,-1007,-2170,-1096,-5534,1013,766,2502,-4833,1704,-9450,-680,424,180,-4970,-282,10,-51,7757,-94,-971,0.322580636,2,0.645161271,769707
8,5235,6920,-1717,1638,-1271,-2042,-1760,-5148,1050,1427,2798,-5566,1582,-10137,-1042,15,-144,-5066,-276,13,-26,7734,-204,-1033,0.317693055,2,0.635386109,758044
8,5086,6652,-507,2289,-1979,-1785,-2641,-4388,1204,1747,3136,-6214,1304,-10825,-1488,-399,-159,-5808,-347,13,2,7834,-268,-866,0.317693055,2,0.635386109,758044
8,5070,5524,148,1427,-3102,-1879,-3236,-3660,1219,1498,4025,-6429,2928,-10723,-1923,-1151,-91,-5786,-395,63,8,7895,-701,-878,0.317693055,2,0.635386109,758044
8,4869,3881,1492,2182,-3034,-1140,-4284,-2488,1117,821,4404,-7250,926,-12803,-1799,-2874,864,-4798,-360,105,-10,7994,-666,-969,0.317693055,2,0.635386109,758044
8,4286,3112,2051,1816,-3814,-327,-4762,-1447,1066,692,3097,-8074,995,-12803,-1206,-2440,312,-4699,-349,118,3,7950,-701,-921,0.317693055,2,0.635386109,758044
8,3365,1882,2677,1457,-4335,520,-5098,-305,1008,293,2536,-8425,599,-12700,-490,-3135,664,-3869,-357,121,-21,7777,-642,-954,0.312805474,2,0.625610948,746382
8,2588,963,3081,1178,-4858,918,-5224,424,964,-330,4084,-8540,-650,-12706,742,-3577,1035,-3542,-255,87,-52,7689,-611,-1141,0.322580636,2,0.645161271,769707
8,1402,-1143,3559,59,-5936,918,-5763,1112,668,-1183,4822,-9241,-1996,-12839,1096,-3815,1514,-2253,-214,47,-26,7753,-496,-1220,0.332355827,2,0.664711654,793031
8,780,-2537,3767,906,-7215,-640,-6139,1696,221,-1714,4261,-9397,-3367,-10995,1768,-3770,2238,-1717,-213,60,-16,7769,-379,-1162,0.317693055,2,0.635386109,758044
8,638,-2895,3908,113,-7711,-1728,-6302,2031,-239,-2373,3739,-9369,-4044,-10234,1876,-4198,2632,-1449,-238,62,-22,7731,-281,-1122,0.381231666,2,0.762463331,909653
8,237,-2978,4316,-1432,-7451,-1665,-6180,2185,-697,-2678,4049,-9082,-5035,-9054,2173,-3696,3251,-1512,-210,31,-36,7602,-222,-1198,0.312805474,2,0.625610948,746382
8,-415,-3326,4436,-3075,-7463,-2324,-6009,2206,-971,-2635,3740,-9312,-5135,-7657,2690,-5195,4667,-2639,-185,5,-25,7645,-188,-1276,0.317693055,2,0.635386109,758044
8,-776,-3942,4133,-3214,-7493,-3584,-5421,2181,-1416,-1999,2683,-9862,-5787,-8850,3344,-5262,4733,-2496,-231,-21,-22,7698,-241,-1147,0.322580636,2,0.645161271,769707
8,-1294,-4797,3800,-3105,-8060,-5433,-4776,2150,-1672,-1562,2994,-9516,-5679,-7171,3622,-3829,4357,51,-281,-38,-17,7745,-334,-1090,0.317693055,2,0.635386109,758044
8,-1683,-5233,3675,-2518,-7764,-5583,-4040,1744,-2025,-1312,4753,-8717,-5899,-4678,3628,-5104,2617,2683,-298,-45,-26,7783,-389,-1071,0.317693055,2,0.635386109,758044
8,-1911,-5086,3500,-2009,-7274,-5981,-3643,1309,-2225,-1011,5449,-9190,-4001,-3152,3116,-5563,2490,1765,-315,-53,-21,7813,-438,-1050,0.317693055,2,0.635386109,758044
8,-2001,-4293,3118,-2439,-5621,-6814,-2926,716,-2018,-203,4751,-9732,-2808,-1876,2828,-3755,5087,3349,-297,-32,-12,7807,-463,-1042,0.322580636,2,0.645161271,769707
8,-2415,-3635,2895,-3042,-5114,-8436,-2294,611,-1573,792,4242,-9870,-2226,1725,2152,-4023,6233,2685,-276,-29,-11,7755,-458,-958,0.312805474,2,0.625610948,746382
8,-2880,-2887,2118,-4566,-4268,-9168,-1439,1165,-998,1823,4876,-9625,-2302,4235,1605,-5549,8105,254,-232,-54,-23,7748,-438,-921,0.312805474,2,0.625610948,746382
8,-3479,-2614,1817,-4676,-4562,-9308,-1015,1150,-1149,1681,5433,-9594,-2309,5019,1029,-6349,8394,-2630,-191,-77,-19,7772,-370,-881,0.317693055,2,0.635386109,758044
8,-3719,-2318,1402,-5351,-4198,-10084,-470,1697,-937,1741,5915,-9712,-2857,5776,865,-5354,8776,-3517,-164,-93,23,7782,-312,-838,0.317693055,2,0.635386109,758044
8,-3830,-2123,1189,-4841,-4068,-10480,-7,1929,-646,2042,5500,-9494,-2908,7137,848,-6156,8376,-6120,-115,-91,31,7772,-294,-840,0.317693055,2,0.635386109,758044
8,-3896,-1607,895,-4856,-3408,-10707,585,2490,-252,2168,5806,-9188,-2543,7303,626,-6889,7648,-7229,-66,-100,29,7727,-272,-915,0.322580636,2,0.645161271,769707
8,-3964,-1300,493,-5135,-3504,-10961,838,2785,10,1638,6025,-9042,-1630,7006,730,-6824,6823,-7611,-24,-104,37,7746,-285,-986,0.317693055,2,0.635386109,758044
8,-3852,-667,43,-4980,-3772,-10966,1147,3045,275,1118,6355,-8856,-575,7111,693,-5980,7608,-7149,11,-83,50,7772,-334,-1020,0.327468216,2,0.654936433,781369
8,-3721,-284,-108,-5292,-3724,-10261,1287,3034,497,712,6186,-8523,-503,7784,730,-5541,7559,-7038,74,-45,65,7770,-445,-997,0.317693055,2,0.635386109,758044
8,-3818,-488,-83,-5436,-3633,-8590,1674,2978,832,447,5858,-8519,-1026,7449,959,-5890,6725,-7310,90,-34,76,7810,-514,-929,0.322580636,2,0.645161271,769707
8,-3898,-929,-47,-4832,-3711,-7970,2095,2939,1017,423,5632,-8716,-1228,6649,1177,-5698,6708,-6714,110,11,68,7863,-556,-934,0.332355827,2,0.664711654,793031
8,-4083,-1010,-44,-3861,-3874,-8294,2521,2849,1194,447,5497,-8651,-1268,6344,1269,-5134,6743,-6373,161,22,68,7831,-471,-910,0.317693055,2,0.635386109,758044
8,-4173,-736,50,-3286,-3792,-8814,2705,2839,1308,561,5657,-8218,-1333,6396,1313,-5165,6318,-7749,226,18,76,7911,-391,-1012,0.317693055,2,0.635386109,758044
8,-3969,-403,164,-3500,-3686,-9454,2798,2687,1449,618,5854,-7801,-920,6056,1120,-5378,5688,-8604,277,86,57,7936,-345,-1117,0.317693055,2,0.635386109,758044
8,-3664,-258,336,-3700,-3324,-9673,2832,2351,1697,688,5702,-7356,-985,5716,1423,-3921,5859,-8711,315,88,24,7877,-295,-1195,0.317693055,2,0.635386109,758044
8,-3366,63,482,-3585,-3052,-9431,2956,2150,1904,817,5457,-7159,-46,5329,1620,-4474,5408,-9330,358,93,19,7836,-250,-1338,0.322580636,2,0.645161271,769707
8,-2882,790,519,-3463,-2900,-9480,3187,1658,2180,1015,5397,-7131,550,4133,1546,-4174,6154,-9267,371,122,14,7775,-234,-1400,0.351906151,2,0.703812301,839680
8,-2438,1280,571,-4076,-2928,-9974,3185,1114,2275,1008,5179,-6965,460,4639,1705,-1485,7216,-8147,380,131,-7,7740,-177,-1430,0.317693055,2,0.635386109,758044
8,-1810,1439,633,-4735,-2685,-10462,3199,451,2288,1196,4546,-7020,1059,5855,2058,-340,7703,-8025,378,126,-24,7720,-65,-1482,0.332355827,2,0.664711654,793031
8,-1406,1704,607,-4949,-2410,-10267,3193,-110,2347,1395,4161,-7196,1568,7451,2676,287,8139,-7456,291,110,-45,7654,76,-1451,0.337243408,2,0.674486816,804693
8,-1053,2128,509,-5591,-2329,-9394,3405,-460,2382,1575,3487,-7395,880,7801,3247,-316,8608,-7261,228,66,-48,7591,119,-1449,0.322580636,2,0.645161271,769707
8,-858,2061,355,-6024,-2626,-8849,3603,-591,2364,1584,3252,-7459,675,7298,3912,-382,8148,-7875,197,18,-56,7545,80,-1441,0.312805474,2,0.625610948,746382
8,-460,2059,137,-5806,-2937,-7893,3761,-851,2219,1601,3356,-7533,1293,7026,4355,694,8121,-7647,154,-45,-75,7544,-3,-1477,0.317693055,2,0.635386109,758044
8,-184,2244,17,-5544,-3065,-7517,3780,-911,2006,1509,3259,-7410,1747,7062,5170,1444,7977,-6515,88,-81,-100,7657,-84,-1396,0.317693055,2,0.635386109,758044
8,11,2409,-206,-5766,-2635,-6869,3717,-1009,1786,1367,2980,-7062,1424,6455,5502,1720,8938,-6275,43,-78,-111,7732,-256,-1279,0.317693055,2,0.635386109,758044
8,190,2159,-308,-6022,-2623,-6603,3611,-1015,1630,1491,2881,-6711,1167,5642,5922,2049,8464,-6474,25,-68,-110,7736,-416,-1098,0.317693055,2,0.635386109,758044
8,592,1509,-342,-5460,-2576,-6304,3367,-944,1422,1292,2942,-6153,848,4872,6212,2674,7106,-6215,15,-68,-98,7750,-485,-911,0.327468216,2,0.654936433,781369
8,976,1142,-329,-4801,-2423,-5826,3120,-979,1246,949,2937,-5852,1307,4062,6349,1887,7002,-5623,24,-85,-85,7765,-547,-812,0.376344085,2,0.752688169,897991
8,1442,832,-492,-4095,-2144,-5046,2663,-1232,966,606,2761,-5573,1238,2388,6388,3162,5638,-3938,70,-109,-79,7804,-618,-759,0.322580636,2,0.645161271,769707
8,1911,1121,-570,-3775,-1559,-4619,2317,-1486,794,578,2420,-5340,1588,1129,6240,2918,4976,-4319,161,-90,-83,7890,-671,-742,0.312805474,2,0.625610948,746382
8,2704,1573,-644,-2672,-1482,-4109,1795,-1845,653,760,1906,-5092,1093,-917,5211,2885,5124,-4975,211,-61,-88,7872,-627,-690,0.327468216,2,0.654936433,781369
8,3105,2026,-876,-2014,-1261,-3893,1432,-2095,598,810,1524,-5038,1414,-1750,4183,3246,4776,-5785,216,-64,-92,7833,-541,-701,0.317693055,2,0.635386109,758044
8,3447,2529,-1353,-1605,-1296,-4074,958,-2482,501,910,1203,-5364,1551,-2686,3774,2459,4141,-5211,184,-56,-83,7855,-433,-802,0.307917893,2,0.615835786,734720
8,3635,2817,-1542,-1275,-1230,-4314,609,-2689,450,990,1076,-5630,1316,-3671,2586,3113,3259,-4702,111,-31,-64,7806,-290,-855,0.322580636,2,0.645161271,769707
8,3879,3048,-1627,-1055,-1182,-4565,129,-2954,409,823,1450,-5668,970,-4556,1641,3412,2558,-4966,39,-33,-50,7740,-231,-880,0.327468216,2,0.654936433,781369
8,4239,3346,-1658,-496,-1303,-4815,-302,-3189,383,630,1784,-5764,776,-5419,755,3230,2354,-5139,8,-59,-31,7722,-128,-909,0.356793731,2,0.713587463,851342
8,4500,3746,-1719,-31,-1602,-4641,-769,-3348,384,412,1793,-5944,582,-6087,-187,2904,2234,-5702,-68,-79,-12,7753,-22,-863,0.317693055,2,0.635386109,758044
8,4828,4360,-1833,266,-2130,-4093,-1344,-3529,467,121,1868,-6113,581,-6837,-759,2281,2293,-5777,-177,-60,27,7824,68,-836,0.322580636,2,0.645161271,769707
8,5014,4591,-1729,245,-2579,-3256,-1775,-3644,487,0,2155,-6183,447,-7661,-1587,971,2655,-5379,-203,-37,42,7793,96,-915,0.327468216,2,0.654936433,781369
8,4976,4560,-1268,-49,-2965,-2113,-2401,-3702,352,-184,2805,-6323,1427,-7909,-2549,-300,1977,-6888,-252,-47,61,7826,-60,-1049,0.327468216,2,0.654936433,781369
8,4714,3406,-759,-468,-4505,-2162,-2845,-3498,133,-212,3103,-6700,1907,-9288,-1993,-3058,5256,-4419,-308,25,72,7887,-274,-1109,0.322580636,2,0.645161271,769707
8,4459,2742,30,-316,-4093,-594,-3363,-2854,-139,226,2921,-7458,1583,-9145,-2394,-2121,3425,-4724,-349,71,53,7884,-282,-998,0.322580636,2,0.645161271,769707
8,4107,2150,472,265,-4360,-197,-3583,-2225,-272,413,2922,-7711,494,-10844,-2159,-4360,3018,-4066,-307,123,15,7885,-413,-1066,0.327468216,2,0.654936433,781369
8,3276,1652,951,-298,-4378,952,-3776,-1389,-434,350,3540,-7976,413,-11960,-1973,-4369,2640,-4407,-245,134,-49,7696,-500,-1143,0.322580636,2,0.645161271,769707
8,2377,1066,1295,-553,-4718,1307,-3993,-613,-522,436,3582,-8444,697,-12263,-1548,-4241,3278,-4008,-282,30,-20,7711,-522,-1234,0.327468216,2,0.654936433,781369
8,1024,128,1499,146,-5398,784,-4278,602,-611,590,2807,-9051,137,-11677,-387,-3771,3387,-3683,-295,26,8,7726,-551,-1300,0.322580636,2,0.645161271,769707
8,-34,-686,1596,-169,-6390,-373,-4378,1368,-780,224,3095,-8855,-1482,-11362,-569,-3327,3923,-4430,-322,21,9,7713,-422,-1224,0.332355827,2,0.664711654,793031
8,-546,-2075,1750,278,-5917,-2980,-4629,2063,-1208,-896,4364,-8618,-3156,-11134,-447,-2442,3759,-5590,-238,2,-34,7670,-300,-1243,0.322580636,2,0.645161271,769707
8,-678,-2591,1629,-1322,-6114,-4859,-4881,2399,-1456,-1550,3327,-9319,-5353,-9762,146,-2264,4341,-5912,-219,-48,-46,7659,-220,-1189,0.317693055,2,0.635386109,758044
8,-725,-3201,1746,-2098,-7366,-7882,-4599,2737,-1495,-1648,1539,-9286,-6149,-8590,568,-2608,3334,-7010,-232,-54,-50,7733,-93,-1107,0.322580636,2,0.645161271,769707
8,-674,-3615,2007,-2531,-7117,-8515,-4056,2759,-1618,-1495,2121,-8698,-4830,-7133,1342,-2515,2408,-7305,-238,-71,-52,7690,-120,-1067,0.307917893,2,0.615835786,734720
8,-657,-4034,1805,-2455,-6608,-8823,-3596,2215,-1790,-1469,4577,-8165,-2463,-5707,1725,-2799,3455,-3330,-282,-112,-38,7773,-171,-1064,0.312805474,2,0.625610948,746382
8,-666,-4240,1760,-2346,-5569,-7534,-3356,1303,-1755,-1503,5531,-8705,-3104,-3170,1985,-4085,5766,1186,-356,-78,-12,7892,-217,-995,0.317693055,2,0.635386109,758044
8,-962,-4018,1892,-2757,-5573,-7021,-2824,17,-1320,-910,4193,-9813,-5153,-159,1236,-4523,5580,32,-374,-52,10,7814,-334,-932,0.317693055,2,0.635386109,758044
8,-1421,-4131,1904,-2617,-5596,-7650,-2261,-452,-946,276,3306,-9974,-4356,1127,564,-5079,4349,-2450,-289,-17,12,7839,-427,-964,0.317693055,2,0.635386109,758044
8,-1715,-4179,1590,-1901,-5085,-7687,-1771,-540,-793,1423,4237,-9586,-3116,1982,404,-4854,5278,-2325,-177,17,-7,7861,-435,-1000,0.317693055,2,0.635386109,758044
8,-2297,-3496,1204,-1376,-4595,-6893,-1686,-129,-802,1638,5210,-9382,-4261,3319,89,-4315,5673,-1096,-136,20,-1,7819,-367,-987,0.317693055,2,0.635386109,758044
8,-2607,-2928,1060,-2158,-4522,-6714,-1547,832,-812,1578,5358,-9293,-4425,4721,-153,-4887,4432,-3062,-69,26,-8,7790,-353,-965,0.317693055,2,0.635386109,758044
8,-2997,-2693,1063,-3236,-4460,-7437,-1354,1578,-737,1571,4645,-9214,-3792,5006,-104,-5136,4468,-3436,29,28,-33,7743,-312,-972,0.317693055,2,0.635386109,758044
8,-3190,-2600,953,-3399,-4334,-8066,-1189,2166,-619,1377,4322,-8733,-3330,5879,-71,-4906,5495,-4337,84,-11,-47,7697,-201,-1031,0.317693055,2,0.635386109,758044
8,-3531,-2434,745,-4263,-4000,-8305,-914,2779,-520,747,4661,-8270,-3146,6134,2,-5772,6584,-6337,87,-57,-38,7699,-21,-1130,0.312805474,2,0.625610948,746382
8,-3509,-2387,467,-4013,-4080,-8450,-719,3202,-389,603,4936,-8114,-3200,5621,88,-5286,7864,-7561,70,-76,-6,7686,4,-1188,0.312805474,2,0.625610948,746382
8,-3455,-2008,188,-4198,-3573,-8791,-263,3392,-112,678,4774,-7764,-3499,5705,429,-5639,6036,-7915,93,-71,10,7704,-51,-1188,0.317693055,2,0.635386109,758044
8,-3382,-1984,135,-4580,-3149,-9031,197,3214,149,740,4863,-7658,-3013,4828,872,-5918,4662,-8424,110,-60,8,7723,-163,-1218,0.317693055,2,0.635386109,758044
8,-3147,-2356,329,-3714,-3033,-9989,627,2719,461,625,5299,-7733,-1970,4494,1461,-3958,4534,-7474,47,-61,12,7776,-194,-1125,0.322580636,2,0.645161271,769707
8,-3070,-2349,514,-2854,-2759,-10360,939,2183,680,589,5380,-8020,-1987,5408,1729,-2461,5127,-6583,43,-20,10,7871,-272,-1107,0.322580636,2,0.645161271,769707
8,-3077,-1796,741,-2692,-2749,-10519,1467,1522,1096,868,5103,-8646,-1883,6729,1711,-2835,6068,-8018,39,21,5,7875,-269,-1008,0.317693055,2,0.635386109,758044
8,-3175,-1397,825,-3538,-2937,-10527,1795,1023,1400,1132,5054,-8974,-1807,6891,1610,-2922,6399,-9148,65,17,2,7799,-238,-978,0.317693055,2,0.635386109,758044
8,-3020,-806,881,-3411,-3232,-10647,2125,808,1654,1463,5045,-9069,-829,7418,1096,-2804,6952,-9344,73,12,19,7783,-232,-1013,0.327468216,2,0.654936433,781369
8,-2815,-60,767,-4182,-3351,-10601,2358,814,1802,1706,5217,-9269,-1052,7231,2178,-2217,7837,-9952,110,48,20,7828,-249,-1029,0.332355827,2,0.664711654,793031
8,-2641,230,550,-5804,-3285,-10504,2711,598,2012,1722,5375,-9593,-1093,6895,2533,-2775,8848,-10427,128,32,17,7818,-230,-1019,0.327468216,2,0.654936433,781369
8,-2504,72,591,-6320,-3266,-10403,2908,548,2153,1606,5401,-9314,-1387,6014,2955,-2001,9026,-10455,162,25,16,7785,-241,-1073,0.317693055,2,0.635386109,758044
8,-2111,-93,803,-6179,-3383,-10425,3135,760,2264,1726,5153,-8805,-1284,5885,3543,-1165,9110,-9788,184,20,13,7776,-235,-1124,0.317693055,2,0.635386109,758044
8,-1822,-51,969,-5632,-3404,-10124,3253,936,2305,1769,4732,-8652,-834,5764,3943,-767,8436,-8766,228,20,-10,7730,-212,-1196,0.322580636,2,0.645161271,769707
8,-1635,331,1051,-5229,-3363,-9715,3622,921,2302,1453,4153,-8624,254,5544,4067,-202,8451,-8589,268,-3,-19,7682,-158,-1278,0.317693055,2,0.635386109,758044
8,-1339,1184,907,-5266,-3554,-9238,3904,760,2290,1343,3848,-8370,1003,6434,4504,1683,8146,-7655,250,-10,-19,7703,-113,-1276,0.327468216,2,0.654936433,781369
8,-1080,1905,736,-5578,-3292,-9078,4153,483,2292,943,4003,-7822,1845,6074,5271,1010,8257,-7337,223,-14,-21,7690,-69,-1198,0.332355827,2,0.664711654,793031
8,-668,2944,415,-5772,-3309,-8152,4166,134,2301,632,4022,-7346,2588,5701,5987,2831,8558,-6900,210,-23,-11,7761,-100,-1187,0.317693055,2,0.635386109,758044
8,-324,3539,104,-6248,-3085,-7311,4051,-307,2229,533,3679,-6772,3029,5084,6691,2438,9053,-6215,194,-9,-7,7808,-135,-1143,0.312805474,2,0.625610948,746382
8,131,3888,-350,-6885,-2966,-5865,3909,-647,2129,649,3457,-6165,3326,4086,6734,2458,9678,-5232,171,-12,-21,7790,-186,-1092,0.312805474,2,0.625610948,746382
8,425,3885,-683,-6985,-2912,-4731,3615,-929,1864,695,3336,-5171,3519,3317,6746,2133,9221,-4379,153,-23,-31,7789,-210,-1086,0.312805474,2,0.625610948,746382
8,768,4007,-1229,-6702,-2729,-3962,3324,-982,1552,790,3214,-4717,3481,1222,6453,2348,8374,-2894,202,7,-32,7831,-300,-1197,0.312805474,2,0.625610948,746382
8,1297,4109,-1592,-6465,-2391,-3102,2793,-1078,1105,580,3352,-3964,4308,208,5441,3174,8504,-2664,183,48,-18,7784,-377,-1149,0.317693055,2,0.635386109,758044
8,2055,4092,-1876,-5139,-1676,-2883,2240,-1203,728,529,3268,-3548,3490,-1291,4684,2684,7292,-3943,188,90,-9,7827,-482,-1172,0.317693055,2,0.635386109,758044
8,2745,4153,-2013,-3909,-1246,-3324,1691,-1375,406,524,3020,-3426,2885,-3356,4324,2728,5467,-5130,223,123,-33,7757,-546,-1165,0.322580636,2,0.645161271,769707
8,3604,4630,-2180,-1644,-813,-3786,947,-1852,246,608,2485,-3524,2665,-4513,3514,2767,3436,-5518,212,80,-38,7762,-532,-1167,0.322580636,2,0.645161271,769707
8,4124,5051,-2235,-516,-581,-4136,501,-2272,279,526,1844,-3937,2699,-5592,2631,2639,2379,-5311,255,141,-81,7821,-506,-1192,0.322580636,2,0.645161271,769707
8,4689,5324,-2135,542,-603,-4008,-45,-3030,442,243,1768,-4442,2231,-6649,1304,2678,1877,-5480,240,111,-116,7727,-329,-1048,0.317693055,2,0.635386109,758044
8,5047,5353,-1956,1163,-812,-3723,-495,-3683,501,-9,2023,-4664,1656,-7472,116,2012,1671,-5304,218,81,-106,7750,-263,-1010,0.322580636,2,0.645161271,769707
8,5386,5271,-1529,1224,-1101,-3077,-1075,-4361,513,49,2584,-5387,1279,-8237,-867,1097,1391,-5112,134,48,-77,7674,-130,-907,0.312805474,2,0.625610948,746382
8,5445,4838,-1075,714,-1263,-2659,-1541,-4584,538,519,2866,-6051,686,-8793,-1527,2767,-6766,-4815,88,32,-63,7729,-144,-922,0.317693055,2,0.635386109,758044
8,5255,2774,-209,-911,-1521,-1103,-2214,-4432,623,1130,3038,-6651,956,-9552,-1968,-667,-281,-5247,31,36,-61,7743,-124,-799,0.317693055,2,0.635386109,758044
8,5029,2171,428,865,-3318,-1887,-2715,-4021,682,1292,3320,-6730,1667,-9686,-2195,-1020,1442,-5028,-78,26,-48,7854,-134,-649,0.386119246,2,0.772238493,921316
8,4794,1704,1015,1192,-3497,-1986,-3435,-3135,443,839,3849,-7235,-364,-11393,-2013,-1449,1011,-4754,-150,58,-39,7840,-174,-634,0.317693055,2,0.635386109,758044
8,4084,1150,1549,333,-3927,-759,-3848,-2330,172,537,3238,-8168,179,-10342,-1587,-1746,1646,-4171,-172,37,-22,7776,-214,-667,0.386119246,2,0.772238493,921316
8,3375,374,1886,-87,-4345,172,-3942,-1431,200,1115,3112,-8984,-261,-11245,-510,-3166,2398,-4027,-221,24,-5,7805,-267,-651,0.322580636,2,0.645161271,769707
8,2402,-560,2058,-193,-4686,672,-4221,-648,220,1426,3837,-8780,-1180,-11306,64,-3082,2297,-2602,-226,40,27,7859,-258,-750,0.317693055,2,0.635386109,758044
8,1528,-1381,2107,-410,-5154,344,-4778,717,-47,629,4772,-8712,-1592,-10372,578,-3419,2389,-2425,-261,95,36,7909,-282,-837,0.332355827,2,0.664711654,793031
8,569,-2337,2081,-195,-6179,-1125,-5258,1566,-433,-279,4170,-9254,-2450,-9932,887,-3882,2888,-3247,-280,87,26,7755,-292,-939,0.322580636,2,0.645161271,769707
8,343,-2595,2403,275,-6403,-2289,-5482,2169,-913,-1037,3104,-9267,-3032,-9949,710,-4181,3172,-3660,-304,39,20,7774,-266,-875,0.322580636,2,0.645161271,769707
8,-150,-2512,2427,-999,-6302,-3392,-5270,2159,-1164,-1097,2954,-8987,-3902,-9936,860,-2609,4085,-4255,-271,45,16,7785,-269,-879,0.317693055,2,0.635386109,758044
8,-477,-2660,2629,-2683,-6468,-4830,-5069,2356,-1373,-1179,3712,-8557,-4349,-7833,1095,-1665,5692,-3496,-258,27,-19,7719,-239,-840,0.317693055,2,0.635386109,758044
8,-818,-4290,2598,-4120,-6095,-5814,-4936,2363,-1508,-1356,3864,-8568,-6441,-5407,2243,-2502,6092,-1971,-206,-13,-26,7694,-234,-874,0.332355827,2,0.664711654,793031
8,-1065,-5294,2415,-4353,-6689,-6943,-4476,2018,-1637,-1146,3647,-8635,-7553,-3773,2465,-4255,5138,-1824,-237,-58,-2,7677,-222,-812,0.317693055,2,0.635386109,758044
8,-1239,-6028,2260,-3250,-6951,-7298,-4000,1744,-1690,-922,3899,-8427,-6755,-2272,2306,-4765,4024,-1320,-258,-80,6,7754,-232,-796,0.322580636,2,0.645161271,769707
8,-1364,-5747,2303,-1967,-6541,-6898,-3399,1181,-1782,-712,5017,-8234,-4922,-533,1601,-5652,4119,-341,-254,-77,6,7871,-241,-798,0.337243408,2,0.674486816,804693
8,-1714,-4505,2058,-1706,-5845,-6534,-3011,757,-1792,-485,5468,-8649,-3911,885,639,-5811,4118,-468,-242,-30,16,7910,-253,-823,0.337243408,2,0.674486816,804693
8,-1954,-3740,1819,-2416,-5399,-7315,-2628,473,-1595,167,5245,-8974,-4185,1672,405,-5429,5302,-666,-258,7,37,7839,-307,-786,0.317693055,2,0.635386109,758044
8,-2167,-3203,1485,-2595,-4850,-8502,-2140,326,-1292,1329,5141,-8477,-4922,3744,-71,-4745,5878,-1571,-258,17,53,7817,-373,-739,0.317693055,2,0.635386109,758044
8,-2413,-2963,1371,-3815,-4634,-9316,-1846,1005,-1015,1586,5129,-8182,-4742,5199,206,-4740,4952,-2981,-246,14,52,7807,-354,-686,0.322580636,2,0.645161271,769707
8,-2674,-2955,1176,-4340,-4472,-9025,-1392,1357,-1041,1414,4979,-8519,-3740,6691,242,-5487,6321,-4706,-179,-8,49,7781,-339,-735,0.312805474,2,0.625610948,746382
8,-2831,-2629,1072,-3726,-4996,-9227,-712,1623,-830,1020,5059,-8869,-3309,6711,-35,-6284,6823,-6916,-117,-32,36,7770,-375,-835,0.317693055,2,0.635386109,758044
8,-2790,-1705,699,-3995,-4703,-9909,-36,1564,-539,968,5660,-8877,-2026,6446,-355,-6293,7584,-8238,-40,-37,38,7788,-404,-951,0.317693055,2,0.635386109,758044
8,-2944,-1029,179,-5724,-4416,-9387,324,1634,-295,1080,5942,-8598,-1885,6499,-770,-6431,8815,-7010,9,-29,39,7778,-447,-990,0.317693055,2,0.635386109,758044
8,-2938,-921,-196,-6431,-4188,-9525,833,1929,44,1442,6078,-8335,-1967,6362,132,-5843,7246,-9473,79,-19,52,7864,-452,-1048,0.34701857,2,0.694037139,828018
8,-2812,-982,-476,-5848,-4023,-10014,1077,2079,267,1533,6257,-7972,-1602,5676,651,-6034,7073,-8338,59,14,59,7907,-269,-927,0.317693055,2,0.635386109,758044
8,-2670,-1094,-469,-5198,-4037,-10200,1279,2045,414,878,6272,-7786,-1904,5524,1322,-4372,6411,-8363,20,27,58,7801,-112,-928,0.317693055,2,0.635386109,758044
8,-2488,-1302,-298,-4158,-4145,-10059,1596,1843,505,208,6045,-7826,-1773,6452,1682,-3708,6588,-8084,98,18,39,7762,-42,-1099,0.312805474,2,0.625610948,746382
8,-2399,-1296,-155,-3647,-4140,-9669,2127,1360,737,-67,5579,-8020,-1930,6918,1907,-3656,6082,-8342,118,44,33,7759,-15,-1138,0.317693055,2,0.635386109,758044
8,-2319,-876,-182,-3445,-4256,-9249,2526,977,1022,188,5245,-8270,-1308,7016,2127,-3383,5825,-8082,173,56,33,7690,-78,-1175,0.322580636,2,0.645161271,769707
8,-2257,-496,-187,-4335,-4179,-8797,3008,458,1375,359,5388,-8354,-814,7207,2012,-3552,6082,-8126,218,40,29,7685,-221,-1084,0.376344085,2,0.752688169,897991
8,-2119,-298,-93,-4664,-4585,-8894,3194,283,1522,393,5385,-8131,-732,6336,2939,-2680,6515,-8670,268,21,14,7724,-329,-1029,0.322580636,2,0.645161271,769707
8,-1859,8,15,-4250,-4907,-9428,3393,329,1561,188,5597,-7576,-340,6613,3616,-1316,6953,-8681,294,-8,-4,7747,-408,-994,0.322580636,2,0.645161271,769707
8,-1307,732,111,-4630,-5245,-10504,3451,223,1514,-107,5667,-7278,-95,7138,4053,-253,7011,-9635,261,-30,-3,7804,-410,-964,0.327468216,2,0.654936433,781369
8,-712,1353,102,-4919,-5240,-10618,3449,-43,1423,-270,5159,-6983,785,7590,4475,134,7619,-11061,217,-32,-13,7817,-361,-920,0.327468216,2,0.654936433,781369
8,153,2129,-40,-5140,-5006,-9551,3533,-294,1404,-407,4691,-6907,840,6485,6139,1953,8232,-12272,199,-28,-48,7820,-299,-824,0.317693055,2,0.635386109,758044
8,755,2626,-222,-5165,-4758,-8630,3757,-945,1452,-490,4196,-7230,1801,6044,6889,524,9190,-11394,248,-32,-62,7787,-209,-804,0.371456504,2,0.742913008,886329
8,1463,3146,-493,-5287,-4207,-7035,3941,-1560,1484,-364,4085,-7504,2191,5864,6772,3132,8840,-8418,250,-27,-50,7837,-168,-804,0.332355827,2,0.664711654,793031
8,1877,3728,-721,-4882,-3960,-6120,4028,-2319,1457,-1,4304,-7350,2562,3124,6282,-677,8411,-10111,251,-13,-33,7796,-227,-834,0.322580636,2,0.645161271,769707
8,2148,4772,-999,-4554,-3372,-4108,3887,-2588,1367,422,4306,-7160,4753,1599,5682,-984,7931,-5326,224,-6,-17,7790,-326,-902,0.322580636,2,0.645161271,769707
8,1943,5131,-1300,-4205,-3286,-3387,3579,-2518,1177,1038,3815,-7062,4073,-1424,5045,490,8302,-3972,181,-19,-14,7746,-399,-874,0.317693055,2,0.635386109,758044
8,1540,5371,-1408,-4563,-2915,-2720,3362,-2200,996,1452,3460,-6828,4616,-1644,3365,2728,8717,-1520,176,-34,-11,7698,-476,-927,0.317693055,2,0.635386109,758044
8,1446,4875,-1535,-5347,-2726,-3127,3186,-1703,793,1787,3547,-6379,4083,-1810,1560,2854,9109,-1069,142,-81,-27,7694,-459,-954,0.391006857,2,0.782013714,932978
8,1400,3950,-1866,-5952,-2080,-3120,2724,-1046,499,2067,3965,-5796,3659,-946,1292,3338,7860,-827,146,-86,-75,7791,-371,-941,0.332355827,2,0.664711654,793031
8,1308,2838,-2063,-5449,-1797,-3248,2286,-520,339,2093,4314,-5344,2190,-2076,1332,1146,5832,-2738,92,-14,-119,7906,-200,-805,0.317693055,2,0.635386109,758044
8,1579,2746,-2086,-3662,-1836,-3666,1415,1,308,1895,4419,-5017,2213,-4064,1168,1888,3603,-5924,124,12,-103,7849,-122,-895,0.327468216,2,0.654936433,781369
8,1946,3720,-1838,-1363,-1976,-4042,731,88,388,1419,4322,-4900,2581,-5819,786,1538,2305,-7286,99,3,-44,7712,-143,-957,0.322580636,2,0.645161271,769707
8,2304,4883,-1750,-431,-2015,-4449,-147,-237,592,811,3856,-4972,4599,-7246,-29,1989,-256,-8077,38,-40,-24,7734,-296,-956,0.317693055,2,0.635386109,758044
8,2617,5368,-1548,-64,-2138,-4772,-552,-650,795,576,3645,-5144,4537,-8438,-369,1978,1187,-7918,-48,31,-49,7916,-217,-740,0.317693055,2,0.635386109,758044
8,2866,5546,-1040,370,-2100,-4519,-1094,-1294,1038,416,3853,-5004,4541,-9547,-643,850,2465,-7107,-83,105,-91,7897,-162,-662,0.317693055,2,0.635386109,758044
8,3028,5202,-518,250,-2308,-3958,-1486,-1685,1107,370,3758,-5129,3797,-10850,-1007,-85,2167,-7176,-3,80,-119,7763,-228,-736,0.312805474,2,0.625610948,746382
8,3032,4330,-93,-91,-2610,-3072,-1766,-1957,1240,385,2905,-5823,3114,-11639,-1009,-1061,1701,-6192,55,69,-100,7811,-435,-724,0.312805474,2,0.625610948,746382
8,2696,2812,393,95,-3245,-1612,-1850,-2161,1341,452,2624,-6288,1951,-12366,-575,-2019,1821,-5174,101,67,-93,7674,-601,-639,0.317693055,2,0.635386109,758044
8,2332,1712,559,196,-3751,-754,-2006,-2067,1206,665,3234,-6878,1159,-12157,156,-1409,1771,-4430,73,17,-69,7690,-663,-616,0.317693055,2,0.635386109,758044
8,1687,146,1168,484,-4197,39,-2371,-1477,966,717,3700,-7156,555,-11354,788,-1355,1363,-3083,-44,-30,-60,7769,-555,-625,0.312805474,2,0.625610948,746382
8,1163,-836,1642,680,-4890,66,-3019,-392,624,667,3765,-7590,-646,-9957,1456,-2666,1702,-1239,-216,-24,-52,7906,-435,-599,0.322580636,2,0.645161271,769707
8,469,-1733,2100,1378,-5146,-696,-3354,481,426,551,3118,-8047,-2535,-9605,1375,-3745,1781,358,-307,5,-46,7981,-227,-545,0.391006857,2,0.782013714,932978
8,48,-2120,2129,1157,-5557,-1496,-3570,1607,151,-311,3052,-8226,-3649,-8471,955,-2414,1605,725,-318,-45,-42,7762,-82,-538,0.307917893,2,0.615835786,734720
8,-433,-2418,2009,221,-5698,-2759,-3677,2033,-91,-1273,3308,-8206,-3438,-6357,446,-2657,2912,-769,-340,-6,-12,7796,-59,-588,0.312805474,2,0.625610948,746382
8,-773,-2700,2085,-1239,-6211,-3120,-3696,2147,-503,-2035,3289,-8300,-3960,-5260,754,-4575,3098,-1243,-370,-4,31,7810,-73,-649,0.376344085,2,0.752688169,897991
8,-1256,-3036,2061,-2848,-6754,-5217,-3505,1986,-733,-1610,2201,-8509,-4401,-5277,1251,-5343,3309,-2475,-416,-35,79,7877,-172,-694,0.317693055,2,0.635386109,758044
8,-1308,-3698,1864,-3347,-6683,-6028,-2974,1914,-886,-566,2226,-8189,-3468,-4242,1854,-4614,4408,-1617,-531,-1,77,7842,-289,-697,0.322580636,2,0.645161271,769707
8,-1514,-4469,1745,-3176,-6898,-6062,-2632,1661,-1081,-483,3740,-8197,-4206,-2250,2409,-6245,5087,-332,-597,-19,55,7761,-345,-704,0.332355827,2,0.664711654,793031
8,-1762,-5109,1595,-2273,-6969,-5746,-2374,1354,-1490,-691,5018,-8515,-5792,-1416,2490,-7386,4378,-437,-584,-55,56,7813,-323,-756,0.317693055,2,0.635386109,758044
8,-1693,-5219,1395,-1778,-6656,-7046,-2277,1195,-1689,-275,4550,-8839,-5478,-969,2714,-5705,2521,-1590,-494,-37,61,7800,-297,-763,0.322580636,2,0.645161271,769707
8,-1671,-4815,1208,-1532,-5517,-8487,-1933,1125,-1540,1206,3605,-8898,-4136,1107,2396,-6042,3766,271,-373,-47,41,7676,-343,-738,0.322580636,2,0.645161271,769707
8,-1817,-4229,1003,-2141,-5067,-8360,-1617,1158,-1352,1701,4135,-8595,-3268,2804,2039,-6491,4852,-2217,-294,-97,13,7724,-341,-816,0.322580636,2,0.645161271,769707
8,-2037,-3800,720,-2149,-4912,-7649,-1338,1374,-1304,1615,4937,-8784,-3060,2847,1741,-6079,5372,-2741,-261,-126,6,7875,-241,-896,0.312805474,2,0.625610948,746382
8,-2172,-3595,618,-2311,-4457,-7999,-1053,1599,-1164,1468,5276,-9230,-3298,4327,1342,-4420,6075,-2590,-219,-126,23,7929,-279,-959,0.327468216,2,0.654936433,781369
8,-2482,-3241,760,-2566,-3487,-8569,-800,1652,-886,1926,4860,-9282,-3278,5314,928,-5306,5690,-3840,-131,-82,31,7855,-470,-899,0.327468216,2,0.654936433,781369
8,-2881,-2909,716,-3076,-3242,-8478,-414,1611,-359,2279,4849,-9036,-2672,5203,625,-5696,4667,-5537,-70,-39,15,7800,-516,-853,0.322580636,2,0.645161271,769707
8,-3229,-2458,509,-3195,-3081,-8697,-100,1611,-97,2399,5150,-9133,-1513,5128,533,-4733,5145,-4850,-28,-43,-14,7779,-417,-844,0.317693055,2,0.635386109,758044
8,-3440,-2021,466,-3109,-2995,-8917,231,2005,194,2371,5452,-8726,-1220,6146,524,-3678,5355,-5396,-6,-78,-18,7755,-270,-898,0.337243408,2,0.674486816,804693
8,-3631,-1636,718,-3151,-2960,-9370,416,2237,390,2220,5397,-8390,-1341,7180,267,-3561,5829,-6053,43,-81,-4,7804,-240,-928,0.356793731,2,0.713587463,851342
8,-3696,-1472,699,-3787,-3145,-9629,742,2385,632,1855,4860,-8227,-1627,7468,455,-3961,5894,-7216,83,-68,-21,7769,-220,-944,0.332355827,2,0.664711654,793031
8,-3607,-1513,587,-4499,-3530,-9996,1054,2328,750,1395,4844,-8285,-1814,7814,704,-4020,7343,-7765,121,-61,-31,7720,-207,-991,0.322580636,2,0.645161271,769707
8,-3614,-1598,584,-5045,-3718,-9563,1444,2083,867,1155,5125,-8442,-2391,8327,954,-4106,7811,-8624,100,-61,-33,7694,-237,-977,0.317693055,2,0.635386109,758044
8,-3557,-1548,554,-4944,-3896,-9451,1737,2020,953,1194,5080,-8603,-2303,8159,1258,-4356,7802,-9393,103,-77,-30,7693,-302,-893,0.317693055,2,0.635386109,758044
8,-3475,-1370,585,-4804,-3608,-9651,2059,1826,1104,1514,4603,-8620,-2463,7655,1862,-4007,8838,-10056,136,-93,-14,7782,-337,-798,0.317693055,2,0.635386109,758044
8,-3239,-1253,509,-4495,-3654,-10571,2297,1746,1257,1887,4385,-8412,-2372,7064,2315,-4418,6352,-11697,111,-113,-12,7770,-284,-687,0.317693055,2,0.635386109,758044
8,-2823,-961,555,-3988,-3718,-11456,2535,1471,1519,1716,4922,-7756,-1809,5582,2585,-3109,6263,-12056,78,-150,-3,7868,-189,-713,0.317693055,2,0.635386109,758044
8,-1855,-131,616,-3647,-3907,-12609,2608,1093,1634,1221,5162,-7449,-542,5589,3316,-2280,5520,-12043,74,-99,-15,7949,-9,-762,0.312805474,2,0.625610948,746382
8,-1053,861,629,-3435,-4128,-13438,2700,320,1674,706,3904,-7780,928,5684,4052,-943,5527,-12224,115,-89,-18,7845,-34,-825,0.317693055,2,0.635386109,758044
8,8,2831,498,-2922,-4258,-14068,3009,-319,1712,480,2484,-8339,2315,6196,4478,576,5599,-13381,106,-53,-7,7809,-90,-827,0.312805474,2,0.625610948,746382
8,672,4457,243,-2907,-4801,-13052,3662,-1245,1895,-7,1840,-9094,4951,6199,4562,645,6230,-14259,78,-28,-15,7766,-160,-867,0.322580636,2,0.645161271,769707
8,1174,5822,-193,-3790,-5222,-11016,4198,-2102,1947,-349,2530,-9396,7231,5301,5456,277,8103,-12570,78,-43,-5,7758,-244,-919,0.361681342,2,0.723362684,863004
8,1425,6555,-866,-5607,-4865,-7407,4680,-2945,1707,-292,3291,-9206,6041,4598,4651,191,11473,-8935,120,-62,17,7830,-324,-1009,0.312805474,2,0.625610948,746382
8,1351,6294,-1152,-6605,-4090,-5482,4876,-3215,1402,526,3240,-8833,4513,4626,4883,-152,11390,-6470,115,-43,-5,7821,-328,-1012,0.312805474,2,0.625610948,746382
8,968,4962,-1342,-7416,-3341,-3924,4902,-3076,972,2189,3198,-8028,3256,6216,6017,3968,10278,-2106,121,-27,-41,7809,-204,-1018,0.317693055,2,0.635386109,758044
8,586,3681,-1350,-7176,-3097,-3484,4645,-2334,617,2998,3278,-7420,1780,5561,6084,-292,9346,-2491,232,-39,-68,7697,-110,-1175,0.322580636,2,0.645161271,769707
8,302,2051,-1049,-5890,-2374,-3230,4046,-1069,132,3065,3420,-6845,1174,3790,5394,1003,7695,-1037,334,-38,-80,7688,-116,-1182,0.317693055,2,0.635386109,758044
8,164,1318,-936,-4737,-1796,-3023,3574,-179,-199,3023,3342,-6453,1724,2752,4564,2494,5846,-2317,423,-49,-76,7728,-190,-1191,0.312805474,2,0.625610948,746382
8,448,1598,-1052,-3072,-1452,-4729,3030,697,-471,2782,3006,-5773,1814,915,3869,3223,4086,-4245,450,-42,-89,7823,-229,-1235,0.327468216,2,0.654936433,781369
8,839,2149,-1196,-2122,-1170,-5370,2604,992,-465,2419,2677,-5162,1990,146,3634,4231,3331,-6061,388,36,-93,7813,-304,-1237,0.317693055,2,0.635386109,758044
8,1293,2461,-1572,-1388,-1230,-5923,2167,917,-357,1724,2420,-4753,2241,-491,3372,4292,2995,-5861,339,7,-80,7716,-352,-1212,0.312805474,2,0.625610948,746382
8,1641,2457,-1583,-1241,-1128,-6078,1580,377,-140,964,2291,-4739,1817,-1038,2503,4636,2883,-5389,252,17,-35,7838,-269,-1184,0.322580636,2,0.645161271,769707
8,2075,1956,-1522,-1180,-913,-5851,1190,-277,-3,588,1997,-4809,1538,-1506,1611,4537,2677,-4818,204,35,-29,7756,-311,-1151,0.322580636,2,0.645161271,769707
8,2480,1692,-1400,-1135,-891,-5663,807,-1385,85,566,1799,-5027,837,-2252,925,4249,2230,-4849,179,29,-27,8021,-264,-1055,0.327468216,2,0.654936433,781369
8,3075,1695,-1298,-858,-917,-5397,506,-2194,145,675,1683,-5014,568,-2806,410,3726,1818,-5116,212,53,-30,7762,-251,-1044,0.327468216,2,0.654936433,781369
8,3510,1908,-1191,-596,-1071,-5107,54,-3039,195,754,1679,-5032,291,-3755,35,3242,1715,-5226,181,13,-32,7719,-204,-897,0.322580636,2,0.645161271,769707
8,3994,2399,-1052,-174,-1259,-4282,-371,-3452,297,791,1861,-5076,-1,-4761,-408,2489,1593,-5179,85,72,-12,7949,-261,-1005,0.317693055,2,0.635386109,758044
8,4319,2784,-991,-20,-1363,-3548,-973,-3829,425,585,2243,-5263,-259,-5837,-785,1895,1359,-4704,54,130,-1,7857,-326,-984,0.317693055,2,0.635386109,758044
8,4560,3110,-816,300,-1582,-2650,-1424,-4089,467,441,2597,-5617,-496,-7060,-1229,796,1406,-4590,40,116,-4,7875,-336,-953,0.327468216,2,0.654936433,781369
8,4537,3110,-564,319,-1877,-2139,-2113,-4120,522,804,2762,-6181,-550,-7761,-1664,9,1082,-4734,23,87,-5,7821,-278,-952,0.322580636,2,0.645161271,769707
8,4386,2761,-252,-1855,-2396,-1416,-2631,-3864,603,1237,2517,-6581,1782,-7411,-2150,-3088,3628,-4110,67,107,-20,7811,-253,-955,0.317693055,2,0.635386109,758044
8,4026,2232,441,482,-2773,-278,-3124,-3211,715,1608,2537,-6959,515,-9363,-2245,-2090,1170,-4959,41,204,-1,7864,-238,-996,0.386119246,2,0.772238493,921316
8,3695,2187,868,607,-2929,153,-3458,-2544,780,1459,3534,-6891,-192,-11099,-2325,-4120,1899,-4002,14,239,13,7768,-306,-894,0.322580636,2,0.645161271,769707
8,2810,1855,1447,383,-3581,1050,-4112,-1626,789,1127,4838,-7291,-390,-11952,-1998,-3298,1414,-3663,-102,201,20,7721,-280,-816,0.322580636,2,0.645161271,769707
8,1907,1076,1941,-29,-3898,1403,-4607,-752,743,1154,4547,-8288,313,-10912,-1089,-3171,1955,-2693,-133,161,18,7749,-283,-762,0.322580636,2,0.645161271,769707
8,643,-252,2413,-145,-4786,955,-5044,634,734,1472,3120,-9221,-126,-10550,-800,-4302,3200,-2769,-143,179,22,7838,-186,-898,0.317693055,2,0.635386109,758044
8,-323,-1472,2633,-729,-5376,313,-5282,1740,569,591,3659,-8916,-1895,-10366,-463,-4394,2899,-4491,-124,166,7,7803,-135,-938,0.317693055,2,0.635386109,758044
8,-1113,-3203,3131,441,-6445,-2383,-5743,2783,23,-1199,4886,-9037,-3026,-11025,-174,-4063,2863,-6249,-153,137,-3,7762,-131,-867,0.327468216,2,0.654936433,781369
8,-976,-3603,3078,-818,-7556,-3377,-5964,3182,-546,-2294,4268,-9686,-3424,-11291,31,-2913,3840,-5673,-167,106,-16,7698,-172,-821,0.317693055,2,0.635386109,758044
8,-898,-3590,3038,-2796,-7786,-5851,-5884,3168,-1032,-2841,2759,-9623,-4462,-10293,694,-1232,4984,-4891,-152,51,-29,7668,-250,-793,0.317693055,2,0.635386109,758044
8,-1051,-3674,2928,-5255,-7422,-6821,-5565,2871,-1407,-2590,2922,-8928,-3970,-6890,1975,-1532,5745,-3632,-160,-19,-38,7787,-283,-719,0.317693055,2,0.635386109,758044
8,-1492,-5230,3027,-5692,-7028,-5537,-5142,2395,-1702,-1965,4020,-8678,-5794,-4428,3559,-4387,6795,-881,-183,-13,-48,7889,-257,-699,0.307917893,2,0.615835786,734720
8,-1853,-6495,2921,-4847,-7082,-4926,-4709,1714,-1804,-1476,4716,-8942,-8095,-3839,3986,-6287,6289,-276,-136,-26,-47,7913,-284,-739,0.317693055,2,0.635386109,758044
8,-2159,-7215,2729,-2503,-6829,-5960,-4075,1242,-2000,-403,4302,-9627,-8507,-3402,2729,-5720,3942,400,-145,-27,-46,7794,-308,-687,0.312805474,2,0.625610948,746382
8,-2470,-6722,2680,-1273,-6168,-6854,-3625,1170,-2048,166,4105,-9566,-6144,-1788,2068,-4064,2426,1103,-148,-42,-52,7742,-308,-687,0.322580636,2,0.645161271,769707
8,-2960,-5069,2329,-820,-5223,-6714,-3198,1012,-2028,504,4598,-9229,-3966,360,1176,-5310,3493,1418,-143,-42,-61,7762,-314,-682,0.317693055,2,0.635386109,758044
8,-3247,-3504,1968,-1270,-4780,-7197,-2625,1166,-1999,861,4838,-9604,-2986,1296,110,-5081,5940,-803,-131,-45,-56,7789,-283,-642,0.317693055,2,0.635386109,758044
8,-3824,-1793,1412,-3823,-3225,-8415,-2109,1423,-1813,1454,4157,-9817,-2431,2499,-516,-5449,6394,-1619,-143,-63,-45,7776,-249,-555,0.317693055,2,0.635386109,758044
8,-4344,-1641,1315,-3999,-3872,-10103,-1416,2132,-1612,2383,4283,-9413,-2395,3804,-926,-6597,7458,-3892,-143,-95,-48,7741,-285,-520,0.312805474,2,0.625610948,746382
8,-4435,-1226,796,-3780,-3619,-11055,-1023,2655,-1500,1857,4820,-9162,-2659,4206,-1056,-8295,6688,-6235,-137,-129,-44,7756,-299,-545,0.317693055,2,0.635386109,758044
8,-4223,-538,239,-5015,-3168,-12774,-118,2912,-1270,1876,5316,-9029,-2338,4511,-799,-8148,6765,-8387,-179,-156,-33,7899,-160,-544,0.317693055,2,0.635386109,758044
8,-4066,-493,133,-5502,-2558,-13490,596,3180,-872,2277,5954,-8623,-2224,5051,-280,-8275,6338,-9099,-175,-115,-31,7879,-84,-528,0.337243408,2,0.674486816,804693
8,-3840,-645,-11,-5290,-2003,-13659,1131,3284,-167,2432,6628,-8440,-1699,4970,608,-8361,5748,-9871,-130,-106,-34,7823,-26,-530,0.322580636,2,0.645161271,769707
8,-3524,-695,-38,-4822,-1773,-13659,1588,2959,326,2240,7135,-8600,-1374,4950,1295,-7389,6258,-9461,-134,-101,-23,7860,17,-605,0.322580636,2,0.645161271,769707
8,-3076,-469,-7,-3930,-1648,-13644,1918,2335,857,1886,7477,-8532,-1235,5586,1566,-6165,6702,-9071,-136,-80,15,7872,-33,-685,0.395894438,2,0.791788876,944640
8,-2726,24,109,-3611,-1741,-13041,1999,1727,1312,1645,7037,-8367,-1095,6604,1822,-5482,6403,-8733,-106,-59,28,7821,-165,-671,0.312805474,2,0.625610948,746382
8,-2337,543,183,-3502,-2035,-11749,2236,957,1801,1611,6214,-8429,-937,7299,1929,-5012,5907,-8170,-43,-57,20,7788,-332,-682,0.322580636,2,0.645161271,769707
8,-2280,628,331,-3940,-2286,-10747,2568,776,2044,1803,5622,-8631,-552,7294,2309,-4511,5641,-8459,57,-73,10,7776,-411,-791,0.337243408,2,0.674486816,804693
8,-2203,300,505,-4581,-2508,-10356,3110,659,2330,1971,5224,-8636,-238,7193,2634,-4059,6508,-7871,120,-102,6,7758,-360,-847,0.337243408,2,0.674486816,804693
8,-2265,74,649,-4670,-2474,-9612,3416,574,2472,1989,5161,-8594,-109,7197,2760,-3510,6902,-8066,131,-96,1,7827,-296,-832,0.332355827,2,0.664711654,793031
8,-2239,185,674,-4723,-2756,-9033,3665,713,2621,1913,5578,-8032,305,6825,3006,-2730,7330,-7357,176,-69,-19,7890,-215,-896,0.356793731,2,0.713587463,851342
8,-2072,560,560,-4975,-2709,-9124,3710,847,2675,1668,5705,-7634,681,7152,3324,-1620,8269,-6789,219,-38,-35,7859,-126,-962,0.322580636,2,0.645161271,769707
8,-1903,973,462,-5557,-2640,-9073,3686,1046,2722,1466,5217,-7331,650,7736,3781,-891,8730,-7208,244,-27,-35,7824,-58,-945,0.327468216,2,0.654936433,781369
8,-1835,978,404,-5865,-2522,-8519,3782,975,2676,1421,4769,-7391,296,8090,4055,138,9126,-7569,266,-2,-41,7776,-6,-910,0.317693055,2,0.635386109,758044
8,-1654,794,364,-5745,-2327,-7912,4077,728,2622,1631,4168,-7624,231,8034,4406,-211,8547,-8015,246,-27,-40,7736,74,-833,0.322580636,2,0.645161271,769707
8,-1437,1040,368,-5317,-2411,-7444,4238,536,2625,1782,4018,-7597,607,7375,4687,145,8466,-8442,213,-42,-21,7747,140,-865,0.317693055,2,0.635386109,758044
8,-1164,1648,343,-4809,-2674,-7091,4316,160,2561,1780,4038,-7426,1561,6862,4845,618,7767,-7402,191,-62,8,7734,100,-923,0.317693055,2,0.635386109,758044
8,-970,2303,177,-4764,-2505,-6901,4255,-24,2395,1740,4072,-7438,2664,6114,5232,1044,7322,-6705,160,-69,24,7762,-6,-909,0.317693055,2,0.635386109,758044
8,-865,3196,-105,-4569,-1965,-6373,4077,-108,2226,1994,3632,-7474,3075,5285,4918,1666,7241,-5751,150,-60,8,7821,-99,-910,0.312805474,2,0.625610948,746382
8,-818,3913,-310,-4463,-1577,-6126,3923,56,2164,2603,2983,-7244,3823,4185,4649,1903,6904,-5516,157,-56,-17,7863,-181,-965,0.312805474,2,0.625610948,746382
8,-886,4514,-599,-4446,-1438,-6295,3854,321,2201,2939,2844,-6951,4213,3223,4281,2365,7142,-6053,177,-48,-34,7825,-299,-1000,0.317693055,2,0.635386109,758044
8,-689,4986,-803,-4301,-1847,-6667,3615,530,2170,2542,2761,-6282,4294,2364,3925,2960,6673,-6288,154,-20,-49,7804,-364,-890,0.312805474,2,0.625610948,746382
8,-394,5200,-950,-4044,-1746,-6983,3499,418,2020,2072,2542,-5892,4317,1739,3862,4071,6444,-5991,152,-41,-65,7741,-364,-797,0.317693055,2,0.635386109,758044
8,163,5251,-1142,-4015,-1171,-7443,3261,141,1670,1846,2174,-5627,4295,1547,3680,4770,6464,-5199,93,-84,-33,7746,-358,-792,0.395894438,2,0.791788876,944640
8,614,4718,-1184,-4318,-1039,-7583,3045,-223,1508,1884,2085,-5234,3330,729,3628,5057,5792,-6018,-5,-100,-25,7768,-245,-719,0.317693055,2,0.635386109,758044
8,1432,3832,-953,-3198,-931,-7771,2541,-687,1438,1782,1920,-4582,2229,-13,3683,5575,4542,-6356,22,-86,-42,7800,-267,-860,0.322580636,2,0.645161271,769707
8,2156,3324,-785,-2313,-1043,-7500,2068,-1079,1390,1278,1933,-4071,1744,-404,3925,5513,3540,-6059,54,-39,-46,7856,-247,-787,0.322580636,2,0.645161271,769707
8,3216,2947,-632,-1707,-864,-6764,1348,-1742,1184,630,1705,-3829,1381,-1136,3955,5169,3176,-5674,-4,-21,-30,7924,-68,-660,0.317693055,2,0.635386109,758044
8,3991,2639,-559,-1231,-684,-6018,814,-2288,924,227,1062,-4137,991,-1824,3803,4281,2664,-5001,-120,22,-28,7924,-69,-713,0.322580636,2,0.645161271,769707
8,4944,2328,-436,-533,-233,-4959,421,-3257,756,140,548,-4652,275,-3081,3088,3518,2094,-4560,-136,24,-29,7794,-112,-823,0.322580636,2,0.645161271,769707
8,5438,2125,-376,571,335,-4495,89,-3868,697,207,415,-5087,-529,-4433,2454,1851,1028,-5034,-152,37,9,7792,-291,-890,0.327468216,2,0.654936433,781369
8,5665,2561,-363,1403,59,-3677,-364,-4472,718,589,289,-5549,-482,-5807,1330,1774,772,-4678,-201,36,30,7756,-416,-815,0.327468216,2,0.654936433,781369
8,5761,3142,-378,1552,-37,-3611,-728,-4880,795,757,507,-5611,-409,-7075,342,1769,237,-4975,-275,-27,35,7758,-518,-746,0.327468216,2,0.654936433,781369
8,5892,3786,-207,1882,-671,-3223,-1282,-5250,911,859,1114,-5886,-416,-7985,-287,1173,59,-5396,-336,-6,9,7788,-488,-747,0.366568923,2,0.733137846,874667
8,5950,4094,139,1903,-1015,-3036,-1721,-5325,1028,830,1695,-6294,-654,-9086,-1005,740,231,-5265,-389,25,-3,7869,-195,-624,0.322580636,2,0.645161271,769707
8,5857,4046,706,1858,-1663,-2047,-2404,-5097,1107,660,2161,-6880,-919,-9711,-1619,122,-3779,-5130,-377,27,8,7880,-45,-751,0.322580636,2,0.645161271,769707
8,5603,2792,1112,1397,-2612,-2171,-2889,-4719,1103,517,2163,-7334,651,-9752,-2482,-3164,5055,-4295,-384,46,31,7767,-64,-750,0.322580636,2,0.645161271,769707
8,5003,2156,2011,1416,-2554,-299,-3224,-4195,1318,775,2924,-7777,128,-11614,-3252,-2878,2015,-3846,-382,-3,38,7685,-108,-760,0.332355827,2,0.664711654,793031
8,4310,1653,2388,947,-2920,457,-3715,-3621,1483,1092,3488,-8148,-760,-12346,-3445,-2843,1403,-3401,-383,-1,64,7858,-106,-856,0.317693055,2,0.635386109,758044
8,3409,923,2560,-246,-4006,1166,-4462,-2080,1466,1087,2588,-8724,-433,-12082,-2985,-2999,948,-2170,-361,21,77,7892,-211,-934,0.386119246,2,0.772238493,921316
8,2174,-452,2733,-1123,-5020,1478,-4730,-880,1300,664,2617,-8816,-512,-12290,-1806,-2829,2334,-2583,-364,21,86,7886,-289,-1284,0.322580636,2,0.645161271,769707
8,1310,-1486,2940,-1603,-5295,1535,-4929,104,890,42,3728,-8947,-1272,-12298,-369,-2922,2825,-1441,-380,53,59,7812,-413,-1186,0.317693055,2,0.635386109,758044
8,307,-2418,3043,-1298,-5537,244,-5356,1340,312,-157,3402,-9826,-2001,-10329,543,-3213,3524,-1028,-379,48,38,7652,-430,-1208,0.317693055,2,0.635386109,758044
8,-354,-2747,2694,-1558,-6315,-1404,-5566,2401,103,236,1829,-9950,-3006,-9685,727,-3523,4551,-1523,-339,18,4,7616,-428,-1086,0.317693055,2,0.635386109,758044
8,-895,-3367,2550,-1811,-7332,-3736,-5380,3683,-448,-813,1992,-9255,-3997,-8867,383,-2870,4267,-1548,-282,-28,-21,7723,-335,-1022,0.322580636,2,0.645161271,769707
8,-1224,-4019,2584,-2588,-7157,-4216,-5312,4004,-988,-2108,4002,-9004,-4154,-6604,252,-3352,3398,-1354,-202,-58,-34,7758,-211,-1006,0.327468216,2,0.654936433,781369
8,-1482,-4858,2463,-3532,-6585,-4366,-5538,3451,-1654,-3071,4651,-9251,-4221,-5440,1959,-3996,3421,-728,-155,-88,-40,7794,-197,-1004,0.312805474,2,0.625610948,746382
8,-1765,-5093,2376,-4611,-6580,-4604,-5409,2844,-1819,-2193,3341,-9221,-4263,-4284,2648,-5276,5533,-438,-116,-76,-59,7830,-193,-972,0.312805474,2,0.625610948,746382
8,-2291,-5999,2388,-5065,-6426,-4703,-4902,2410,-1855,-343,3132,-8709,-4576,-3884,2566,-5927,6388,-450,-73,-58,-83,7809,-170,-970,0.322580636,2,0.645161271,769707
8,-2664,-6597,2332,-4480,-6246,-4632,-4670,2387,-2124,-160,4562,-8507,-5176,-3358,2789,-5828,6522,-753,-27,-54,-83,7795,-180,-913,0.312805474,2,0.625610948,746382
8,-2974,-6631,1906,-3251,-6507,-6764,-4452,2484,-2577,-509,4747,-9258,-5276,-2886,2754,-6317,5528,-644,48,-48,-74,7811,-231,-812,0.317693055,2,0.635386109,758044
8,-2940,-5996,1499,-3516,-6186,-8896,-4165,2545,-2636,-181,3823,-9263,-4341,-1036,1970,-6158,5438,-341,104,-27,-77,7780,-246,-723,0.322580636,2,0.645161271,769707
8,-3105,-4897,1223,-3886,-5293,-9186,-3450,2519,-2523,742,3748,-8558,-3762,329,2054,-7559,6202,-2281,102,-38,-83,7727,-181,-661,0.312805474,2,0.625610948,746382
8,-3153,-4368,965,-3961,-5322,-8979,-2857,2666,-2452,766,4768,-8510,-3665,723,1657,-9200,7013,-3700,80,-73,-78,7764,-122,-678,0.312805474,2,0.625610948,746382
8,-3022,-3914,567,-4127,-4101,-10114,-2213,2319,-2375,431,5379,-8918,-3773,406,1380,-7212,6176,-3337,71,-115,-52,7788,-96,-620,0.312805474,2,0.625610948,746382
8,-3188,-3645,570,-3713,-3553,-11253,-1908,1880,-2148,492,5390,-8676,-3166,2399,886,-6916,6029,-2958,90,-121,-35,7818,-144,-572,0.312805474,2,0.625610948,746382
8,-3115,-2785,329,-3277,-3145,-11572,-1629,1254,-1550,1197,5552,-8323,-2947,3934,552,-7262,5949,-4237,67,-114,-22,7840,-136,-572,0.312805474,2,0.625610948,746382
8,-2977,-2040,127,-4140,-2504,-11439,-1050,913,-1010,2172,5650,-8424,-2556,4781,492,-7397,6147,-6139,16,-102,-4,7845,-98,-582,0.317693055,2,0.635386109,758044
8,-2839,-1658,67,-4614,-2543,-12041,-107,1227,-328,2845,6201,-8385,-2383,5307,665,-7185,6877,-6296,-12,-99,12,7878,-113,-597,0.317693055,2,0.635386109,758044
8,-2774,-1571,81,-4738,-2522,-11924,279,1680,-13,2836,6399,-8463,-2612,6407,683,-7325,6287,-6630,-4,-80,20,7940,-110,-585,0.332355827,2,0.664711654,793031
8,-2782,-1430,13,-4619,-2553,-11125,757,2018,381,2321,6502,-8675,-2122,6578,807,-7321,5493,-7619,67,-49,21,7901,-146,-681,0.327468216,2,0.654936433,781369
8,-2700,-900,-77,-3938,-2542,-10509,1009,2158,676,1943,6430,-8542,-1363,6744,1021,-6249,5182,-7497,147,-15,35,7863,-168,-784,0.322580636,2,0.645161271,769707
8,-2637,-315,-61,-3204,-2848,-10390,1282,2239,1019,1648,6226,-8040,-556,6874,883,-6234,4993,-7373,199,-12,48,7832,-142,-924,0.332355827,2,0.664711654,793031
8,-2487,617,143,-3122,-3057,-10236,1569,2087,1257,1301,6043,-7952,121,6983,820,-5694,4833,-7974,251,18,47,7796,-181,-1000,0.317693055,2,0.635386109,758044
8,-2389,1141,236,-3429,-3163,-10199,2068,1656,1565,794,5487,-8107,353,7399,869,-5428,5785,-7754,301,31,25,7754,-188,-1038,0.327468216,2,0.654936433,781369
8,-2275,1382,226,-4265,-3448,-10075,2446,1305,1780,700,5200,-8004,-140,7637,1017,-5271,6376,-7865,342,3,-11,7760,-183,-1076,0.327468216,2,0.654936433,781369
8,-2230,1412,187,-4603,-3674,-9499,2930,974,1892,825,5114,-7950,-174,7718,1126,-4812,6446,-8175,403,-3,-21,7807,-80,-1160,0.332355827,2,0.664711654,793031
8,-2237,1572,61,-4917,-3579,-9355,3568,580,1967,932,5520,-8152,331,7575,1344,-4480,6283,-8487,436,1,-28,7728,-38,-1217,0.317693055,2,0.635386109,758044
8,-2176,1783,-31,-5416,-3708,-9765,3853,211,2059,1058,5710,-8165,557,7047,1866,-3838,7441,-9257,433,-8,-27,7736,-1,-1240,0.317693055,2,0.635386109,758044
8,-1818,1902,-207,-5894,-3621,-10406,3952,-120,2150,1314,5853,-7596,896,7432,2470,-2083,8295,-8513,413,-4,-40,7771,70,-1189,0.332355827,2,0.664711654,793031
8,-1393,2031,-256,-6064,-3732,-10412,3945,-123,2137,1478,5949,-7304,1176,9385,3558,-714,8535,-9213,388,-18,-38,7787,168,-1147,0.317693055,2,0.635386109,758044
8,-875,1990,-290,-6731,-3331,-9820,3868,-94,2054,1590,5151,-7574,877,9362,4863,235,7973,-9317,355,-17,-51,7777,182,-1068,0.317693055,2,0.635386109,758044
8,-619,1723,-332,-6710,-2987,-9434,3999,-181,2010,1610,4361,-7765,1109,9323,5856,1424,7964,-9258,335,-37,-59,7710,158,-979,0.322580636,2,0.645161271,769707
8,-290,1898,-331,-5646,-2801,-8073,4308,-499,2048,1794,3689,-7758,1546,8745,6748,1312,8753,-10241,359,-66,-57,7708,78,-936,0.312805474,2,0.625610948,746382
8,-54,2412,-534,-5014,-2839,-6969,4566,-698,2052,1825,3535,-7609,2434,7093,6820,693,9332,-9141,343,-95,-36,7730,14,-923,0.303030312,2,0.606060624,723058
8,213,3300,-1062,-4815,-2528,-5901,4741,-1086,2013,1967,3781,-7364,3108,5080,5741,390,9451,-8522,218,-97,-13,7785,-30,-893,0.312805474,2,0.625610948,746382
8,295,3817,-1308,-4721,-2620,-5659,4583,-1199,1936,2097,4027,-6959,3799,3342,5066,903,7649,-7313,152,-106,-5,7803,-77,-820,0.312805474,2,0.625610948,746382
8,415,4417,-1562,-4583,-2705,-5614,4177,-1079,1739,1968,3686,-6520,4619,2499,4568,2076,7897,-5236,133,-109,-3,7872,-80,-805,0.317693055,2,0.635386109,758044
8,553,4692,-1959,-5296,-2153,-5218,3879,-932,1578,1931,3485,-6171,4521,1656,3846,2705,7650,-3257,104,-61,-12,7821,-96,-808,0.312805474,2,0.625610948,746382
8,668,4246,-2167,-5347,-2365,-4975,3432,-589,1223,1644,3184,-5443,3831,1270,3337,3470,6892,-2721,106,-60,-12,7763,-112,-837,0.312805474,2,0.625610948,746382
8,986,3285,-2200,-5035,-2203,-4808,3063,-404,903,1300,2784,-5123,2720,806,3118,3572,5943,-3525,62,-67,3,7783,-96,-833,0.312805474,2,0.625610948,746382
8,1418,2696,-2132,-3880,-1986,-4708,2564,-576,569,929,2384,-4951,2028,-145,3259,3006,4371,-4733,15,-88,45,7819,-122,-821,0.312805474,2,0.625610948,746382
8,2059,2384,-1938,-2088,-1696,-4896,2216,-921,477,668,2181,-4741,1677,-1095,3330,2775,2672,-5382,9,-46,68,7880,-151,-861,0.322580636,2,0.645161271,769707
8,2527,2645,-1818,-881,-1353,-5161,1710,-1565,415,318,2039,-4462,1833,-2485,3221,2862,1428,-5726,-8,8,54,7887,-239,-970,0.337243408,2,0.674486816,804693
8,3072,3103,-1837,-3,-1395,-4873,1278,-2098,341,107,2032,-4478,2161,-3441,2830,2856,1005,-5610,-36,41,31,7752,-351,-931,0.312805474,2,0.625610948,746382
8,3502,3450,-1742,401,-1338,-4532,714,-2919,245,-13,1907,-4896,2064,-4293,2314,2474,849,-5456,-29,-6,31,7766,-328,-900,0.312805474,2,0.625610948,746382
8,3975,3454,-1404,1168,-1143,-4205,400,-3540,259,263,1845,-5517,898,-5035,1869,2296,620,-5758,17,39,3,7739,-326,-942,0.312805474,2,0.625610948,746382
8,4206,3430,-1147,1127,-1338,-3702,-72,-4217,399,746,1964,-5874,376,-5365,1473,1868,483,-5169,5,-26,-4,7686,-355,-921,0.322580636,2,0.645161271,769707
8,4488,3213,-685,1197,-1642,-3699,-580,-4440,486,577,2358,-5818,-281,-5855,1037,1135,588,-5735,-8,-33,3,7792,-363,-849,0.317693055,2,0.635386109,758044
8,4541,2990,-277,1400,-2204,-3657,-1173,-4438,556,259,2635,-6108,-981,-6327,784,1069,115,-5809,-47,-85,21,7773,-401,-798,0.371456504,2,0.742913008,886329
8,4637,2904,340,1506,-2767,-3468,-1947,-4294,648,113,2621,-6638,-1032,-6717,501,215,107,-6024,-142,-79,66,7855,-322,-790,0.322580636,2,0.645161271,769707
8,4583,2084,673,2662,-3154,-2909,-2326,-4173,707,170,2526,-6773,-1162,-7479,-241,582,-5134,-6143,-258,-74,80,7778,-165,-746,0.322580636,2,0.645161271,769707
8,4370,1777,1202,602,-3283,-2493,-2688,-3699,692,394,2543,-7272,19,-7572,-111,-623,817,-5372,-339,-104,107,7751,-32,-712,0.332355827,2,0.664711654,793031
8,4126,1376,1503,1420,-4022,-2152,-2945,-3190,731,707,2697,-7592,-606,-8624,-211,-1614,713,-5382,-381,-94,194,7795,25,-759,0.317693055,2,0.635386109,758044
8,3640,881,2092,249,-3766,-1101,-3287,-2259,821,999,3242,-7952,-187,-9365,-384,-3314,2270,-5078,-413,-58,242,7930,-126,-886,0.327468216,2,0.654936433,781369
8,2973,394,2387,241,-4108,-681,-3491,-1404,907,1092,2821,-8703,-982,-10635,-193,-3307,2457,-4816,-433,41,241,7894,-368,-904,0.327468216,2,0.654936433,781369
8,2355,-252,2500,10,-4494,-556,-3794,-165,943,788,2758,-8969,-1671,-11085,102,-3342,3179,-3729,-374,72,208,7805,-537,-914,0.376344085,2,0.752688169,897991
8,1488,-1142,2647,-13,-5197,-202,-3982,740,784,239,3301,-8790,-2396,-11146,571,-3150,3333,-3626,-340,87,190,7880,-694,-878,0.381231666,2,0.762463331,909653
8,507,-2320,2441,-229,-6326,-271,-4443,1657,381,-677,4659,-8372,-3003,-10563,427,-2613,3222,-2888,-259,93,143,7799,-857,-841,0.317693055,2,0.635386109,758044
8,-346,-3205,2504,751,-6098,-917,-4652,2123,129,-1025,4171,-8959,-3126,-9460,215,-3311,3687,-2568,-131,52,88,7728,-868,-855,0.307917893,2,0.615835786,734720
8,-633,-2955,2480,1693,-5808,-2487,-4639,2542,96,-1021,2556,-9297,-5007,-9080,-344,-3672,4413,-2447,-47,-20,56,7634,-740,-858,0.322580636,2,0.645161271,769707
8,-1006,-1730,2726,-974,-6145,-3831,-4299,2819,-20,-1163,2532,-8991,-5619,-7931,-371,-2373,4049,-3354,84,-65,19,7636,-613,-957,0.322580636,2,0.645161271,769707
8,-1398,-2002,2716,-3146,-6232,-4379,-3995,3043,-274,-1552,4229,-8373,-5870,-5365,-356,-3476,3646,-3401,179,-117,-20,7676,-404,-998,0.327468216,2,0.654936433,781369
8,-1767,-3337,2725,-3631,-6307,-3835,-4067,2928,-621,-1800,4668,-8618,-6117,-5075,980,-5119,4024,-2702,192,-108,-20,7783,-285,-1014,0.317693055,2,0.635386109,758044
8,-2068,-3884,2539,-3598,-6448,-4008,-3774,2472,-1016,-1436,3551,-8981,-5713,-5192,1255,-4959,4079,-1592,142,-68,1,7866,-186,-1002,0.317693055,2,0.635386109,758044
8,-2625,-3974,2665,-3036,-6056,-4412,-3337,2389,-1040,-378,3483,-8701,-5200,-4307,934,-4544,3834,-966,65,15,18,7836,-164,-944,0.322580636,2,0.645161271,769707
8,-2976,-3905,2757,-2978,-5717,-4586,-2963,2481,-1190,208,4678,-8222,-4316,-3489,672,-4742,4196,66,0,8,20,7762,-192,-903,0.312805474,2,0.625610948,746382
8,-3233,-3809,2509,-2543,-5527,-5714,-2861,2619,-1432,-161,5186,-8205,-4431,-2663,871,-4713,4113,193,-16,-39,29,7730,-259,-887,0.312805474,2,0.625610948,746382
8,-3227,-3549,2095,-3093,-5237,-7418,-2760,2549,-1628,-350,4303,-8729,-3981,-1181,1003,-5120,4403,510,-18,-35,31,7705,-390,-865,0.317693055,2,0.635386109,758044
8,-3231,-3028,1597,-4332,-4091,-8689,-2447,2333,-1551,533,3510,-8392,-3124,940,1121,-5609,5501,-23,15,-37,33,7716,-524,-864,0.312805474,2,0.625610948,746382
8,-3406,-2826,1414,-4676,-4305,-8993,-1771,2504,-1312,1472,4006,-8177,-2965,2851,1081,-6493,6846,-1077,63,-61,27,7765,-587,-881,0.317693055,2,0.635386109,758044
8,-3608,-2900,1110,-4326,-4307,-8522,-1283,2562,-1255,1328,4876,-8411,-3279,3315,1011,-7426,6528,-2679,78,-91,18,7839,-605,-915,0.317693055,2,0.635386109,758044
8,-3644,-2757,919,-4199,-4101,-9356,-704,2492,-1238,947,5643,-9164,-3135,3553,980,-7500,6567,-3574,24,-101,10,7825,-473,-860,0.317693055,2,0.635386109,758044
8,-3635,-2253,631,-4445,-3536,-10265,-411,2215,-1039,1097,5786,-8778,-2735,4157,826,-7613,7100,-4191,-88,-109,-10,7730,-379,-779,0.317693055,2,0.635386109,758044
8,-3672,-1922,518,-4284,-3187,-10616,-187,2164,-805,1608,5806,-8475,-2644,4777,668,-7490,6559,-4638,-96,-136,-15,7691,-266,-772,0.312805474,2,0.625610948,746382
8,-3573,-1525,178,-4426,-2867,-10522,74,2118,-394,2288,5717,-8244,-2097,5132,958,-7593,5625,-5528,-53,-143,-5,7732,-170,-780,0.317693055,2,0.635386109,758044
8,-3407,-1199,70,-4790,-2699,-10844,431,2105,-163,2394,5720,-8292,-1428,5149,1179,-7228,6507,-6192,-22,-161,29,7754,-185,-730,0.317693055,2,0.635386109,758044
8,-3280,-1032,92,-4816,-2464,-11180,690,2183,83,2139,5805,-8045,-1274,5598,1287,-6880,6650,-6539,-12,-169,41,7810,-275,-716,0.317693055,2,0.635386109,758044
8,-3084,-887,72,-4206,-2674,-11122,846,2268,286,1907,5985,-7582,-1255,5807,1318,-6799,6854,-7215,-9,-160,40,7848,-416,-744,0.317693055,2,0.635386109,758044
8,-2876,-638,83,-3785,-2739,-10754,1174,2179,617,1517,6158,-7374,-1101,5681,1155,-6390,6417,-7510,-44,-139,45,7860,-446,-834,0.317693055,2,0.635386109,758044
8,-2588,-164,140,-3579,-2688,-10511,1459,1856,923,1222,6110,-7558,-636,5906,874,-5700,5744,-7140,-119,-122,82,7821,-458,-931,0.371456504,2,0.742913008,886329
8,-2376,314,183,-3325,-2963,-10467,1758,1283,1257,764,6019,-7697,245,6432,602,-5553,5865,-6662,-137,-99,122,7839,-495,-1006,0.327468216,2,0.654936433,781369
8,-2102,1210,157,-3667,-3649,-10334,1883,762,1441,546,5886,-7660,1128,6900,229,-5741,6557,-6729,-104,-68,126,7811,-554,-1043,0.322580636,2,0.645161271,769707
8,-1827,2016,-73,-4315,-4029,-10367,2036,-12,1688,434,5303,-7837,1767,8279,118,-3396,7163,-6537,-44,-45,97,7768,-576,-1094,0.332355827,2,0.664711654,793031
8,-1465,2865,-487,-5311,-3921,-10447,2266,-321,1837,767,4482,-7563,1947,9488,497,-5314,7656,-8843,26,-66,66,7764,-528,-1099,0.332355827,2,0.664711654,793031
8,-1308,2878,-709,-5645,-3838,-10482,2980,-364,1856,1496,3942,-7588,1342,8374,1450,-4460,6336,-10034,37,-75,54,7746,-412,-1123,0.322580636,2,0.645161271,769707
8,-1006,2311,-769,-5209,-3916,-10582,3564,-387,1725,1548,4072,-7737,1404,8498,2212,-2871,6467,-10393,50,-81,53,7679,-303,-1167,0.317693055,2,0.635386109,758044
8,-833,1741,-688,-4606,-3699,-10243,4058,-572,1452,1375,4595,-7888,879,8530,3003,-1836,7160,-11033,14,-124,55,7629,-207,-1183,0.381231666,2,0.762463331,909653
8,-398,1246,-599,-4598,-3407,-9744,4098,-851,1324,1274,4499,-7782,759,8251,3695,-1126,7664,-11010,-6,-165,74,7654,-111,-1267,0.322580636,2,0.645161271,769707
8,54,1208,-670,-4520,-3312,-9111,4063,-1165,1223,1427,3909,-7636,1304,7685,4358,-112,7154,-10573,7,-171,70,7740,-178,-1355,0.317693055,2,0.635386109,758044
8,583,1882,-996,-4342,-2686,-8605,4103,-1260,1173,1537,3395,-7465,2055,7047,5090,431,7839,-10156,29,-172,67,7727,-263,-1383,0.322580636,2,0.645161271,769707
8,910,2734,-1262,-4505,-2984,-7315,4159,-1493,1082,1454,3388,-7494,3096,6638,5348,497,6935,-7779,89,-122,62,7762,-362,-1367,0.327468216,2,0.654936433,781369
8,986,3663,-1635,-4594,-2537,-5831,4145,-1473,908,1614,3154,-7810,3676,5468,5664,673,7230,-6291,129,-84,60,7747,-451,-1311,0.322580636,2,0.645161271,769707
8,958,4248,-1933,-4913,-2208,-5426,4204,-1488,759,2105,3030,-7492,4214,4114,5040,1314,6944,-5626,149,-65,55,7712,-466,-1231,0.317693055,2,0.635386109,758044
8,976,4770,-2165,-4627,-2027,-5061,4155,-1238,678,2502,3388,-7117,4780,2930,4429,2098,6447,-5251,108,-107,29,7667,-462,-1147,0.317693055,2,0.635386109,758044
8,956,4944,-2301,-4399,-1877,-5001,3753,-752,563,2749,3759,-6804,4694,1129,4007,1688,5588,-4538,85,-165,13,7662,-459,-1149,0.322580636,2,0.645161271,769707
8,1032,4728,-2305,-3750,-1631,-4880,3305,-451,529,2583,3635,-6592,4477,425,3864,2424,4516,-4508,138,-181,11,7731,-486,-1246,0.317693055,2,0.635386109,758044
8,1124,4275,-2112,-2903,-1129,-5236,2805,-299,551,2326,3224,-6329,3623,-589,3408,3692,3797,-4553,168,-151,20,7771,-545,-1269,0.317693055,2,0.635386109,758044
8,1254,3821,-1912,-2357,-893,-6030,2465,-331,652,2272,2943,-5941,2911,-1147,3120,4757,2801,-5002,197,-90,17,7764,-598,-1246,0.322580636,2,0.645161271,769707
8,1779,3246,-1536,-1566,-764,-7055,2095,-456,806,2136,2777,-5432,2317,-1131,3073,5394,2320,-5331,153,-68,32,7754,-571,-1115,0.332355827,2,0.664711654,793031
8,2206,2909,-1283,-948,-688,-7116,1499,-792,1034,1432,2522,-5071,1678,-1102,3091,5623,1501,-5996,95,-35,60,7754,-624,-1072,0.317693055,2,0.635386109,758044
8,2820,2528,-969,-343,-720,-6475,1036,-1327,1230,814,2526,-5038,1100,-1028,3182,4331,1369,-5721,120,39,104,7872,-627,-1070,0.312805474,2,0.625610948,746382
8,3260,2643,-755,42,-734,-5521,515,-2399,1470,594,2353,-5165,576,-1943,3028,2607,1316,-5724,141,133,110,7899,-581,-996,0.317693055,2,0.635386109,758044
8,3620,2958,-529,204,-1066,-4437,195,-3070,1674,825,1980,-5313,563,-3111,2428,1772,-1400,-5641,237,137,74,7833,-652,-1052,0.327468216,2,0.654936433,781369
8,3827,2584,-222,2175,-1208,-3847,-272,-3583,2000,1081,2101,-5500,-700,-5011,1562,881,384,-7005,205,77,34,7708,-738,-1142,0.317693055,2,0.635386109,758044
8,3868,3249,164,1563,-2006,-3525,-652,-3761,2150,965,2343,-5565,-470,-5967,614,153,1075,-6439,272,21,13,7745,-899,-1300,0.317693055,2,0.635386109,758044
8,3935,3212,470,1830,-2228,-3409,-1217,-3727,2182,714,2826,-5773,-432,-6814,-143,-355,915,-7234,216,38,9,7722,-847,-1169,0.317693055,2,0.635386109,758044
8,3852,2511,905,841,-3257,-3304,-1766,-3633,2127,599,2820,-5974,2291,-6343,-994,-3266,4780,-7335,211,24,9,7605,-850,-1175,0.317693055,2,0.635386109,758044
8,3853,2069,1363,3222,-3297,-1990,-2273,-3183,2031,187,2652,-6370,835,-8668,-1293,-2078,-398,-6510,236,-23,4,7587,-821,-1201,0.322580636,2,0.645161271,769707
8,3579,2022,1925,2197,-3812,-1165,-2605,-2838,2024,-60,3095,-6588,776,-9627,-1268,-2550,139,-5917,191,-86,-2,7619,-726,-1185,0.327468216,2,0.654936433,781369
8,3154,1916,2446,1943,-4017,-720,-3159,-2084,1988,-203,3842,-6657,-142,-10946,-1147,-2957,121,-5080,169,-128,-7,7718,-565,-1227,0.322580636,2,0.645161271,769707
8,2512,1290,2965,897,-4233,-139,-3607,-1577,1923,-238,3700,-6915,-563,-11455,-837,-3228,702,-4056,159,-94,7,8032,-407,-1206,0.317693055,2,0.635386109,758044
8,2026,411,3178,136,-4594,-92,-4083,-729,1726,-318,2790,-7863,-1554,-11956,-53,-2763,1511,-4082,107,-59,-19,7718,-337,-1114,0.415444762,2,0.830889523,991289
8,1462,-1174,3337,139,-5321,-227,-4313,-45,1468,-569,2697,-8192,-1880,-11405,695,-1941,1038,-3677,32,-93,-4,7614,-319,-959,0.332355827,2,0.664711654,793031
8,1172,-1667,3435,611,-5933,-614,-4644,769,1051,-735,4169,-7877,-2250,-10868,1461,-2715,1967,-3316,-168,-147,54,7648,-333,-870,0.337243408,2,0.674486816,804693
8,788,-2013,3459,178,-6134,-1706,-5103,1292,692,-1085,4922,-7699,-3445,-10486,1454,-3057,2669,-2084,-283,-157,88,7751,-370,-938,0.322580636,2,0.645161271,769707
8,656,-2562,3778,-661,-5870,-2092,-5573,1554,350,-1582,4251,-8105,-4844,-8376,1769,-2630,2245,-1645,-355,-119,85,7785,-443,-995,0.317693055,2,0.635386109,758044
8,468,-3191,4002,-1559,-5842,-2569,-5585,1577,237,-1267,3086,-8559,-5909,-7271,2199,-4170,2606,-2456,-455,-121,100,7719,-494,-998,0.317693055,2,0.635386109,758044
8,49,-3898,4237,-2502,-6236,-3016,-5307,1861,-4,-1002,3179,-8700,-5832,-6885,2363,-4293,2558,-2579,-526,-141,150,7703,-648,-1120,0.322580636,2,0.645161271,769707
8,-372,-4628,4264,-2639,-6722,-2988,-5074,1853,-279,-991,4735,-8517,-5675,-6642,2671,-4899,2855,-1244,-591,-110,173,7825,-700,-1222,0.322580636,2,0.645161271,769707
8,-917,-5374,4045,-2557,-7227,-2717,-4963,1694,-777,-1099,5445,-9011,-5859,-5996,3102,-5422,3430,640,-654,-74,167,7824,-755,-1185,0.322580636,2,0.645161271,769707
8,-1206,-5186,3933,-2907,-7054,-3457,-4700,1663,-999,-455,4295,-9546,-5693,-5732,3147,-5097,3034,328,-745,-69,161,7737,-754,-1061,0.317693055,2,0.635386109,758044
8,-1786,-4789,3767,-4133,-6550,-4983,-4295,1811,-1130,358,3901,-9426,-4436,-5158,2880,-4905,3826,1884,-635,-88,146,7721,-770,-1196,0.322580636,2,0.645161271,769707
8,-2219,-4752,3557,-4320,-6363,-5338,-3743,2057,-1458,690,4531,-9176,-3452,-3538,2943,-4922,4614,3097,-549,-106,123,7684,-892,-1275,0.312805474,2,0.625610948,746382
8,-2667,-4649,3093,-3890,-6318,-5982,-3435,2233,-1748,138,5115,-9412,-3030,-1805,2935,-5331,5653,2744,-488,-134,108,7781,-1007,-1341,0.322580636,2,0.645161271,769707
8,-2966,-4220,2580,-4341,-5455,-6841,-2771,2085,-1954,366,4469,-9790,-2657,-782,2766,-5692,6943,1592,-486,-109,82,7751,-892,-1296,0.317693055,2,0.635386109,758044
8,-3545,-3432,2155,-4702,-4823,-8320,-2065,2223,-1782,1285,3926,-9768,-2472,760,2219,-5847,7701,897,-502,-149,79,7626,-880,-1304,0.317693055,2,0.635386109,758044
8,-3845,-2919,1529,-5170,-4172,-8951,-916,2234,-1551,2320,4175,-9500,-2444,2484,2120,-6047,8346,-268,-486,-155,73,7660,-814,-1333,0.317693055,2,0.635386109,758044
8,-4523,-2655,1048,-6141,-3074,-9979,14,2752,-1349,2329,4896,-9769,-2546,3719,1699,-6173,8813,-1790,-449,-171,60,7667,-701,-1432,0.322580636,2,0.645161271,769707
8,-4771,-2377,633,-6360,-2514,-10320,727,3020,-1073,2762,5709,-9582,-2413,5102,1514,-5669,9539,-2536,-449,-182,53,7667,-612,-1495,0.317693055,2,0.635386109,758044
8,-5042,-1799,228,-6401,-2529,-10872,1407,3477,-703,2946,6058,-9285,-2024,6013,1585,-5784,9261,-3849,-469,-163,76,7697,-617,-1560,0.317693055,2,0.635386109,758044
8,-5040,-1263,-188,-6051,-2064,-11274,1990,3693,-411,2794,6253,-9461,-1340,6864,1658,-6255,8992,-4985,-509,-142,94,7655,-582,-1562,0.322580636,2,0.645161271,769707
8,-5165,-512,-530,-5601,-2257,-11582,2319,3811,-214,2351,6360,-9363,-667,7363,1292,-5973,8363,-5759,-547,-163,105,7556,-615,-1549,0.322580636,2,0.645161271,769707
8,-5070,-58,-707,-5489,-2117,-11465,2754,3811,130,2267,6780,-9049,-448,8017,990,-5113,8975,-6516,-567,-136,127,7630,-625,-1523,0.317693055,2,0.635386109,758044
8,-5043,327,-802,-5658,-1983,-11177,2960,3714,451,2331,6817,-8874,-318,8285,975,-5348,8027,-7443,-578,-117,139,7644,-692,-1507,0.317693055,2,0.635386109,758044
8,-4840,521,-889,-5697,-2065,-11165,3185,3540,780,2236,6744,-8519,-157,8193,1096,-4909,7918,-8000,-534,-133,129,7626,-793,-1580,0.312805474,2,0.625610948,746382
8,-4659,623,-807,-4994,-1955,-11362,3379,3339,1049,2051,6801,-8235,81,8485,1206,-3858,7619,-8153,-509,-128,112,7645,-853,-1573,0.312805474,2,0.625610948,746382
8,-4421,957,-610,-4432,-1887,-11331,3590,2975,1516,1924,6583,-7863,217,8897,1341,-3323,6584,-8441,-422,-165,78,7525,-950,-1654,0.317693055,2,0.635386109,758044
8,-4156,1159,-468,-4511,-1785,-11330,3819,2584,1844,1971,6174,-7837,747,9497,1451,-2501,6273,-8469,-220,-246,57,7688,-943,-1791,0.322580636,2,0.645161271,769707
8,-3915,1416,-279,-4194,-1734,-10687,4081,1953,2309,2129,5283,-8111,1165,9854,1903,-1618,6286,-9284,-200,-252,47,7699,-904,-1759,0.322580636,2,0.645161271,769707
8,-3817,1887,-122,-4015,-1654,-10233,4379,1493,2628,2498,4957,-8309,1920,9946,1894,-1592,6314,-9593,-170,-197,32,7752,-858,-1771,0.322580636,2,0.645161271,769707
8,-3605,2805,-155,-4710,-1591,-10032,4720,1029,2960,3005,5136,-7936,2555,9298,2013,-932,6966,-10260,-138,-158,4,7731,-790,-1849,0.322580636,2,0.645161271,769707
8,-3375,3343,-130,-4652,-1924,-10011,4780,928,3039,2941,5183,-7384,3543,8867,2315,-141,6515,-11044,-61,-110,-39,7766,-587,-1858,0.327468216,2,0.654936433,781369
8,-2961,4165,-52,-4351,-1874,-10142,4727,831,2996,2919,4688,-7313,4165,8822,2731,365,6416,-11008,64,-115,-67,7715,-478,-1921,0.322580636,2,0.645161271,769707
8,-2580,4413,46,-4603,-2034,-9642,4750,552,2947,2911,3980,-7276,4034,9085,3294,700,7240,-11133,66,-110,-19,7619,-436,-2027,0.322580636,2,0.645161271,769707
8,-2023,4064,119,-5146,-1694,-8582,4861,282,2918,2872,3453,-7176,3214,8038,3907,348,8099,-10973,60,-22,-3,7580,-655,-1956,0.317693055,2,0.635386109,758044
8,-1664,3431,340,-5272,-1912,-7797,4971,40,2854,2939,3196,-6976,2201,7000,4476,587,8159,-9882,210,3,-54,7611,-889,-1809,0.322580636,2,0.645161271,769707
8,-1137,2650,603,-4819,-1855,-7519,4846,-70,2795,2905,3476,-6381,1646,5953,5114,713,7476,-8229,308,-16,-126,7570,-968,-1704,0.322580636,2,0.645161271,769707
8,-729,2524,663,-4345,-1750,-7680,4337,50,2630,2544,3351,-5379,1537,4853,5501,2373,7161,-7709,278,-4,-146,7603,-986,-1578,0.317693055,2,0.635386109,758044
8,-80,3020,554,-3321,-1437,-7245,3891,170,2503,2161,2454,-4890,2228,4554,5381,3186,6471,-7147,288,28,-159,7621,-986,-1560,0.322580636,2,0.645161271,769707
8,372,3604,223,-3162,-1378,-6474,3666,-96,2369,1796,1092,-4462,2872,3444,5142,2530,7056,-6671,443,15,-188,7603,-1026,-1645,0.317693055,2,0.635386109,758044
8,761,4034,-100,-3084,-1481,-5389,3632,-694,2172,1343,765,-4317,3034,2284,4426,1841,7086,-6455,529,-19,-225,7512,-1020,-1599,0.322580636,2,0.645161271,769707
8,1362,4128,-292,-2848,-946,-4406,3369,-1661,1710,1387,1161,-4527,2472,74,3979,1241,5721,-6359,500,-35,-224,7606,-937,-1458,0.317693055,2,0.635386109,758044
8,1882,4036,-347,-2096,-392,-4446,2787,-2285,1376,2134,1759,-4363,2850,-1756,2964,1879,3879,-5603,384,-25,-186,7705,-752,-1415,0.327468216,2,0.654936433,781369
8,2714,3900,-242,-840,-5,-4574,1623,-2422,1197,2579,2141,-3118,2806,-2927,2287,2575,3063,-4837,379,79,-168,7899,-648,-1513,0.317693055,2,0.635386109,758044
8,3376,3859,-114,-199,269,-4146,620,-2273,1020,2186,1903,-2329,2604,-4150,1212,2767,2338,-4629,238,138,-156,7823,-641,-1475,0.317693055,2,0.635386109,758044
8,4146,3382,161,115,482,-3815,-516,-2096,646,1233,935,-2440,1650,-5372,254,2710,1258,-4700,144,160,-123,7784,-693,-1474,0.322580636,2,0.645161271,769707
8,4577,2602,347,-10,659,-4039,-1072,-2249,408,783,93,-3097,1340,-6210,-505,2679,1421,-5141,21,183,-99,7730,-689,-1490,0.322580636,2,0.645161271,769707
8,5095,1920,636,779,714,-4283,-1542,-2932,404,471,-263,-3999,504,-7508,-736,3139,680,-5338,-82,232,-105,7675,-729,-1436,0.317693055,2,0.635386109,758044
8,5411,1821,654,859,703,-4064,-1891,-3693,491,214,-168,-4564,681,-7863,-933,2825,415,-5096,-183,234,-96,7601,-795,-1367,0.327468216,2,0.654936433,781369
8,5621,1937,623,860,154,-3484,-2266,-4465,560,-82,408,-5395,1045,-8709,-1291,1878,636,-4486,-203,216,-44,7713,-873,-1359,0.317693055,2,0.635386109,758044
8,5610,1952,683,859,-466,-2974,-2503,-4927,615,-87,1066,-6201,1124,-9543,-1882,1113,1525,-4425,-279,324,16,7913,-830,-1383,0.317693055,2,0.635386109,758044
8,5461,2035,798,383,-1470,-2358,-2929,-5500,720,77,2133,-7178,1009,-10305,-2258,310,1819,-4361,-353,375,35,7765,-808,-1349,0.361681342,2,0.723362684,863004
8,5155,2066,920,141,-1959,-1994,-3240,-5601,745,478,2635,-7993,848,-10733,-2508,-590,1770,-4364,-431,303,28,7605,-687,-1271,0.332355827,2,0.664711654,793031
8,4700,1937,1206,-160,-3271,-2043,-3886,-4789,794,1450,3055,-8380,690,-11210,-2370,-1135,1862,-4603,-380,283,-5,7749,-584,-1269,0.317693055,2,0.635386109,758044
8,4413,1670,1568,-593,-4128,-2242,-4510,-3748,683,1703,3284,-8147,822,-10634,-1981,-1129,1972,-4004,-236,332,-32,7870,-523,-1348,0.322580636,2,0.645161271,769707
8,4030,534,2073,-1442,-4384,-2106,-5123,-2458,399,1309,3886,-8071,-149,-10183,-1275,-1883,2192,-3558,-75,360,-48,7801,-617,-1429,0.322580636,2,0.645161271,769707
8,3509,-782,2498,-1702,-4318,-1978,-5706,-970,-7,570,4090,-9136,-1253,-9541,-416,-3023,2694,-3331,26,350,-61,7742,-775,-1506,0.327468216,2,0.654936433,781369
8,2893,-2389,2673,-1740,-5128,-2398,-5784,-83,28,629,3952,-9810,-2329,-9139,341,-2812,2233,-3084,58,334,-85,7651,-939,-1440,0.322580636,2,0.645161271,769707
8,2503,-2944,2708,-1530,-5961,-2890,-6006,753,16,322,4337,-9182,-2355,-8200,734,-4020,2169,-3283,113,288,-120,7570,-1051,-1389,0.322580636,2,0.645161271,769707
8,1966,-3391,3059,-1613,-6390,-3424,-6286,1250,-359,-340,5302,-8691,-3386,-8866,1306,-4529,2574,-3067,171,252,-168,7642,-892,-1429,0.327468216,2,0.654936433,781369
8,1768,-4015,3336,-2336,-6547,-3592,-6717,1312,-1084,-1420,5090,-9490,-3911,-8182,1608,-4609,2513,-1535,149,199,-201,7601,-619,-1390,0.322580636,2,0.645161271,769707
8,1364,-4679,3334,-2832,-6454,-4293,-6544,1013,-1236,-1272,3295,-10278,-4290,-7410,2199,-4678,2711,-1399,113,151,-224,7464,-221,-1338,0.317693055,2,0.635386109,758044
8,709,-5200,3182,-3232,-6121,-5259,-5815,673,-1062,39,2920,-9686,-4205,-6774,2747,-4360,2808,-229,94,65,-240,7472,-25,-1325,0.322580636,2,0.645161271,769707
8,38,-5244,3156,-3203,-5911,-5382,-5450,621,-1065,228,4388,-9120,-3464,-4689,2752,-4964,2852,1244,79,22,-233,7639,-7,-1336,0.322580636,2,0.645161271,769707
8,-489,-4608,2999,-3072,-5958,-5125,-5192,803,-1198,186,6041,-9290,-2672,-3257,2896,-5761,2952,644,-1,39,-182,7813,-54,-1253,0.322580636,2,0.645161271,769707
8,-832,-4211,2723,-3424,-6195,-5485,-5034,945,-1234,123,5513,-9980,-2277,-2519,3159,-6044,3945,1756,-121,90,-149,7819,-268,-1119,0.317693055,2,0.635386109,758044
8,-1320,-4069,2731,-3798,-6217,-6293,-4663,1082,-1263,103,4879,-9589,-2473,-649,3264,-5624,4017,2049,-153,110,-123,7774,-473,-951,0.327468216,2,0.654936433,781369
8,-1812,-4260,2650,-4000,-5771,-6496,-4287,909,-1383,-202,5386,-9452,-2348,682,3597,-6373,4862,425,-118,111,-130,7795,-539,-884,0.317693055,2,0.635386109,758044
8,-2285,-4347,2393,-4437,-5601,-7275,-3782,236,-1353,-556,5587,-9978,-2914,957,3597,-6688,7137,-1186,-60,97,-146,7714,-566,-855,0.317693055,2,0.635386109,758044
8,-2505,-3907,1925,-4631,-4836,-8771,-3306,168,-1078,633,4579,-10288,-3368,1996,3164,-6502,8881,-1747,-50,77,-163,7703,-425,-673,0.317693055,2,0.635386109,758044
8,-3101,-3837,1571,-5431,-4737,-10337,-2396,1246,-737,2440,3324,-8934,-3516,3939,2760,-6687,8723,-3242,21,28,-189,7711,-330,-626,0.317693055,2,0.635386109,758044
8,-3401,-3582,1110,-4393,-4470,-10365,-1358,1963,-865,2758,4307,-8934,-3575,4663,2495,-7106,8217,-4737,77,-9,-197,7835,-163,-636,0.317693055,2,0.635386109,758044
8,-3435,-2876,532,-4804,-4438,-10336,-334,2648,-888,1384,5876,-9250,-2935,4834,2391,-6509,7569,-5788,27,-57,-173,7794,-67,-659,0.312805474,2,0.625610948,746382
8,-3427,-2217,267,-4874,-3596,-10851,158,2940,-623,793,5997,-8964,-2064,5453,2201,-5512,7204,-5148,-40,-37,-148,7801,16,-740,0.317693055,2,0.635386109,758044
8,-3548,-1492,67,-5171,-3251,-11027,776,2825,-172,767,5863,-8287,-1268,6544,2018,-4529,7903,-6246,-148,-15,-112,7751,10,-784,0.322580636,2,0.645161271,769707
8,-3528,-993,-103,-4757,-3190,-10716,1172,2596,50,994,5936,-8048,-766,7487,1927,-3749,7649,-6292,-246,6,-74,7784,-19,-841,0.322580636,2,0.645161271,769707
8,-3543,-503,-303,-5025,-3191,-9820,1856,2186,182,632,6181,-8158,-869,8687,1917,-3111,8058,-6724,-299,8,-23,7847,-100,-911,0.317693055,2,0.635386109,758044
8,-3549,-396,-375,-5497,-3501,-9309,2362,2012,296,355,6141,-8217,-825,9072,2128,-3976,7667,-7676,-300,24,4,7843,-204,-972,0.312805474,2,0.625610948,746382
8,-3620,-222,-198,-4630,-4246,-8747,2685,1947,463,220,6414,-8473,-189,9051,1468,-4862,7532,-8253,-294,43,-11,7847,-317,-962,0.317693055,2,0.635386109,758044
8,-3518,521,-211,-4407,-3964,-8764,2867,2086,659,166,6446,-8377,0,8139,1785,-2447,8236,-8008,-276,50,-40,7747,-418,-1020,0.312805474,2,0.625610948,746382
8,-3474,968,-350,-5133,-3928,-8509,2956,2152,825,423,5995,-8289,-171,8306,2503,-3220,8026,-8239,-290,7,-49,7722,-378,-1078,0.322580636,2,0.645161271,769707
8,-3392,479,-399,-5715,-3678,-8772,3178,2334,980,575,5405,-8116,-495,7260,2882,-3151,7685,-8495,-286,-41,-25,7767,-384,-1145,0.332355827,2,0.664711654,793031
8,-3299,-210,-188,-5185,-3465,-8778,3381,2249,1089,583,5312,-8007,-719,6879,2825,-2412,7476,-9077,-203,-36,-9,7824,-422,-1215,0.312805474,2,0.625610948,746382
8,-3012,-208,-78,-4119,-3450,-9313,3727,1951,1259,562,5711,-7431,-193,5816,2830,-964,6907,-9049,-56,30,-30,7793,-447,-1204,0.317693055,2,0.635386109,758044
8,-2707,626,-180,-4374,-3456,-9964,3941,1698,1326,585,5728,-7341,1139,5707,3047,-296,7738,-9756,170,49,-79,7777,-392,-1264,0.391006857,2,0.782013714,932978
8,-2152,1704,-350,-5795,-3192,-10336,4133,1124,1481,958,5368,-7324,1703,4796,2957,576,9003,-9477,330,76,-121,7762,-308,-1375,0.317693055,2,0.635386109,758044
8,-1605,2179,-445,-6188,-2988,-10021,4370,623,1620,1259,5295,-7063,2409,5162,3364,1715,9650,-9963,475,108,-146,7757,-255,-1437,0.317693055,2,0.635386109,758044
8,-961,3154,-613,-6069,-2843,-9396,4560,-64,1690,1253,5501,-6758,3718,4866,3126,1399,9258,-9809,608,129,-177,7751,-200,-1361,0.327468216,2,0.654936433,781369
8,-377,3995,-898,-6455,-2740,-9194,4504,-549,1653,1270,5307,-6881,4529,4531,3364,2081,9417,-8238,683,107,-230,7672,-127,-1230,0.327468216,2,0.654936433,781369
8,316,4453,-1336,-7556,-2682,-8156,4282,-1080,1529,1423,4496,-7097,4526,3857,3994,2214,9357,-6296,740,60,-268,7652,29,-1131,0.337243408,2,0.674486816,804693
8,585,4438,-1601,-7472,-2310,-6940,4297,-1289,1359,1586,3575,-7464,4480,3148,4227,2554,9336,-5246,802,29,-298,7674,120,-1121,0.317693055,2,0.635386109,758044
8,692,4407,-1730,-6530,-2164,-5528,4461,-1568,1217,1813,3105,-7854,4489,2855,4266,2600,8124,-4103,766,-17,-293,7667,158,-1067,0.327468216,2,0.654936433,781369
8,614,4427,-1811,-5744,-1892,-4951,4557,-1649,1096,1874,3008,-7779,4479,2560,4074,2977,7439,-3286,691,-32,-258,7663,148,-963,0.327468216,2,0.654936433,781369
8,483,4317,-2045,-5075,-1843,-4845,4435,-1586,888,2171,3537,-7203,4279,2146,3827,3328,7028,-3153,583,-56,-237,7731,120,-875,0.327468216,2,0.654936433,781369
8,541,4091,-2240,-4957,-1484,-5334,4083,-1122,698,2439,3415,-6719,3923,1200,3506,2972,6301,-3902,451,-28,-203,7839,148,-791,0.317693055,2,0.635386109,758044
8,732,3689,-2219,-3706,-1746,-5533,3494,-569,631,2354,3686,-5693,3300,167,3398,3450,4975,-4915,356,16,-174,7892,171,-696,0.317693055,2,0.635386109,758044
8,1087,3698,-2074,-2756,-1719,-5836,3010,-192,587,1820,3355,-5079,3196,-207,3315,3679,3285,-5574,246,11,-145,7869,175,-676,0.317693055,2,0.635386109,758044
8,1533,3639,-2005,-1919,-1374,-5642,2461,-182,612,1002,2633,-4719,3186,-527,3269,3295,3158,-5618,194,18,-130,7855,69,-711,0.317693055,2,0.635386109,758044
8,2049,3705,-1776,-1253,-1118,-4895,2144,-588,667,476,2309,-4536,3145,-1227,2724,3588,2912,-5152,64,14,-121,7773,-14,-660,0.317693055,2,0.635386109,758044
8,2440,3609,-1628,-740,-999,-4338,1759,-1200,716,222,2078,-4449,2703,-1764,1992,2968,3158,-5426,-7,-7,-106,7756,-156,-671,0.322580636,2,0.645161271,769707
8,2931,3274,-1384,-90,-926,-4036,1117,-1923,795,304,2050,-4373,1906,-2703,1314,2104,2865,-5590,-81,-27,-107,7738,-250,-774,0.317693055,2,0.635386109,758044
8,3293,3007,-1195,403,-1026,-3702,581,-2476,836,482,1883,-4468,1178,-3810,373,1098,2256,-6439,-140,-66,-99,7750,-332,-865,0.322580636,2,0.645161271,769707
8,3713,3114,-929,1125,-1080,-3504,57,-3170,933,696,1773,-4670,671,-5201,-412,457,1603,-6209,-156,-76,-96,7778,-395,-899,0.312805474,2,0.625610948,746382
8,3964,3260,-667,1137,-1158,-3374,-337,-3501,1032,844,2120,-4852,221,-6930,-1135,491,782,-6508,-197,-70,-103,7779,-385,-879,0.322580636,2,0.645161271,769707
8,4175,3179,-205,-944,-1282,-2902,-1017,-3547,1084,722,2489,-5388,2560,-7165,-2028,2193,-4364,-7235,-223,-54,-103,7799,-302,-878,0.376344085,2,0.752688169,897991
8,4204,2287,297,1510,-2264,-3120,-1491,-3485,1173,408,2744,-5870,1016,-9517,-2020,-910,1297,-6454,-228,-40,-103,7833,-261,-848,0.317693055,2,0.635386109,758044
8,4294,2328,1100,1833,-2578,-2863,-2180,-3569,1324,-28,2907,-6495,17,-10958,-2352,-1343,789,-5979,-206,-47,-107,7800,-266,-840,0.322580636,2,0.645161271,769707
8,4105,2064,1561,1240,-2999,-2169,-2606,-3546,1389,-119,2717,-7133,-603,-11970,-2726,-1098,736,-5816,-133,-32,-129,7789,-300,-903,0.312805474,2,0.625610948,746382
8,3555,1502,1944,595,-3992,-1131,-2924,-3135,1487,-208,2790,-7687,-593,-11977,-2687,-1808,1542,-5388,-37,-28,-172,7794,-376,-997,0.312805474,2,0.625610948,746382
8,3024,1049,2125,-58,-4639,-630,-3103,-2619,1498,-73,3645,-8006,-89,-11281,-1455,-1664,1363,-4854,77,-26,-231,7936,-497,-1053,0.317693055,2,0.635386109,758044
8,2124,102,2414,-241,-5024,-58,-3657,-1219,1333,118,3815,-8593,320,-10878,-572,-2772,1702,-3657,209,-25,-276,7969,-506,-1007,0.317693055,2,0.635386109,758044
8,1500,-290,2528,184,-5615,-396,-4011,-105,1208,151,3525,-8667,-999,-11163,384,-3260,2215,-2701,238,-42,-312,7815,-472,-805,0.317693055,2,0.635386109,758044
8,1052,-362,2808,-386,-5657,-1280,-4414,1202,818,-375,3474,-8615,-2312,-10435,1107,-3272,1882,-3273,199,-99,-320,7718,-356,-687,0.312805474,2,0.625610948,746382
8,853,-1053,2778,-1079,-6401,-2259,-4748,1952,406,-1133,3104,-9028,-2329,-10111,1607,-3454,1318,-4103,8,-138,-323,7623,-62,-537,0.303030312,2,0.606060624,723058
8,602,-2040,3055,-738,-6505,-3650,-4851,2455,-76,-1763,2358,-9159,-2829,-10250,1613,-2574,2518,-3204,-268,-256,-277,7629,264,-457,0.366568923,2,0.733137846,874667
8,573,-3265,3134,-709,-6889,-5927,-4773,2503,-308,-1920,2842,-8523,-2987,-8638,2004,-586,2553,-1283,-405,-308,-220,7786,384,-282,0.332355827,2,0.664711654,793031
8,431,-3936,3043,-1480,-5827,-6142,-4836,1906,-500,-2334,3889,-8308,-3514,-4136,2740,-1939,3656,1522,-484,-301,-163,7898,473,-563,0.327468216,2,0.654936433,781369
8,29,-4276,2974,-3330,-6145,-5519,-4760,1083,-635,-2663,3508,-9032,-5092,-1031,3308,-5513,4369,227,-556,-246,-96,8033,473,-622,0.317693055,2,0.635386109,758044
8,-91,-4740,3077,-3799,-6549,-5630,-4297,340,-534,-1948,2151,-9664,-4950,-1094,2801,-6112,4285,-48,-579,-105,-21,8067,291,-634,0.337243408,2,0.674486816,804693
8,-587,-5285,2989,-3213,-6154,-5632,-3227,-336,-205,24,2563,-9489,-4455,332,2888,-4322,5167,513,-599,25,-1,8118,72,-486,0.322580636,2,0.645161271,769707
8,-1168,-5244,2728,-2712,-5904,-5447,-2679,-372,-231,892,4425,-9607,-4216,1818,2752,-4782,5755,648,-539,75,-8,8084,-120,-385,0.317693055,2,0.635386109,758044
8,-1793,-4718,2271,-3066,-5768,-5561,-2447,18,-419,1132,5254,-10285,-4259,2489,2652,-5006,6087,-337,-433,69,-35,8009,-92,-361,0.317693055,2,0.635386109,758044
8,-2153,-4284,2048,-3536,-5531,-6029,-2410,636,-491,1429,4211,-10445,-3944,3486,2179,-4599,6713,-824,-324,47,-63,7912,-16,-349,0.312805474,2,0.625610948,746382
8,-2840,-3879,1808,-3986,-5192,-6146,-2152,1777,-656,2074,3394,-10010,-3641,4496,1782,-5170,6827,-2232,-220,15,-71,7842,119,-564,0.322580636,2,0.645161271,769707
8,-3268,-3704,1522,-4484,-4978,-6267,-1805,2579,-825,1846,4201,-9853,-3249,4381,1635,-5044,7494,-3405,-136,9,-50,7847,290,-759,0.337243408,2,0.674486816,804693
8,-3758,-3354,1078,-4906,-4625,-6960,-1581,3423,-984,1200,5087,-9563,-2701,4426,1715,-4763,7689,-4123,-69,67,-12,7967,445,-856,0.312805474,2,0.625610948,746382
8,-3930,-3043,900,-4980,-4456,-8076,-1467,4075,-963,946,4752,-9243,-2441,4613,1489,-4662,8072,-4818,-17,152,4,7954,606,-922,0.322580636,2,0.645161271,769707
8,-4091,-2704,725,-4959,-4150,-9185,-976,4488,-713,705,4322,-8723,-2319,5198,1220,-4068,8183,-6105,14,192,23,7812,697,-985,0.312805474,2,0.625610948,746382
8,-4168,-2598,588,-5143,-3971,-9519,-420,4409,-508,410,4477,-8516,-2466,5636,1448,-4223,8059,-6820,-4,199,45,7687,808,-1041,0.322580636,2,0.645161271,769707
8,-4162,-2695,507,-5371,-3774,-9597,301,3846,-240,-68,4950,-8337,-2621,5868,1860,-3824,7806,-7455,-92,171,83,7671,807,-1121,0.322580636,2,0.645161271,769707
8,-3996,-2784,525,-4970,-3903,-10110,739,3151,-7,-75,4993,-8273,-2455,6404,2154,-3320,7542,-7980,-103,151,106,7626,656,-1196,0.317693055,2,0.635386109,758044
8,-3827,-2480,572,-4597,-4103,-10144,1376,2295,298,294,5405,-8088,-1549,6916,2242,-3676,7389,-8503,-97,117,106,7651,468,-1285,0.317693055,2,0.635386109,758044
8,-3530,-1489,627,-4242,-4121,-9815,1786,1791,476,759,5796,-8114,-306,7173,1518,-3215,8165,-9255,-144,88,99,7719,410,-1282,0.312805474,2,0.625610948,746382
8,-3312,-585,547,-4514,-3848,-9805,2089,1493,701,1407,5424,-8076,30,5981,1563,-2841,8372,-8043,-157,71,90,7752,323,-1217,0.317693055,2,0.635386109,758044
8,-2999,477,229,-5289,-3254,-10028,2299,1391,827,1728,4941,-8138,388,6335,2138,-1260,8318,-8492,-82,55,76,7706,309,-1140,0.317693055,2,0.635386109,758044
8,-2770,818,102,-5405,-3249,-10146,2541,1270,977,1758,4501,-8567,587,6412,2113,-1528,8109,-8663,10,27,68,7726,359,-1072,0.317693055,2,0.635386109,758044
8,-2441,991,49,-4978,-3414,-10043,2712,1159,1133,1443,4277,-8588,394,5976,2351,-1031,7790,-9470,127,15,68,7790,390,-1113,0.317693055,2,0.635386109,758044
8,-2238,1114,-10,-4577,-3584,-9472,3049,822,1323,961,4379,-8538,1324,5840,2213,-690,7556,-9509,208,18,68,7850,389,-1206,0.312805474,2,0.625610948,746382
8,-1967,1970,-160,-3977,-3661,-8895,3239,480,1459,890,4464,-8463,2572,5310,1870,-938,7005,-9573,283,72,68,7795,380,-1230,0.317693055,2,0.635386109,758044
8,-1729,2867,-353,-4291,-3823,-8699,3429,104,1598,1045,4514,-8246,3281,4686,1732,-1075,7199,-9400,287,49,58,7744,412,-1174,0.317693055,2,0.635386109,758044
8,-1406,3879,-579,-5195,-4001,-8474,3575,-162,1661,1382,4678,-7560,4000,4035,1805,-714,7665,-8822,335,40,32,7738,401,-1228,0.317693055,2,0.635386109,758044
8,-1048,4399,-697,-5590,-3941,-8134,3564,-217,1621,1341,4803,-7026,4755,4777,2116,-837,7780,-8834,445,18,4,7733,464,-1258,0.322580636,2,0.645161271,769707
8,-504,4644,-862,-5629,-3812,-7549,3275,-265,1435,1144,4491,-6528,4637,3570,2600,-180,8305,-8610,526,-4,-21,7692,513,-1284,0.312805474,2,0.625610948,746382
8,-42,4579,-960,-5405,-3866,-7048,3033,-294,1224,1044,4053,-6165,4824,3134,2990,794,8476,-8078,569,-45,-36,7659,456,-1264,0.327468216,2,0.654936433,781369
8,586,4356,-1108,-4797,-3499,-6303,2633,-284,936,873,3409,-5696,4553,2820,3256,725,7412,-7310,578,-82,-46,7690,348,-1223,0.337243408,2,0.674486816,804693
8,886,4223,-1294,-4472,-3370,-5608,2409,-312,726,635,2886,-5353,4702,2574,3303,812,7615,-6069,554,-95,-42,7784,249,-1156,0.317693055,2,0.635386109,758044
8,1248,3942,-1554,-4085,-2999,-4270,2201,-662,425,211,2730,-5304,4486,2094,2762,1281,7665,-4567,503,-85,-42,7821,221,-1118,0.327468216,2,0.654936433,781369
8,1423,3600,-1812,-3891,-2629,-3557,2103,-1013,196,154,2781,-5245,3830,1325,1614,722,7477,-3086,473,-62,-48,7796,142,-1009,0.322580636,2,0.645161271,769707
8,1614,3141,-2087,-3936,-2382,-3485,1835,-1490,-65,653,2985,-5069,3461,179,390,642,7199,-3671,461,-42,-42,7842,145,-893,0.317693055,2,0.635386109,758044
8,1919,2627,-2396,-3797,-2286,-4379,1487,-1599,-277,1170,3065,-4884,2873,-878,-455,1151,6129,-5059,470,-22,-14,7853,103,-846,0.322580636,2,0.645161271,769707
8,2323,2278,-2384,-3155,-2384,-5123,888,-1620,-518,1313,3465,-4721,2629,-1875,-764,1619,4316,-6447,491,-5,-2,7833,81,-813,0.327468216,2,0.654936433,781369
8,2946,2090,-2246,-2048,-2539,-5602,457,-1703,-701,957,3929,-4663,2814,-2887,-615,1617,2759,-7163,458,1,6,7854,75,-800,0.327468216,2,0.654936433,781369
8,3386,2292,-2097,-1300,-2480,-5496,-118,-2006,-947,466,4101,-5050,2915,-3740,-673,1672,2979,-6559,398,-6,9,7868,136,-793,0.322580636,2,0.645161271,769707
8,3879,2498,-1918,-1453,-2405,-5534,-505,-2339,-1068,356,3593,-5586,3118,-4214,-983,2017,3475,-6172,360,-1,6,7808,163,-812,0.322580636,2,0.645161271,769707
8,4155,2260,-1722,-1260,-2303,-5519,-895,-2845,-1040,403,3188,-6139,2389,-4828,-1006,1787,2844,-6340,331,-3,-2,7762,196,-778,0.322580636,2,0.645161271,769707
8,4477,1789,-1366,-1030,-2547,-5310,-1200,-3111,-971,600,3397,-6410,2120,-5301,-1220,1031,2449,-6629,260,-10,18,7776,280,-775,0.327468216,2,0.654936433,781369
8,4651,1346,-1042,-796,-2887,-4987,-1709,-3331,-922,518,4062,-6645,1280,-6144,-1260,274,2033,-6750,173,-9,53,7816,285,-766,0.312805474,2,0.625610948,746382
8,4778,538,-606,-746,-3176,-4180,-2166,-3472,-984,459,4444,-6976,376,-7287,-1339,-1014,2492,-6797,108,-8,84,7851,249,-712,0.317693055,2,0.635386109,758044
8,4743,-184,-270,-608,-3485,-3540,-2844,-3644,-1101,416,4430,-7187,-1022,-8138,-1768,-1681,3055,-6032,43,1,96,7867,165,-749,0.317693055,2,0.635386109,758044
8,4535,-1233,323,100,-4172,-2918,-3280,-3507,-1117,453,4217,-7335,-1541,-8990,-2137,-2845,3006,-5747,-13,8,98,7805,61,-837,0.317693055,2,0.635386109,758044
8,4247,-1820,634,217,-4637,-2206,-3544,-3160,-1039,719,4194,-7636,-2470,-9336,-2910,-3733,3114,-6054,-42,-5,100,7767,11,-874,0.317693055,2,0.635386109,758044
8,3614,-2163,736,-61,-4808,-453,-3715,-2237,-944,1078,4439,-8067,-3492,-11478,-3013,-4636,1916,-5866,-51,-2,97,7812,1,-907,0.322580636,2,0.645161271,769707
8,2853,-2290,676,-28,-5218,533,-3766,-1308,-903,1338,4817,-8342,-1985,-10165,-2423,-3469,985,-3611,-69,-7,82,7793,-34,-898,0.386119246,2,0.772238493,921316
8,1916,-2109,847,-82,-5825,894,-3874,93,-971,1572,5108,-8722,-1398,-9738,-2229,-5925,1840,-3131,-52,-25,60,7764,-13,-891,0.317693055,2,0.635386109,758044
8,1203,-1541,752,-932,-5554,444,-4122,1210,-1182,1423,4941,-9074,-906,-12332,-1813,-5729,2120,-3764,-37,-39,47,7787,46,-882,0.312805474,2,0.625610948,746382
8,584,-1408,927,-1843,-6064,-789,-4332,2805,-1485,822,4499,-9164,-1109,-12919,-690,-2431,2506,-2373,-26,-44,42,7810,53,-889,0.312805474,2,0.625610948,746382
8,148,-1909,1141,-3154,-6549,-4301,-4326,3654,-1722,359,4080,-8924,-2091,-11389,494,-1560,2859,-1786,-29,-37,50,7804,57,-871,0.317693055,2,0.635386109,758044
8,-240,-2893,1133,-3297,-6314,-6301,-4167,4401,-2022,-405,4142,-8082,-3340,-8790,1182,-1677,2859,-332,-66,-42,62,7761,-26,-826,0.312805474,2,0.625610948,746382
8,-939,-4064,1308,-2900,-5397,-6596,-3863,4180,-2054,-857,4394,-7688,-3446,-5899,2053,-3037,2470,1389,-119,-58,72,7778,-101,-763,0.312805474,2,0.625610948,746382
8,-1283,-4307,1393,-1983,-5505,-6409,-3207,3296,-1912,-750,4235,-8004,-3326,-2656,2148,-3483,3699,1991,-181,-60,86,7851,-139,-724,0.317693055,2,0.635386109,758044
8,-1673,-4146,1454,-2699,-4632,-6769,-2522,2522,-1582,-173,3904,-8307,-4014,399,2270,-4559,3809,-892,-237,-54,80,7839,-174,-678,0.312805474,2,0.625610948,746382
8,-2010,-4146,1367,-2786,-4537,-7573,-1717,1623,-1093,1069,4321,-8261,-3159,1118,2502,-6039,867,-1822,-270,-55,69,7828,-184,-647,0.322580636,2,0.645161271,769707
8,-2390,-3658,1219,-1830,-4409,-7804,-1298,1246,-845,1490,4891,-8058,-2150,1982,2719,-5030,2955,-56,-320,-70,70,7797,-153,-526,0.327468216,2,0.654936433,781369
8,-2580,-2936,1183,-1510,-4370,-7742,-758,1079,-555,1608,5441,-8249,-1930,3898,2754,-3240,3968,-529,-316,-87,98,7842,-112,-509,0.322580636,2,0.645161271,769707
8,-2989,-1943,1118,-2392,-3792,-7372,-398,1005,-332,1823,5546,-8498,-1676,6099,2555,-4042,4589,-1817,-270,-78,126,7870,-119,-537,0.322580636,2,0.645161271,769707
8,-3447,-1818,1200,-2908,-3793,-7698,-3,1331,-20,1944,5201,-8713,-1681,6975,1998,-4202,4287,-2995,-218,-59,139,7876,-63,-614,0.317693055,2,0.635386109,758044
8,-3824,-1492,1159,-3130,-4123,-8351,372,1537,235,1976,5282,-8543,-1267,8163,1642,-4095,5874,-3856,-201,-27,157,7842,33,-633,0.317693055,2,0.635386109,758044
8,-4049,-1295,1196,-3352,-4486,-8681,758,2097,294,1884,5430,-8606,-2025,8338,1266,-4737,6532,-6037,-225,-36,157,7817,94,-630,0.322580636,2,0.645161271,769707
8,-4135,-1291,1189,-3776,-4675,-8827,936,2520,320,1539,5476,-8302,-1952,8267,1800,-4338,6323,-9802,-244,-51,159,7822,192,-653,0.317693055,2,0.635386109,758044
8,-4091,-1366,1173,-3861,-4269,-8661,1120,2671,420,1214,5455,-7860,-1481,7801,2409,-5830,6581,-9490,-282,-52,168,7812,183,-749,0.317693055,2,0.635386109,758044
8,-4036,-1481,1184,-4088,-3995,-9003,1509,2650,688,972,5294,-7727,-1449,6368,1991,-5411,6133,-9949,-327,-39,178,7760,164,-842,0.317693055,2,0.635386109,758044
8,-3719,-1562,1185,-4299,-3480,-9979,1792,2300,936,1087,5385,-7503,-393,5806,1800,-3529,6396,-9663,-372,-51,179,7714,182,-886,0.317693055,2,0.635386109,758044
8,-3516,-1274,1176,-4331,-3226,-10455,2130,1776,1248,1265,5402,-7478,-192,6098,2197,-1971,6797,-8694,-428,-64,200,7723,218,-938,0.322580636,2,0.645161271,769707
8,-3223,-512,1185,-3986,-2910,-10637,2419,1370,1493,1214,5264,-7682,693,7049,2081,-1623,7054,-9422,-481,-79,243,7718,253,-970,0.317693055,2,0.635386109,758044
8,-3039,144,1156,-4563,-2995,-10693,2822,560,1861,1249,5272,-8236,287,7177,2392,-734,8687,-8337,-535,-95,297,7760,176,-1003,0.317693055,2,0.635386109,758044
8,-2808,419,948,-6042,-2927,-10432,3136,-8,2047,1627,5080,-8726,-719,7816,2672,-607,8972,-10326,-533,-78,339,7839,75,-1068,0.312805474,2,0.625610948,746382
8,-2679,253,782,-6552,-2596,-10728,3482,-336,2375,2878,4385,-9344,-1246,6804,3114,-450,9023,-11209,-519,-36,347,7810,-63,-1167,0.322580636,2,0.645161271,769707
8,-2356,81,828,-6183,-2429,-11269,3790,-256,2670,3696,4301,-9282,-1010,6428,3497,1264,9080,-11971,-474,-23,324,7738,-181,-1185,0.327468216,2,0.654936433,781369
8,-1938,133,939,-5932,-2781,-11637,4107,-51,2861,3649,4757,-9113,-986,6536,3794,1465,9083,-11727,-401,-48,278,7663,-357,-1212,0.322580636,2,0.645161271,769707
8,-1352,-74,960,-6194,-2990,-11176,4098,120,2913,2912,4890,-8914,-842,6122,4372,1559,8938,-11203,-205,-76,232,7732,-573,-1212,0.327468216,2,0.654936433,781369
8,-965,6,1011,-6285,-3327,-10275,4153,125,2945,2274,5002,-8468,-120,5539,5468,1269,8750,-11071,49,-98,160,7731,-705,-1222,0.327468216,2,0.654936433,781369
8,-317,503,928,-6609,-3071,-8951,4180,-353,3006,1804,4986,-7939,169,3773,5389,1742,9382,-10363,239,-112,90,7710,-743,-1213,0.322580636,2,0.645161271,769707
8,143,1154,782,-6521,-3154,-8026,4129,-795,3041,1576,4611,-7282,1002,3147,5371,2230,9508,-8637,348,-124,49,7702,-731,-1192,0.317693055,2,0.635386109,758044
8,723,2289,524,-6128,-3315,-6278,3962,-988,3073,1328,4230,-6844,1894,2816,4770,2137,9850,-6129,469,-126,17,7743,-665,-1160,0.312805474,2,0.625610948,746382
8,1077,3249,172,-6311,-3280,-4943,3730,-1195,3034,1023,3323,-6445,2740,3646,4320,1822,10049,-4439,570,-112,2,7776,-577,-1113,0.381231666,2,0.762463331,909653
8,1320,4076,-441,-6585,-3065,-3748,3612,-1352,2856,847,2645,-6008,3072,2436,4167,1534,9638,-2446,620,-112,-4,7778,-506,-1067,0.317693055,2,0.635386109,758044
8,1393,4119,-901,-6680,-2972,-3250,3487,-1504,2433,637,2384,-5398,2919,1138,3650,1247,9480,-2016,636,-110,-8,7780,-476,-1017,0.312805474,2,0.625610948,746382
8,1646,3792,-1352,-5844,-2704,-2853,3278,-1623,2058,417,2559,-4852,2604,308,3245,844,7677,-2156,609,-86,-10,7814,-478,-1010,0.317693055,2,0.635386109,758044
8,1911,3746,-1580,-4667,-2712,-2896,2693,-1797,1536,-17,2288,-4329,2521,-1147,3016,1301,4951,-3395,537,-57,-18,7819,-500,-1044,0.322580636,2,0.645161271,769707
8,2200,3927,-1807,-3058,-2384,-3077,2256,-1985,1173,-219,1806,-4344,3053,-2460,2963,1087,3885,-4242,445,-27,-19,7803,-628,-1100,0.322580636,2,0.645161271,769707
8,2621,4606,-1968,-1371,-2169,-3130,1834,-2224,887,-322,1493,-4391,3548,-3526,2520,1396,3330,-4782,347,-43,-17,7771,-639,-1087,0.317693055,2,0.635386109,758044
8,3043,5104,-1970,-483,-2011,-3035,1186,-2686,611,-371,1781,-4495,3655,-4465,1664,1008,3293,-5299,197,-61,19,7810,-654,-1040,0.332355827,2,0.664711654,793031
8,3588,5374,-1936,424,-1908,-3176,592,-3084,437,-394,1807,-4686,3263,-5204,1030,957,2731,-5343,100,-12,24,7860,-586,-895,0.332355827,2,0.664711654,793031
8,3969,5260,-1885,990,-1789,-3039,-130,-3666,289,-204,1671,-5051,2659,-6036,95,688,2298,-5345,-50,12,22,7768,-513,-735,0.4056696,2,0.8113392,967965
8,4239,5067,-1600,1594,-1625,-2760,-566,-3956,303,261,1537,-5440,2239,-6786,-880,259,1716,-5565,-45,14,-16,7737,-381,-715,0.317693055,2,0.635386109,758044
8,4256,4697,-1285,240,-1501,-2607,-1024,-4091,430,1087,1553,-6111,4023,-6468,-2013,942,-975,-5987,-59,-97,-29,7583,-329,-744,0.322580636,2,0.645161271,769707
8,4140,3552,-551,2204,-2276,-2370,-1439,-3786,545,1325,1795,-6309,2778,-8237,-2439,-988,981,-5969,-183,-126,-17,7693,-350,-798,0.322580636,2,0.645161271,769707
8,3996,3538,63,1740,-2432,-2071,-1991,-3324,695,1303,2593,-6516,1892,-9717,-2820,-1516,695,-5326,-289,-148,5,7763,-382,-877,0.312805474,2,0.625610948,746382
8,3772,3220,804,1068,-2619,-1301,-2602,-2928,680,987,3210,-6658,2126,-10362,-3159,-1661,666,-5290,-409,-98,39,7936,-427,-912,0.317693055,2,0.635386109,758044
8,3341,2863,1194,475,-2759,-795,-3172,-2406,657,1274,3109,-7539,1972,-11535,-3077,-2641,1684,-3990,-540,-17,77,8033,-328,-875,0.317693055,2,0.635386109,758044
8,2494,2190,1550,-418,-3211,-591,-3497,-1744,743,2018,2888,-7902,1947,-12704,-2489,-2085,1720,-4226,-604,38,65,7794,-428,-995,0.317693055,2,0.635386109,758044
8,1812,1592,1763,-786,-3606,-736,-4003,-374,654,1865,3206,-7694,1813,-13080,-1478,-1202,2155,-3870,-584,10,88,7706,-576,-1097,0.317693055,2,0.635386109,758044
8,1392,1041,2145,-405,-4389,-1043,-4482,670,390,1012,4286,-7796,2164,-13016,-261,-337,2227,-4286,-586,59,126,7828,-672,-1115,0.317693055,2,0.635386109,758044
8,1058,712,2239,-1059,-4294,-1763,-5267,1621,-20,6,4362,-8830,216,-11343,1017,-559,2815,-1412,-527,106,100,7841,-724,-1058,0.322580636,2,0.645161271,769707
8,512,-582,2451,-2344,-5268,-3333,-5550,2267,-177,12,3099,-9311,-1823,-9209,1463,-2276,3679,-2131,-406,96,35,7754,-754,-1038,0.317693055,2,0.635386109,758044
8,253,-1972,2713,-2763,-6357,-4846,-5588,2840,-498,-782,2807,-8422,-4165,-8193,1863,-3605,3573,-3188,-302,24,-6,7646,-695,-1081,0.312805474,2,0.625610948,746382
8,-1,-3347,3002,-2932,-6683,-5379,-5603,2893,-854,-1466,3911,-8012,-4140,-7361,1814,-4526,2853,-3855,-220,-46,-12,7595,-647,-1199,0.317693055,2,0.635386109,758044
8,-167,-4439,3013,-2796,-6731,-4903,-5632,2432,-1286,-2183,4400,-8574,-2615,-6719,2442,-4990,2029,-3391,-149,-70,-5,7681,-621,-1283,0.322580636,2,0.645161271,769707
8,-337,-4455,2821,-2609,-5858,-4607,-5212,1946,-1208,-1433,3482,-9159,-2010,-6803,3161,-4898,3272,-687,-75,-90,-32,7645,-616,-1274,0.327468216,2,0.654936433,781369
8,-918,-4308,3099,-3066,-5772,-4681,-4520,1435,-931,372,3833,-8955,-3123,-5464,3904,-4418,3330,1944,-71,-155,-52,7587,-548,-1202,0.322580636,2,0.645161271,769707
8,-1403,-4927,3133,-3709,-5961,-5414,-4298,1413,-1072,706,5193,-8735,-4161,-3281,4262,-3910,3694,2205,-110,-182,-50,7697,-445,-1158,0.322580636,2,0.645161271,769707
8,-1636,-5997,2810,-2866,-5667,-6445,-4322,1390,-1346,209,5629,-9126,-4171,-1700,4338,-3767,4174,2340,-153,-181,-40,7762,-354,-1148,0.317693055,2,0.635386109,758044
8,-1894,-5725,2791,-2567,-5087,-7260,-4141,1251,-1320,229,4303,-9527,-4292,1104,3949,-3372,5488,2017,-246,-166,-13,7769,-312,-1075,0.317693055,2,0.635386109,758044
8,-2312,-5078,2853,-3433,-4383,-8279,-3659,1129,-1026,1492,3922,-9097,-4369,4363,3531,-4305,6966,-163,-288,-157,0,7769,-324,-1029,0.317693055,2,0.635386109,758044
8,-2603,-4853,2715,-3611,-4372,-8282,-3141,1383,-754,2185,4725,-8422,-4975,5586,2935,-5275,7763,-3242,-371,-165,10,7759,-351,-982,0.317693055,2,0.635386109,758044
8,-2876,-4323,2442,-2380,-4431,-8729,-2683,1765,-708,1851,5086,-8703,-4899,6464,2029,-4845,7532,-4259,-421,-176,44,7770,-413,-983,0.322580636,2,0.645161271,769707
8,-3046,-3072,2295,-2367,-3730,-10106,-1971,1983,-495,1146,5390,-9214,-3988,7679,806,-6279,6213,-5921,-427,-173,68,7769,-483,-997,0.322580636,2,0.645161271,769707
8,-3155,-1346,1640,-5675,-4173,-11043,-1593,1575,-193,1060,5857,-8990,-2196,7657,861,-8585,7108,-8780,-414,-173,65,7760,-654,-969,0.317693055,2,0.635386109,758044
8,-2877,-606,1085,-6692,-4630,-11253,-982,1266,25,1756,5129,-8659,-814,5931,992,-8728,9223,-9618,-361,-169,52,7825,-634,-979,0.317693055,2,0.635386109,758044
8,-2748,-633,734,-6632,-4014,-11486,-207,1434,250,1968,5251,-8585,-1426,5399,1239,-7179,8862,-9597,-334,-148,25,7834,-570,-929,0.327468216,2,0.654936433,781369
8,-2604,-1036,596,-5861,-3780,-11842,440,1426,449,2131,6102,-8504,-1514,5095,1742,-6505,7010,-9489,-281,-165,8,7807,-442,-923,0.322580636,2,0.645161271,769707
8,-2304,-1258,544,-4898,-3563,-11396,675,1474,577,1866,6768,-8288,-1447,5121,2041,-5009,7691,-8530,-165,-155,12,7818,-281,-1004,0.312805474,2,0.625610948,746382
8,-2162,-834,461,-4269,-3657,-10734,1031,1340,871,1469,6170,-8208,-899,5897,2031,-4447,7499,-8254,-135,-145,26,7752,-219,-1077,0.307917893,2,0.615835786,734720
8,-2029,-118,277,-4174,-3787,-10129,1456,1254,1088,1329,5519,-8468,507,6381,1695,-4528,7226,-7782,-150,-137,41,7718,-198,-1157,0.303030312,2,0.606060624,723058
8,-2020,1111,-58,-4240,-3898,-9947,2013,920,1315,1335,5073,-8684,1042,6395,1471,-3787,7115,-7485,-130,-141,58,7663,-313,-1261,0.317693055,2,0.635386109,758044
8,-2011,1654,-375,-5163,-4080,-9500,2410,752,1400,1222,5191,-8642,877,6458,1614,-3571,7892,-7830,-123,-174,79,7740,-260,-1311,0.317693055,2,0.635386109,758044
8,-2095,1250,-695,-6246,-4019,-9025,2922,698,1444,1252,5372,-8486,351,6400,1935,-2711,8983,-7048,-173,-61,83,7927,-215,-1272,0.317693055,2,0.635386109,758044
8,-2214,453,-770,-6361,-3748,-8496,3299,654,1478,1445,5099,-8536,-981,6731,2280,-2421,9332,-7657,-120,-33,68,7813,-97,-1369,0.322580636,2,0.645161271,769707
8,-2322,-668,-694,-6052,-3939,-8742,3850,787,1537,1668,4883,-8485,-1701,6678,2892,-2130,8116,-7936,-55,-64,68,7671,-70,-1517,0.317693055,2,0.635386109,758044
8,-2284,-1158,-492,-5141,-3884,-8591,4106,762,1528,1595,5213,-8259,-1352,6690,3325,-1498,6903,-8214,-66,-72,82,7637,-78,-1577,0.322580636,2,0.645161271,769707
8,-2140,-1062,-240,-4149,-3866,-8572,4111,790,1497,1543,5385,-8165,-1356,5989,3638,-1289,6798,-8827,-79,-46,94,7611,-204,-1600,0.322580636,2,0.645161271,769707
8,-1915,-353,-153,-3503,-3948,-8918,4059,866,1493,1464,4768,-7798,116,5514,3866,468,6127,-9062,-88,-49,110,7611,-301,-1584,0.312805474,2,0.625610948,746382
8,-1450,1687,-276,-3030,-4063,-9188,4105,726,1517,1234,4427,-7355,2205,5778,3980,707,6315,-9534,-28,-34,106,7693,-411,-1632,0.317693055,2,0.635386109,758044
8,-1077,3367,-690,-3884,-3972,-8712,4322,358,1466,535,4387,-6978,3469,5815,4307,1781,7289,-9294,88,-39,23,7610,-452,-1655,0.322580636,2,0.645161271,769707
8,-551,4178,-1084,-5493,-3674,-7586,4440,-328,1439,212,4573,-6922,3175,5577,4857,1197,8488,-8209,233,-109,-31,7561,-437,-1679,0.322580636,2,0.645161271,769707
8,-244,3973,-1017,-5777,-3403,-6949,4426,-1208,1411,547,4111,-6761,2597,4394,5223,1851,8779,-7350,368,-139,-61,7666,-545,-1735,0.322580636,2,0.645161271,769707
8,133,3542,-961,-5187,-3210,-6216,4352,-1689,1371,989,3711,-6622,2421,3339,5023,1691,7711,-6348,434,-109,-88,7755,-647,-1744,0.322580636,2,0.645161271,769707
8,470,3747,-959,-4783,-3021,-5567,4151,-1966,1243,1538,3805,-6171,3114,1816,4407,1678,6683,-5975,408,-81,-112,7757,-743,-1657,0.322580636,2,0.645161271,769707
8,959,4407,-1246,-5070,-2776,-5085,3738,-1970,997,1725,3916,-5749,3894,-126,3572,1958,7851,-5095,331,-50,-122,7766,-726,-1434,0.312805474,2,0.625610948,746382
8,1400,4704,-1508,-4927,-2430,-4968,3156,-1690,619,1697,3595,-5540,4263,-1144,2800,2883,7958,-4534,347,-17,-129,7807,-722,-1434,0.312805474,2,0.625610948,746382
8,2031,4660,-1846,-4699,-2360,-5557,2710,-1582,436,1492,3320,-5215,3840,-2093,2281,3226,7133,-4760,442,25,-155,7775,-669,-1472,0.317693055,2,0.635386109,758044
8,2587,4533,-2029,-4168,-2200,-5903,2131,-1582,264,786,2863,-4852,3506,-3061,1886,3954,5847,-5101,455,34,-161,7712,-600,-1395,0.381231666,2,0.762463331,909653
8,3136,4497,-2147,-3249,-2106,-5800,1784,-1809,136,235,2640,-4991,3561,-3545,1484,4075,5177,-5411,444,28,-166,7723,-619,-1417,0.317693055,2,0.635386109,758044
8,3725,4402,-2240,-2385,-1901,-5346,1367,-2479,-18,-166,2339,-5567,3208,-4105,950,3385,4739,-4802,437,43,-175,7719,-611,-1445,0.317693055,2,0.635386109,758044
8,3963,4216,-2203,-1827,-1864,-4948,1138,-3044,-101,-141,2082,-5992,2803,-4718,194,2767,3784,-4876,419,36,-187,7672,-599,-1350,0.317693055,2,0.635386109,758044
8,4147,3874,-1951,-893,-1937,-4583,782,-3592,-139,342,2005,-6539,2403,-5203,-242,2102,3136,-5216,355,14,-181,7678,-612,-1330,0.307917893,2,0.615835786,734720
8,4230,3708,-1694,-255,-2032,-4511,517,-3844,-113,749,1994,-6835,2119,-5818,-786,1855,2314,-5504,259,70,-165,7791,-506,-1196,0.371456504,2,0.742913008,886329
8,4222,3597,-1299,558,-2119,-4357,149,-3840,-60,1115,1781,-7136,1862,-6294,-1302,1484,1919,-6026,282,55,-191,7672,-558,-1303,0.322580636,2,0.645161271,769707
8,4187,2898,-1198,760,-2071,-4054,-39,-3699,26,1361,1636,-7304,3292,-6190,-1919,-351,1592,-6128,281,11,-203,7666,-398,-1262,0.332355827,2,0.664711654,793031
8,3917,2685,-643,1690,-2342,-3734,-392,-3257,101,1513,2201,-7013,2398,-6535,-2390,1412,539,-5445,107,-44,-204,7644,-230,-1131,0.327468216,2,0.654936433,781369
8,3785,2593,-386,1892,-2594,-3639,-845,-2787,117,1372,2668,-6969,1788,-7207,-2824,-492,1535,-5339,-38,-96,-170,7719,-111,-1138,0.312805474,2,0.625610948,746382
8,3486,2202,7,1405,-2678,-2873,-1454,-2269,219,1161,2683,-7234,998,-7995,-3205,-949,677,-5377,-115,-100,-131,7757,-107,-1312,0.317693055,2,0.635386109,758044
8,3158,1795,303,1369,-3027,-2470,-1789,-2036,354,1048,2551,-7319,777,-8640,-3167,-1551,73,-5140,-275,-54,-120,7787,-19,-1367,0.312805474,2,0.625610948,746382
8,2803,1680,780,1462,-3499,-2366,-2046,-1620,439,871,2505,-7364,1085,-9048,-2949,-1772,-277,-4373,-443,-57,-97,7757,-10,-1404,0.312805474,2,0.625610948,746382
8,2437,1665,1173,1126,-3702,-2222,-2353,-1111,530,327,2809,-7376,1068,-9233,-2445,-2357,136,-4005,-471,-49,-68,7796,-112,-1458,0.312805474,2,0.625610948,746382
8,1924,1584,1691,809,-3756,-1526,-2594,-886,550,156,3110,-7482,1067,-9383,-1855,-2823,515,-3993,-459,50,-61,7861,-347,-1441,0.322580636,2,0.645161271,769707
8,1474,1171,2012,252,-4120,-1376,-2791,-641,561,291,3041,-7693,727,-9274,-1055,-2440,557,-3301,-436,143,-68,7781,-591,-1333,0.312805474,2,0.625610948,746382
8,914,78,2266,-397,-4147,-1464,-2978,-356,556,413,3205,-7675,-166,-8608,-14,-2505,877,-2251,-373,141,-85,7744,-695,-1252,0.317693055,2,0.635386109,758044
8,492,-909,2560,-669,-4232,-1628,-3306,285,429,113,3843,-7552,-1771,-7877,745,-2892,1364,-1469,-326,115,-96,7784,-731,-1172,0.317693055,2,0.635386109,758044
8,44,-1911,2804,-1048,-4548,-1270,-3632,642,254,-293,4210,-7753,-2503,-7233,1528,-3472,1378,-574,-206,96,-113,7790,-708,-1173,0.322580636,2,0.645161271,769707
8,-502,-2924,2932,-2053,-5009,-729,-4088,1017,-16,-564,4081,-8256,-2879,-6501,2226,-4148,1961,-232,-89,86,-131,7755,-702,-1177,0.322580636,2,0.645161271,769707
8,-929,-3350,2902,-2655,-5208,-988,-4307,1337,-212,-474,3480,-8613,-3082,-6572,2875,-4589,2609,-43,-33,100,-163,7745,-569,-1208,0.322580636,2,0.645161271,769707
8,-1438,-3865,2757,-3110,-5756,-3672,-4438,2216,-381,-224,3087,-8491,-3174,-6143,3159,-3527,2619,639,73,84,-193,7683,-428,-1283,0.317693055,2,0.635386109,758044
8,-1798,-4315,2798,-2462,-6053,-5309,-4533,2796,-567,-510,2850,-8513,-2988,-3305,3393,-2860,3375,1170,96,58,-202,7681,-269,-1299,0.307917893,2,0.615835786,734720
8,-2267,-4551,2715,-1918,-6394,-5548,-4226,3286,-829,-1182,2995,-8609,-2830,-817,3306,-4994,4885,804,95,47,-184,7695,-215,-1293,0.322580636,2,0.645161271,769707
8,-2508,-4412,2506,-1946,-6396,-4908,-3798,3178,-1015,-1438,3314,-8869,-3490,192,2922,-6666,5058,-845,65,47,-176,7748,-181,-1209,0.327468216,2,0.654936433,781369
8,-2930,-4168,2195,-2469,-5857,-5035,-3263,2862,-1185,-1343,3746,-9049,-3826,-32,2263,-6488,4754,-999,0,76,-160,7836,-144,-1183,0.322580636,2,0.645161271,769707
8,-3095,-4122,1908,-2558,-6073,-6444,-2884,2447,-1262,-1001,3957,-9156,-3338,933,2198,-5374,4696,-1170,-120,91,-153,7813,-48,-1093,0.322580636,2,0.645161271,769707
8,-3235,-3705,1543,-3374,-5586,-8143,-2426,2132,-1193,-144,4153,-8930,-3237,2638,2025,-5762,6742,-1657,-180,97,-153,7759,-25,-1065,0.317693055,2,0.635386109,758044
8,-3334,-3522,1249,-4338,-5515,-8846,-2212,2140,-1130,455,4288,-8799,-3593,3503,1755,-6912,7754,-3434,-184,89,-153,7736,-5,-1026,0.317693055,2,0.635386109,758044
8,-3314,-3510,854,-4568,-4939,-9373,-1889,2055,-1088,749,4213,-8734,-3925,3795,1723,-6800,7599,-5486,-178,74,-151,7730,-75,-1000,0.312805474,2,0.625610948,746382
8,-3237,-3431,646,-4170,-4512,-9830,-1523,1965,-1062,1038,4315,-8626,-3752,4040,1688,-6560,7114,-6412,-162,55,-145,7762,-103,-986,0.317693055,2,0.635386109,758044
8,-3207,-3146,346,-4171,-3877,-10390,-1024,1775,-906,1766,4931,-8357,-2828,4215,1490,-6594,6582,-6886,-159,54,-137,7843,-109,-991,0.312805474,2,0.625610948,746382
8,-3100,-2512,63,-3298,-3355,-10610,-659,1779,-727,2093,5350,-8426,-2225,4170,1270,-5860,6721,-7191,-134,52,-120,7850,-18,-911,0.312805474,2,0.625610948,746382
8,-3136,-1837,-19,-3896,-3103,-11349,-338,1902,-449,1950,5691,-8647,-1493,4493,1005,-5279,6993,-7493,-91,58,-111,7859,1,-959,0.317693055,2,0.635386109,758044
8,-3030,-1608,-58,-3599,-3459,-11612,-7,1833,-44,1883,5803,-8820,-1497,5136,911,-4994,7207,-8049,-21,103,-126,7888,-28,-1111,0.332355827,2,0.664711654,793031
8,-2902,-1325,-86,-3626,-3549,-11571,267,1854,230,1644,5581,-8688,-1552,6088,1012,-5278,6678,-8840,46,175,-117,7858,-86,-1139,0.322580636,2,0.645161271,769707
8,-2780,-1181,-24,-3876,-3903,-11248,756,1860,472,1169,5483,-8772,-1111,6266,1108,-5725,5854,-9534,125,232,-106,7815,-167,-1124,0.312805474,2,0.625610948,746382
8,-2668,-1137,95,-3232,-4253,-11110,1080,1674,614,939,5435,-8791,-542,6082,556,-5461,5624,-9322,171,233,-93,7741,-218,-1060,0.312805474,2,0.625610948,746382
8,-2370,-573,131,-2526,-4300,-11509,1449,1444,819,808,4855,-8594,-541,6334,846,-3610,6366,-9279,240,218,-91,7728,-332,-1030,0.322580636,2,0.645161271,769707
8,-2064,-408,102,-3148,-4432,-11459,1810,1143,997,512,4588,-8475,-1204,7348,1603,-4502,6873,-9763,322,196,-109,7744,-429,-1042,0.317693055,2,0.635386109,758044
8,-1691,-615,85,-3632,-4773,-10446,2341,665,1216,90,4282,-8717,-1668,6697,1887,-5351,6952,-10632,399,189,-151,7761,-556,-1059,0.317693055,2,0.635386109,758044
8,-1374,-581,-9,-3850,-5125,-9984,2775,246,1322,-102,4058,-8836,-1611,5854,2237,-4717,7380,-10220,477,176,-203,7788,-574,-1037,0.322580636,2,0.645161271,769707
8,-1027,-533,-282,-4715,-5092,-9871,3346,-244,1323,228,3801,-8733,-1710,5281,2527,-4230,7922,-9454,581,132,-238,7769,-486,-995,0.312805474,2,0.625610948,746382
8,-783,-440,-280,-4584,-5093,-9878,3716,-506,1306,371,3833,-8549,-1166,4807,2781,-2805,8352,-9471,691,110,-285,7714,-342,-996,0.317693055,2,0.635386109,758044
8,-468,308,-283,-4172,-4982,-9834,4030,-769,1224,198,3998,-8317,-166,5138,3050,-1954,7674,-8750,771,96,-307,7670,-210,-1020,0.317693055,2,0.635386109,758044
8,-175,1096,-420,-4306,-4906,-9840,4146,-852,1170,-16,4024,-8084,611,5205,3631,-1261,7423,-8948,849,78,-318,7727,-40,-1070,0.327468216,2,0.654936433,781369
8,337,1898,-589,-4599,-4707,-8871,4161,-1145,1082,-431,4043,-7673,1280,4963,4009,-728,7965,-8513,856,90,-341,7841,143,-1043,0.317693055,2,0.635386109,758044
8,822,2567,-962,-4986,-5025,-7850,4088,-1508,932,-590,4052,-7263,2047,4185,4352,-202,8584,-7549,830,98,-360,7757,218,-1004,0.317693055,2,0.635386109,758044
8,1332,3467,-1401,-5360,-4482,-6468,3944,-1876,683,-417,3428,-7229,3523,6273,5039,2513,8483,-5184,825,75,-370,7695,322,-979,0.317693055,2,0.635386109,758044
8,1542,3980,-1752,-5581,-3444,-5622,3857,-2036,488,-112,3017,-7239,3543,5361,5033,646,8936,-4817,772,42,-361,7702,437,-965,0.322580636,2,0.645161271,769707
8,1661,4127,-2172,-5667,-3556,-4138,3813,-2346,244,446,2915,-7036,4078,4161,5124,426,7753,-4233,693,35,-331,7788,513,-991,0.322580636,2,0.645161271,769707
8,1644,3710,-2379,-5714,-2908,-2793,3682,-2468,8,723,3402,-6775,3920,2280,4672,-721,7696,-2840,598,58,-304,7820,621,-958,0.322580636,2,0.645161271,769707
8,1504,3349,-2292,-4602,-2584,-1408,3225,-2208,-360,1201,3972,-6392,3779,1721,4152,-61,7092,-1254,490,74,-284,7777,606,-941,0.322580636,2,0.645161271,769707
8,1302,2978,-2445,-4413,-2265,-1716,2728,-1796,-646,1675,3969,-6196,3525,479,3228,13,6584,-2000,486,78,-268,7817,568,-979,0.312805474,2,0.625610948,746382
8,1234,2720,-2384,-3676,-1884,-2420,2148,-1179,-819,2039,3813,-5945,3055,-1376,2134,772,5707,-4281,453,125,-263,7825,515,-973,0.317693055,2,0.635386109,758044
8,1618,2503,-2189,-2134,-2064,-4053,1478,-419,-871,1890,3730,-5257,2806,-2668,1216,1957,4526,-5155,379,124,-259,7767,529,-872,0.312805474,2,0.625610948,746382
8,1900,2555,-2135,-1331,-1763,-4843,1011,-93,-821,1397,3662,-4947,2763,-3381,764,2594,3288,-6030,294,131,-240,7783,549,-807,0.312805474,2,0.625610948,746382
8,2344,3124,-2060,-638,-2032,-5353,454,-65,-640,590,3567,-4877,2679,-4354,576,2803,2033,-6142,262,126,-223,7789,517,-775,0.317693055,2,0.635386109,758044
8,2756,3645,-1912,-351,-2226,-5370,18,-336,-486,-22,3289,-5037,2687,-5121,350,2280,2358,-6283,267,132,-205,7885,515,-804,0.317693055,2,0.635386109,758044
8,3304,3833,-1535,2,-2279,-4788,-435,-1180,-287,-676,3173,-5311,2358,-5712,32,2383,2234,-6264,167,172,-197,7962,510,-760,0.317693055,2,0.635386109,758044
8,3618,3788,-1183,104,-2314,-4366,-714,-1998,-134,-960,2998,-5718,1897,-6315,-367,1320,2542,-6156,40,202,-163,7952,528,-651,0.312805474,2,0.625610948,746382
8,3798,2677,-663,-2455,-2074,-3031,-1024,-3010,163,-616,2888,-6214,2250,-6673,-1061,297,1372,-7108,-30,256,-141,7967,490,-596,0.322580636,2,0.645161271,769707
8,3804,1907,-45,425,-3234,-3367,-1321,-3440,373,-183,2866,-6316,2226,-7282,-1443,-53,2586,-6299,-84,283,-128,7885,458,-555,0.327468216,2,0.654936433,781369
8,3725,1915,466,877,-3804,-2887,-1741,-3472,487,79,2983,-6568,1496,-8331,-1861,-1383,2628,-5567,-81,298,-102,7888,351,-612,0.317693055,2,0.635386109,758044
8,3592,2193,682,581,-4005,-2215,-2046,-3268,461,22,3360,-6801,808,-9261,-1794,-1498,2164,-5264,-5,299,-120,7776,234,-675,0.366568923,2,0.733137846,874667
8,3370,2160,926,-293,-3953,-999,-2388,-2796,367,110,3772,-7185,558,-9847,-1432,-3223,2255,-4807,28,273,-140,7718,218,-699,0.317693055,2,0.635386109,758044
8,2892,1769,1052,-890,-4046,-90,-2593,-2086,435,589,3731,-7432,16,-10711,-893,-4189,2274,-3532,161,242,-166,7675,214,-822,0.317693055,2,0.635386109,758044
8,2259,1166,1279,-716,-4427,540,-2865,-1026,643,1091,3474,-7738,113,-10963,-525,-3614,2098,-2607,240,146,-214,7627,343,-754,0.317693055,2,0.635386109,758044
8,1175,341,1531,-690,-4617,1539,-3051,-178,605,864,3701,-7857,465,-9718,631,-3098,2246,-1185,212,68,-260,7655,639,-668,0.312805474,2,0.625610948,746382
8,239,-316,1507,-928,-4795,1860,-3355,985,319,-12,4729,-8101,-341,-8154,1299,-3766,3073,377,156,-22,-280,7891,1044,-630,0.317693055,2,0.635386109,758044
8,-758,-1236,1882,-700,-5481,-177,-3832,1788,-25,-756,4852,-8360,-1153,-8526,1285,-5247,3544,-623,51,159,-242,8108,1231,-536,0.312805474,2,0.625610948,746382
8,-1128,-2171,2159,-733,-6001,-1509,-4297,2495,-392,-1400,3890,-8632,-3028,-9065,1124,-3921,2319,-857,-37,217,-175,7782,1179,-626,0.307917893,2,0.615835786,734720
8,-1713,-2902,2446,-1290,-6610,-2271,-4413,3011,-674,-1926,2811,-8762,-2828,-7666,1558,-2669,3163,-1469,-122,137,-159,7671,1068,-560,0.322580636,2,0.645161271,769707
8,-2164,-3155,2299,-2510,-6186,-2799,-4257,3250,-828,-2103,2912,-8699,-3047,-6010,1847,-4088,5270,-2637,-272,119,-72,7746,864,-365,0.312805474,2,0.625610948,746382
8,-2800,-4071,2177,-2662,-6437,-4051,-3888,3454,-1051,-2190,2674,-8957,-4295,-6692,2298,-4774,5224,-2252,-377,76,-7,7785,711,-300,0.332355827,2,0.664711654,793031
8,-3123,-4512,2053,-3727,-6484,-5093,-3463,3318,-1145,-1971,2800,-8833,-5021,-5726,3108,-2805,5496,-119,-406,85,-14,7961,594,-249,0.312805474,2,0.625610948,746382
8,-3239,-5208,1923,-3242,-6457,-6890,-3015,2963,-1416,-1473,3506,-8596,-4991,-2168,3316,-3385,5222,1101,-395,147,-12,7922,540,-288,0.317693055,2,0.635386109,758044
8,-3382,-5441,1840,-2483,-5777,-7257,-2722,2690,-1598,-1125,3883,-8689,-4635,127,2438,-5314,5353,885,-369,149,-21,7912,558,-221,0.312805474,2,0.625610948,746382
8,-3585,-4779,1616,-1479,-5236,-8050,-2264,2120,-1544,-452,3846,-8930,-3808,1319,1368,-5632,4604,-686,-388,92,7,7781,520,-172,0.317693055,2,0.635386109,758044
8,-3590,-3783,1287,-1901,-5015,-9386,-1839,1741,-1387,235,3581,-9243,-2824,2697,885,-6401,5385,-2133,-341,51,8,7785,469,-209,0.317693055,2,0.635386109,758044
8,-3459,-2930,715,-3202,-4338,-10746,-1339,1425,-1205,1079,3939,-9199,-2641,3652,694,-5956,8012,-4478,-238,22,4,7827,466,-332,0.317693055,2,0.635386109,758044
8,-3517,-2614,355,-3565,-3720,-11110,-1032,1465,-1011,1543,4437,-8914,-3242,5020,525,-6629,7389,-5941,-167,21,-8,7900,540,-350,0.317693055,2,0.635386109,758044
8,-3500,-2407,75,-4218,-3417,-12071,-566,1651,-546,2020,5105,-8754,-3052,5523,620,-6978,6004,-7098,-183,12,-6,7873,654,-309,0.322580636,2,0.645161271,769707
8,-3274,-2225,101,-4210,-3471,-12936,-256,1701,-165,2150,5586,-9019,-2194,6077,735,-6663,6523,-7336,-152,22,-21,7874,727,-207,0.322580636,2,0.645161271,769707
8,-3048,-1986,195,-3798,-3374,-12583,196,1673,312,1873,5717,-9359,-1859,7127,315,-6070,7111,-7715,-77,27,-13,7803,747,-211,0.327468216,2,0.654936433,781369
8,-2854,-1584,133,-3387,-3546,-12119,646,1649,539,1594,5842,-9440,-1566,7646,454,-5527,6457,-8336,-73,-11,39,7763,790,-181,0.317693055,2,0.635386109,758044
8,-2784,-1237,83,-2974,-3581,-11776,1063,1548,759,1501,5701,-9635,-917,8340,371,-5660,5892,-8716,-132,-44,46,7837,861,-95,0.312805474,2,0.625610948,746382
8,-2724,-504,5,-2996,-4044,-11090,1257,1451,969,1301,5358,-9623,-169,8182,473,-5404,5232,-8747,-77,-104,15,7833,908,-89,0.312805474,2,0.625610948,746382
8,-2542,-97,-19,-3073,-4273,-10813,1600,1449,1247,800,5071,-9338,262,8547,781,-4332,5923,-8153,-52,-117,16,7964,956,-255,0.322580636,2,0.645161271,769707
8,-2683,92,-17,-3630,-4250,-9047,1905,1412,1413,430,4995,-9212,-239,9063,548,-4666,6647,-7858,-99,-121,24,7948,1149,-282,0.327468216,2,0.654936433,781369
8,-2853,-214,110,-3848,-4316,-8110,2420,1368,1537,238,4940,-9292,-1291,8629,1046,-3853,6105,-8928,-279,-116,52,7963,1240,-296,0.376344085,2,0.752688169,897991
8,-3060,-1008,348,-3903,-4107,-7429,2755,1322,1611,522,4964,-9205,-1737,7996,1677,-3823,5715,-7590,-297,-82,71,7979,1315,-391,0.332355827,2,0.664711654,793031
8,-3213,-1587,517,-3753,-3695,-7341,2947,1245,1687,805,5083,-9181,-2058,7438,1877,-2721,7073,-7120,-307,-36,110,7900,1320,-596,0.317693055,2,0.635386109,758044
8,-3409,-1751,675,-4347,-3162,-7584,2922,1382,1809,1271,4658,-8843,-2535,7142,2296,-1803,7396,-7045,-330,-4,140,7771,1047,-843,0.34701857,2,0.694037139,828018
8,-3406,-1594,719,-4652,-3182,-8137,2955,1684,1889,1553,4303,-8465,-2500,7190,2930,-1208,7052,-7025,-320,19,174,7699,540,-907,0.317693055,2,0.635386109,758044
8,-3408,-1151,785,-4766,-2700,-8689,3167,2054,1929,1827,4160,-8318,-1785,6828,3218,-388,7325,-8271,-218,11,157,7710,150,-891,0.312805474,2,0.625610948,746382
8,-3320,-483,910,-4497,-2388,-9624,3357,2149,2018,2089,4180,-8165,-752,6216,3475,821,7852,-9251,-81,-10,121,7736,-135,-870,0.317693055,2,0.635386109,758044
8,-2881,686,766,-4706,-2438,-10891,3644,1773,2230,1810,4563,-7511,11,5813,3583,1474,7856,-10530,129,-30,54,7707,-79,-809,0.312805474,2,0.625610948,746382
8,-2264,1455,758,-5020,-2521,-11344,3713,1286,2348,1495,4752,-7173,1095,5339,3979,2289,8188,-11514,331,-66,-2,7742,115,-656,0.317693055,2,0.635386109,758044
8,-1387,2494,647,-5123,-2477,-11058,3697,422,2458,1262,3955,-7116,2020,4709,4734,2560,7145,-10808,401,-117,-17,7868,478,-557,0.381231666,2,0.762463331,909653
8,-751,3233,461,-5150,-2382,-10539,3817,-329,2570,1262,3312,-7364,3237,4514,4956,3139,9766,-10541,413,-87,-20,8100,709,-452,0.307917893,2,0.615835786,734720
8,3,4309,146,-5751,-2762,-9766,3982,-1196,2723,1319,2814,-7284,3613,5027,4878,4346,10177,-8729,434,-42,-14,7999,822,-476,0.312805474,2,0.625610948,746382
8,623,4800,-115,-6501,-2734,-9269,4075,-1473,2670,1396,2690,-7055,3535,4157,4807,4044,10707,-7607,394,-30,6,7846,814,-597,0.381231666,2,0.762463331,909653
8,1113,4618,-386,-6896,-2382,-8413,3977,-1843,2454,1229,2498,-6534,2923,3547,5400,4929,10863,-6282,376,-14,28,7829,692,-609,0.317693055,2,0.635386109,758044
8,1794,3804,-637,-6867,-2598,-7227,3764,-2028,2248,1089,2446,-6007,2392,2834,4605,3274,8877,-4900,377,8,41,7826,637,-471,0.317693055,2,0.635386109,758044
8,2228,2900,-753,-6698,-2308,-5977,3344,-2149,1981,828,2398,-5266,1659,1096,4634,3395,8112,-4171,318,4,51,7877,699,-508,0.351906151,2,0.703812301,839680
8,3037,2546,-1008,-4980,-1911,-4674,2939,-2283,1748,581,2441,-4507,1323,-378,4602,3030,6202,-4057,303,1,66,7789,726,-464,0.317693055,2,0.635386109,758044
8,3603,2757,-1351,-3766,-1336,-3776,2211,-2418,1319,148,1900,-4179,1574,-1979,4202,2548,5648,-3659,272,-42,63,7771,725,-445,0.317693055,2,0.635386109,758044
8,4119,3316,-1762,-2232,-1049,-2556,1694,-2696,1060,-122,1412,-4183,2255,-3403,3410,1882,4144,-3298,206,-34,93,7833,743,-359,0.337243408,2,0.674486816,804693
8,4509,3846,-2056,-1075,-704,-2070,972,-3446,834,-342,1061,-4393,2445,-4626,2414,946,2745,-2885,192,20,112,7826,621,-392,0.317693055,2,0.635386109,758044
8,4876,4789,-2450,-300,-315,-1824,440,-3975,685,-401,914,-4577,2587,-6485,1945,558,1755,-3207,146,-2,98,7720,444,-315,0.322580636,2,0.645161271,769707
8,5047,5436,-2564,528,-207,-1675,-194,-4511,609,37,842,-4724,2846,-8016,902,907,475,-4578,80,-73,115,7860,389,-228,0.322580636,2,0.645161271,769707
8,5167,6249,-2473,1070,-499,-2058,-540,-4711,663,563,989,-4858,2421,-9582,421,640,117,-4474,21,-26,110,8045,376,-374,0.327468216,2,0.654936433,781369
8,5239,6755,-2080,1804,-969,-2290,-895,-4623,795,1041,1597,-5060,2027,-10834,194,390,-975,-5471,-16,-8,84,7802,468,-340,0.322580636,2,0.645161271,769707
8,5286,7179,-1187,-142,-925,-1447,-1502,-4379,1005,937,2114,-5527,3613,-10779,-517,1618,-5061,-5911,-119,-62,99,7855,526,-357,0.327468216,2,0.654936433,781369
8,5188,6203,-281,2207,-1271,-740,-2000,-4108,1127,857,2828,-5717,3331,-11761,-860,-1551,-372,-5100,-256,-7,109,7884,812,-237,0.327468216,2,0.654936433,781369
8,4726,5194,990,2337,-1830,77,-2707,-3430,1195,994,3224,-6196,2066,-12818,-896,-3368,1059,-3706,-300,47,131,7907,485,-312,0.317693055,2,0.635386109,758044
8,4165,3999,1778,1475,-2194,1374,-3271,-2792,1211,1217,3367,-6662,986,-13036,-1176,-3237,530,-3023,-377,0,141,7736,401,-254,0.322580636,2,0.645161271,769707
8,2935,2100,2574,913,-2858,2512,-3911,-1816,1180,1462,3416,-7592,755,-13143,-1369,-3072,1214,-2593,-532,-36,153,7899,221,-213,0.327468216,2,0.654936433,781369
8,2017,610,3006,1037,-3582,2714,-4435,-631,1094,1537,3704,-8035,240,-13384,-661,-2285,1965,-2273,-550,-62,131,7888,226,-247,0.337243408,2,0.674486816,804693
8,994,-584,2977,286,-4598,2446,-5250,1336,709,1068,4560,-8277,-854,-12809,266,-2669,2562,-1024,-523,-82,125,7895,209,-443,0.327468216,2,0.654936433,781369
8,325,-1265,3207,89,-5304,170,-5862,2645,190,-23,4474,-8737,-3276,-12458,862,-2830,2602,-877,-553,-46,131,7887,183,-509,0.317693055,2,0.635386109,758044
8,-32,-1906,3352,-1644,-6132,-1873,-6323,3767,-544,-1572,3162,-9382,-4644,-11078,659,-999,2324,-698,-567,-18,149,7867,145,-495,0.312805474,2,0.625610948,746382
8,-554,-3391,3757,-3591,-6038,-4155,-6266,3936,-913,-1887,2394,-9145,-5111,-8131,1613,816,3180,-773,-586,-15,153,7846,104,-458,0.312805474,2,0.625610948,746382
8,-968,-4563,3701,-5081,-5988,-4856,-5975,3730,-1321,-2096,3079,-8709,-4414,-5755,2925,-935,5011,190,-566,-8,144,7827,87,-424,0.312805474,2,0.625610948,746382
8,-1458,-6179,3468,-5373,-6751,-5013,-5746,3147,-1605,-2144,3157,-9253,-4628,-3355,3924,-3864,6444,2067,-492,-47,120,7827,116,-464,0.303030312,2,0.606060624,723058
8,-1724,-6791,3287,-4237,-7323,-5743,-5044,2277,-1749,-1415,2732,-9855,-5376,-1412,3710,-4922,7257,488,-402,-75,114,7802,31,-562,0.312805474,2,0.625610948,746382
8,-2027,-6623,2915,-3419,-6773,-6562,-4437,1625,-1869,-471,3194,-9936,-5156,-455,2924,-5757,6148,-1008,-329,-87,82,7818,-11,-585,0.317693055,2,0.635386109,758044
8,-2414,-6289,2606,-2469,-5917,-6966,-3945,1277,-2004,473,4637,-10060,-4422,149,2406,-5275,6027,-895,-300,-88,75,7935,130,-509,0.327468216,2,0.654936433,781369
8,-2841,-5533,2172,-2607,-5029,-8216,-3724,1236,-1916,1215,5119,-10325,-4697,1558,2431,-4830,5293,-1179,-314,-79,104,7867,225,-463,0.312805474,2,0.625610948,746382
8,-3129,-5037,1941,-3132,-4520,-9158,-3320,1528,-1555,2468,4677,-10441,-4195,3412,2121,-5512,6537,-3414,-276,-106,88,7790,229,-454,0.312805474,2,0.625610948,746382
8,-3521,-4412,1745,-3330,-4336,-9990,-3058,2220,-1290,2780,4579,-10332,-3756,4304,1555,-6391,6623,-5000,-235,-139,74,7774,174,-511,0.312805474,2,0.625610948,746382
8,-3763,-3788,1381,-3190,-4369,-10375,-2593,2861,-1152,2153,5132,-10063,-3203,4598,1112,-6248,7055,-6327,-184,-129,81,7809,159,-566,0.312805474,2,0.625610948,746382
8,-4011,-2829,1040,-4348,-2867,-11605,-2100,3000,-1031,2346,5728,-10302,-3027,5115,706,-5526,7313,-6956,-163,-111,119,7897,193,-554,0.312805474,2,0.625610948,746382
8,-4282,-2543,977,-4529,-2722,-12485,-1649,3030,-772,2163,5350,-9804,-2433,6160,695,-5801,6636,-8838,-158,-98,125,7875,205,-517,0.361681342,2,0.723362684,863004
8,-4228,-1743,560,-3977,-2708,-12611,-592,3213,-174,3400,4527,-9672,-1627,6006,779,-6244,6551,-9791,-162,-95,109,7820,287,-478,0.317693055,2,0.635386109,758044
8,-4171,-1268,313,-3872,-2429,-12983,141,3152,226,2786,5406,-9432,-1042,6134,778,-4826,6803,-10024,-156,-108,98,7816,369,-487,0.317693055,2,0.635386109,758044
8,-4132,-1043,245,-3665,-1991,-13493,672,2978,522,2170,5712,-9424,-1186,7421,529,-4446,6836,-10441,-177,-111,118,7897,426,-524,0.381231666,2,0.762463331,909653
8,-4005,-595,270,-3555,-2929,-13772,1254,2627,884,1883,5840,-9058,-771,8104,-234,-5030,6440,-12537,-160,-91,132,7818,364,-561,0.312805474,2,0.625610948,746382
8,-3690,-29,363,-3143,-3066,-13469,1785,1687,1335,1493,5944,-8782,-973,7951,422,-3071,6860,-11930,-126,-131,134,7773,287,-622,0.322580636,2,0.645161271,769707
8,-3374,421,271,-3615,-3352,-13171,2109,1266,1552,1452,5594,-8751,-1233,9069,808,-5138,6651,-12847,-110,-141,142,7766,263,-661,0.410557181,2,0.821114361,979627
8,-3066,583,200,-3480,-3570,-13153,2779,953,1766,1653,5280,-8841,-803,7772,720,-4896,6288,-12724,-108,-153,140,7779,284,-689,0.322580636,2,0.645161271,769707
8,-2687,1015,97,-3562,-3426,-12590,3312,680,1966,1799,5370,-8908,-336,7274,1140,-3697,5855,-12669,-128,-140,137,7811,236,-651,0.317693055,2,0.635386109,758044
8,-2378,1270,-10,-4181,-3533,-11665,3850,211,2196,1700,5775,-9061,246,6601,1680,-3610,6751,-11611,-134,-156,137,7831,202,-705,0.395894438,2,0.791788876,944640
8,-2078,1179,-64,-5497,-3153,-10427,4058,-30,2338,1717,5557,-8855,-182,5679,2131,-3083,7965,-10996,-132,-140,133,7865,154,-780,0.312805474,2,0.625610948,746382
8,-1868,659,141,-5469,-3137,-10315,4322,-177,2554,2134,5097,-8354,-160,4970,2543,-2115,8342,-10361,-55,-124,126,7843,114,-840,0.317693055,2,0.635386109,758044
8,-1377,649,353,-5046,-3479,-10710,4455,-141,2678,2130,5191,-7846,-117,6193,2928,901,8239,-8861,-8,-90,118,7857,63,-896,0.34701857,2,0.694037139,828018
8,-956,1185,312,-5029,-3436,-10759,4473,-137,2583,1585,5281,-7228,829,6993,4161,501,8723,-9706,260,-85,127,7744,-49,-863,0.332355827,2,0.664711654,793031
8,-365,2129,5,-5992,-3156,-9446,4411,-358,2419,1236,4688,-6797,1372,7215,4594,1091,9351,-8152,48,-100,116,7782,-146,-871,0.342130989,2,0.684261978,816356
8,-53,2379,-202,-6446,-3169,-7711,4451,-669,2221,987,3619,-6822,1157,6503,5495,437,8858,-6868,171,-77,112,7903,-196,-908,0.332355827,2,0.664711654,793031
8,187,2179,-306,-6005,-2935,-6414,4550,-937,2134,1007,3410,-6716,958,5582,5872,657,7745,-6239,319,-11,86,7935,-205,-977,0.317693055,2,0.635386109,758044
8,460,2117,-254,-4872,-2792,-5899,4509,-1284,1963,1047,3584,-6155,967,4420,6161,1455,6388,-5995,381,3,34,7782,-198,-961,0.317693055,2,0.635386109,758044
8,936,2733,-321,-3822,-2575,-5443,4301,-1563,1830,1056,3679,-5416,1910,3425,5910,1988,6316,-5874,432,-62,-2,7699,-145,-906,0.332355827,2,0.664711654,793031
8,1447,3388,-474,-3561,-2156,-4789,3691,-1888,1560,890,3446,-4664,2662,2773,5517,2674,6553,-4873,430,-120,-36,7718,-126,-943,0.317693055,2,0.635386109,758044
8,2001,3573,-852,-4537,-1879,-4239,3206,-1982,1280,809,2633,-4381,2689,1266,4760,2215,6867,-4087,427,-119,-66,7753,-11,-881,0.317693055,2,0.635386109,758044
8,2415,3337,-933,-3978,-1656,-4201,2759,-2196,939,811,2070,-4288,2370,-102,4098,2747,6353,-3986,403,-115,-65,7748,116,-812,0.317693055,2,0.635386109,758044
8,2923,3146,-1102,-3414,-1413,-4308,2427,-2503,761,746,2225,-4137,1700,-1513,3382,3233,5805,-4347,375,-115,-37,7724,142,-815,0.322580636,2,0.645161271,769707
8,3623,2927,-1299,-2716,-1352,-4515,1839,-2685,544,583,2267,-4045,1500,-2267,2919,3883,4340,-4853,344,-72,-17,7764,105,-810,0.312805474,2,0.625610948,746382
8,4294,2882,-1261,-1673,-1038,-4509,1016,-2902,244,284,1939,-4337,1496,-3141,1959,3226,3383,-4685,287,-111,-14,7755,89,-669,0.317693055,2,0.635386109,758044
8,4923,2801,-1217,-1063,-727,-4130,491,-3196,129,138,1646,-4638,767,-4387,1117,2797,2735,-5046,97,-106,19,7830,-47,-626,0.312805474,2,0.625610948,746382
8,5237,2666,-1212,-159,-731,-4275,-82,-3786,168,-3,1681,-4978,311,-5755,107,2408,2327,-5438,-51,-111,36,7870,-94,-508,0.317693055,2,0.635386109,758044
8,5590,2809,-1205,263,-1000,-4391,-566,-4166,246,-109,1968,-5195,142,-6817,-452,2830,1556,-5978,-103,-74,38,7917,-178,-477,0.317693055,2,0.635386109,758044
8,5887,3190,-1130,229,-1182,-4344,-1241,-4640,368,-387,2453,-5339,54,-7642,-1159,2986,1706,-5429,-157,-87,18,7760,-244,-459,0.312805474,2,0.625610948,746382
8,6254,3382,-838,25,-1540,-3627,-1760,-4870,367,-557,2601,-5786,-143,-8433,-1711,2180,1875,-4896,-315,-119,39,7874,-139,-327,0.312805474,2,0.625610948,746382
8,6312,3230,-454,-407,-1515,-2956,-2208,-5122,426,-533,2492,-6789,1510,-8374,-2724,3226,-43,-5518,-308,-146,50,7839,-201,-433,0.317693055,2,0.635386109,758044
8,6121,1949,286,-645,-1622,-1023,-2414,-5181,568,-234,2394,-7350,440,-9660,-2771,-635,448,-4180,-324,-146,62,7940,-270,-435,0.317693055,2,0.635386109,758044
8,5774,1820,747,371,-2935,-1081,-2719,-4853,825,272,2670,-7499,281,-10154,-2823,-1256,2527,-3958,-380,-58,103,8021,-314,-432,0.322580636,2,0.645161271,769707
8,5312,1746,1251,473,-3223,-238,-3049,-4369,926,506,3668,-7376,-861,-11207,-2975,-1781,1897,-3608,-467,-14,116,8018,-177,-413,0.322580636,2,0.645161271,769707
8,4771,1414,1604,-277,-3568,203,-3804,-3349,888,544,4044,-7705,-376,-11123,-3092,-2414,1792,-2627,-480,-3,113,7965,-11,-423,0.327468216,2,0.654936433,781369
8,3705,763,1854,-353,-4117,1212,-4236,-2319,936,767,3193,-8459,-376,-11596,-2754,-3350,2301,-1722,-459,13,124,7915,62,-581,0.322580636,2,0.645161271,769707
8,2680,321,1841,-706,-4448,1900,-4266,-791,1113,1276,2801,-9042,-159,-12024,-1657,-3999,1454,-1875,-509,35,152,7909,30,-706,0.312805474,2,0.625610948,746382
8,1374,81,2040,92,-5179,2257,-4332,318,1082,1163,3847,-9064,-49,-12412,-585,-3571,1878,-1285,-608,81,174,7932,15,-743,0.322580636,2,0.645161271,769707
8,396,251,2240,-270,-5340,1831,-4796,1831,666,109,5883,-9485,-460,-11958,-9,-3426,1938,961,-602,122,166,7956,0,-837,0.327468216,2,0.654936433,781369
8,-371,-141,2419,-1089,-5645,884,-5372,2869,258,-792,5170,-10439,-1189,-10549,1271,-3392,3807,786,-448,104,139,7821,-155,-1086,0.317693055,2,0.635386109,758044
8,-1343,-1368,2983,-1465,-6403,-1959,-5610,4031,-40,-1207,2734,-10354,-3601,-9206,908,-3494,3384,2,-375,89,107,7691,-328,-1065,0.322580636,2,0.645161271,769707
8,-2168,-2723,3491,-2342,-6363,-3853,-5390,4463,-162,-1544,2556,-9591,-5003,-7955,1054,-2525,2186,-162,-371,62,52,7610,-348,-956,0.4056696,2,0.8113392,967965
8,-2875,-4328,3265,-3815,-6215,-6075,-5037,4353,-333,-1919,3896,-8928,-3569,-5091,2800,-2150,1583,224,-322,22,20,7596,-218,-824,0.332355827,2,0.664711654,793031
8,-2966,-4628,2860,-2718,-6657,-7284,-4684,3993,-527,-2446,4626,-9071,-1765,-2483,3218,-3280,4378,1180,-283,-60,47,7658,-73,-819,0.332355827,2,0.664711654,793031
8,-2804,-3708,2907,-3702,-6447,-8617,-4238,3490,-391,-2036,3833,-8930,-1435,876,3163,-4363,6264,2103,-187,-87,68,7808,-83,-869,0.381231666,2,0.762463331,909653
8,-3083,-3544,2874,-4231,-6218,-8254,-3202,2471,-200,-984,3726,-8808,-1996,4031,2923,-5352,6996,-708,-166,-101,59,7872,-124,-931,0.322580636,2,0.645161271,769707
8,-3356,-4001,2553,-4020,-5861,-7445,-2485,1742,-157,-572,4512,-9059,-3478,4248,2562,-6545,8036,-2871,-160,-52,18,7908,-90,-937,0.322580636,2,0.645161271,769707
8,-3585,-4101,2293,-3576,-5713,-8062,-1815,898,-155,-300,4855,-9579,-2999,4662,2689,-5187,6982,-4768,-186,-11,16,7913,-69,-893,0.386119246,2,0.772238493,921316
8,-3452,-3644,1749,-3787,-5824,-10162,-1599,710,-68,327,4356,-9386,-2499,5535,2313,-5464,9076,-4068,-188,24,29,7889,-144,-739,0.322580636,2,0.645161271,769707
8,-3391,-3053,1384,-3794,-5733,-10082,-1414,1082,-147,1495,4193,-8477,-2669,7119,1440,-6218,9260,-7087,-156,29,40,7809,-189,-570,0.312805474,2,0.625610948,746382
8,-3262,-2247,786,-3810,-5848,-9348,-1025,1640,-271,1415,4664,-8383,-2418,6795,663,-7499,8212,-8843,-105,-15,33,7810,-140,-554,0.381231666,2,0.762463331,909653
8,-3286,-1766,423,-4835,-5184,-8496,-446,2076,-376,770,5655,-8670,-1621,5061,358,-7340,7594,-8407,-79,-57,41,7852,-85,-619,0.317693055,2,0.635386109,758044
8,-3188,-1809,243,-5256,-5161,-8850,-139,2148,-358,411,6228,-8518,-1806,4743,552,-5833,8269,-6916,-99,-75,56,7892,-60,-713,0.317693055,2,0.635386109,758044
8,-3097,-2033,228,-5117,-5016,-9424,105,2307,-187,240,5862,-7758,-3091,5227,798,-5194,7868,-6223,-143,-35,62,7872,-95,-730,0.337243408,2,0.674486816,804693
8,-3062,-2455,178,-4433,-4678,-9579,392,2331,-58,209,5515,-7552,-3398,5805,1097,-4563,7182,-7155,-174,-35,30,7757,-179,-763,0.317693055,2,0.635386109,758044
8,-2991,-2182,97,-3724,-4542,-9378,779,2070,-10,225,5232,-7707,-2625,6094,1268,-4302,6709,-7483,-202,-86,8,7664,-221,-814,0.307917893,2,0.615835786,734720
8,-2792,-1450,-82,-3642,-4425,-9322,1163,1694,26,142,5052,-7669,-1346,6473,965,-3699,6063,-7411,-232,-129,22,7705,-208,-846,0.317693055,2,0.635386109,758044
8,-2490,-727,-236,-4083,-4250,-8985,1610,1318,150,113,4938,-7464,-747,7051,896,-3114,5962,-6193,-282,-199,62,7714,-161,-825,0.322580636,2,0.645161271,769707
8,-2403,-566,-251,-4153,-4367,-8730,1962,1149,245,-76,5060,-7514,-465,7773,1298,-2336,6240,-7157,-342,-250,94,7750,-106,-795,0.312805474,2,0.625610948,746382
8,-2350,-724,-128,-3957,-4407,-7902,2324,812,424,-232,5396,-7949,-156,8399,1974,-3214,6271,-8437,-423,-262,103,7803,33,-759,0.317693055,2,0.635386109,758044
8,-2320,-365,-132,-3207,-4469,-7785,2431,636,563,-217,5367,-7918,374,7250,2123,-2895,5912,-8377,-403,-237,97,7899,74,-918,0.317693055,2,0.635386109,758044
8,-2083,524,-292,-3550,-4265,-7987,2600,399,682,444,4970,-7742,638,6678,2783,-1279,6289,-8266,-247,-144,80,7952,37,-1022,0.317693055,2,0.635386109,758044
8,-2003,994,-449,-4452,-3934,-8227,2714,146,733,816,4668,-7725,650,6459,2688,-736,8658,-8483,-113,-82,62,7863,-73,-1042,0.327468216,2,0.654936433,781369
8,-1790,776,-541,-5291,-3973,-8175,2987,64,728,1151,4446,-7520,127,6326,2603,121,9810,-9223,8,-16,47,7857,-221,-1036,0.307917893,2,0.615835786,734720
8,-1610,528,-605,-5548,-3697,-8298,3317,-10,732,1177,4806,-7664,-241,7033,2742,971,8074,-9512,81,27,30,7846,-330,-1040,0.322580636,2,0.645161271,769707
8,-1268,350,-550,-5473,-3149,-9153,3604,-104,777,1460,4944,-8033,193,6445,3862,848,7917,-9311,128,67,15,8022,-503,-993,0.317693055,2,0.635386109,758044
8,-1047,489,-447,-5305,-3126,-9582,3810,-98,805,1856,4836,-8569,46,5206,3834,1913,7788,-8939,196,139,42,7808,-692,-1155,0.317693055,2,0.635386109,758044
8,-768,1095,-298,-4603,-3158,-9622,3954,-222,925,2038,4436,-8924,1122,4441,3565,2683,7855,-9583,304,91,26,7644,-694,-1177,0.317693055,2,0.635386109,758044
8,-542,1971,-347,-4669,-3012,-8926,4227,-474,1130,1789,4256,-9156,2539,3287,3549,2082,8111,-8768,433,25,-22,7575,-549,-1192,0.317693055,2,0.635386109,758044
8,-415,3102,-617,-5159,-3000,-8563,4390,-587,1229,1663,4269,-9158,3147,1878,3311,2672,7828,-7334,526,2,-89,7734,-211,-1103,0.322580636,2,0.645161271,769707
8,-301,3812,-788,-5294,-2942,-8566,4310,-649,1353,1768,3890,-8778,3729,1203,3329,4078,7455,-6380,595,10,-112,7766,22,-977,0.322580636,2,0.645161271,769707
8,-120,4590,-1170,-5935,-3069,-8594,4227,-478,1373,1738,3465,-8303,3909,981,3153,5063,7927,-5507,565,-34,-116,7746,111,-824,0.322580636,2,0.645161271,769707
8,17,4669,-1478,-6582,-2763,-7977,4283,-248,1363,1497,2997,-7878,4080,993,2855,5270,9250,-4318,510,-69,-114,7756,207,-809,0.317693055,2,0.635386109,758044
8,137,4294,-1710,-6927,-2814,-7392,4359,-222,1408,1240,2830,-7413,3397,1159,3034,5041,8225,-4062,525,-19,-114,7804,205,-797,0.322580636,2,0.645161271,769707
8,485,3642,-1777,-6280,-2929,-6773,4317,-472,1395,680,3355,-6503,2777,720,3387,4790,6353,-4727,450,-18,-76,7715,65,-821,0.327468216,2,0.654936433,781369
8,1075,3593,-1757,-5370,-2826,-6442,3977,-729,1287,343,3391,-5813,3498,140,3625,4509,6378,-5672,343,-56,-59,7675,-17,-725,0.322580636,2,0.645161271,769707
8,1846,3967,-1951,-3525,-2742,-5563,3338,-1188,1125,56,3016,-5181,3352,-818,3772,3659,5321,-5577,243,-86,-40,7690,-84,-567,0.327468216,2,0.654936433,781369
8,2533,4492,-1963,-2731,-2259,-4898,2888,-1644,1013,4,2695,-5035,3328,-2448,3386,2685,4388,-5556,153,-99,0,7852,-193,-579,0.312805474,2,0.625610948,746382
8,3197,4802,-2000,-1618,-1772,-4123,2216,-2234,952,-40,2391,-4658,3174,-3787,2905,2402,2636,-5233,73,-32,57,7956,-328,-643,0.312805474,2,0.625610948,746382
8,3580,4938,-1995,-475,-1265,-3191,1722,-2625,948,3,2038,-4359,2783,-5179,2419,1345,2313,-5473,-12,57,85,8173,-390,-614,0.322580636,2,0.645161271,769707
8,3943,5489,-1959,736,-1090,-2500,1111,-3025,931,246,1787,-4165,2707,-6760,1322,445,1696,-4961,-43,80,90,7980,-435,-695,0.317693055,2,0.635386109,758044
8,4154,5792,-1700,1275,-1025,-2123,617,-3261,970,344,1823,-4054,2352,-7731,468,-31,1161,-5240,-151,132,88,7991,-399,-698,0.322580636,2,0.645161271,769707
8,4378,5903,-1063,1882,-989,-1483,-66,-3389,1004,281,1667,-4359,1787,-8987,-117,-522,702,-5257,-147,109,61,7758,-441,-759,0.317693055,2,0.635386109,758044
8,4424,5809,-519,-503,-550,-574,-566,-3497,1129,207,1890,-4461,4624,-8380,-1208,-1845,2757,-6123,-182,113,64,7868,-406,-820,0.312805474,2,0.625610948,746382
8,4341,4647,516,1990,-762,685,-1081,-3635,1273,202,2445,-4783,2447,-10837,-1893,-1878,-462,-4470,-234,216,45,7899,-269,-898,0.312805474,2,0.625610948,746382
8,4057,4345,1132,2019,-1248,1155,-1846,-3589,1522,528,3228,-5397,1944,-12913,-2303,-3667,972,-2288,-310,167,18,7648,-199,-875,0.312805474,2,0.625610948,746382
8,3305,3609,1548,1057,-2215,2013,-2514,-3173,1573,724,3415,-6108,1509,-13567,-1874,-2521,-296,-2256,-350,89,0,7673,-35,-874,0.337243408,2,0.674486816,804693
8,2497,2833,1869,358,-2906,2792,-3374,-2239,1478,977,3282,-7012,1680,-13053,-1124,-1632,1195,-1752,-350,39,6,7733,-50,-1018,0.303030312,2,0.606060624,723058
8,1365,1224,2316,-709,-3389,2803,-3975,-1220,1330,1007,3535,-7252,996,-13418,470,-2552,1940,-1218,-417,52,33,7761,-147,-1032,0.4056696,2,0.8113392,967965
8,702,-54,2699,-369,-4586,2250,-4828,514,891,755,4365,-7527,-1037,-13285,1243,-1691,2196,-299,-442,114,36,7823,-285,-998,0.312805474,2,0.625610948,746382
8,68,-1046,2984,-758,-5200,1349,-5517,1938,359,-162,4110,-8119,-2074,-11937,2055,-2788,3309,-256,-394,125,23,7773,-480,-921,0.317693055,2,0.635386109,758044
8,-395,-2410,3185,-1223,-6457,-955,-6121,3174,-360,-1604,3277,-8738,-3738,-10541,1231,-3205,2970,-814,-334,55,2,8020,-553,-833,0.376344085,2,0.752688169,897991
8,-700,-3328,3554,-2176,-6536,-1915,-6347,3586,-865,-2330,3162,-8727,-5021,-10264,1655,-2657,2650,-3198,-259,49,-51,7853,-505,-800,0.312805474,2,0.625610948,746382
8,-1076,-4651,3512,-4533,-5696,-2873,-6597,3689,-1480,-2771,3681,-8267,-4771,-9779,2671,-2456,3713,-2895,-203,11,-92,7751,-346,-801,0.322580636,2,0.645161271,769707
8,-1354,-5923,3481,-4340,-6744,-4372,-6590,3523,-1792,-2739,2999,-8848,-5802,-8877,4006,-1743,4620,446,-148,-30,-125,7708,-242,-792,0.391006857,2,0.782013714,932978
8,-1694,-7046,3441,-4099,-6957,-6023,-5923,2974,-1933,-1719,1892,-9471,-6564,-5821,4683,-1583,3835,5134,-115,-96,-144,7699,-152,-784,0.312805474,2,0.625610948,746382
8,-1909,-7450,3312,-3501,-6564,-6802,-5363,2484,-1992,-1050,2816,-9282,-5087,-1451,4464,-4365,3388,4470,-123,-127,-135,7745,-120,-763,0.332355827,2,0.664711654,793031
8,-2245,-6999,3063,-2721,-5928,-6439,-5077,1671,-2111,-774,5094,-9402,-3953,-77,4029,-4857,4427,2994,-186,-117,-110,7872,-112,-681,0.386119246,2,0.772238493,921316
8,-2515,-6244,2807,-3298,-5412,-6890,-4849,1110,-2130,-454,5414,-9978,-3452,1377,3740,-4285,6037,2498,-186,-81,-97,7864,-215,-649,0.312805474,2,0.625610948,746382
8,-3089,-5763,2534,-3522,-4834,-8108,-4147,1219,-1661,1219,4299,-10309,-3949,4206,3322,-3765,8100,1412,-168,-56,-87,7840,-304,-639,0.317693055,2,0.635386109,758044
8,-3673,-5307,2256,-3615,-4499,-8282,-3496,1530,-1345,2194,4190,-10519,-4228,5774,2461,-6247,8027,-1260,-157,-28,-76,8007,-320,-581,0.386119246,2,0.772238493,921316
8,-4044,-4223,1399,-3934,-4145,-9488,-2636,2783,-885,2362,5020,-11705,-4136,5645,2201,-6713,8774,-3298,-125,-7,-63,8017,-337,-584,0.322580636,2,0.645161271,769707
8,-4743,-3534,999,-5753,-3353,-10710,-2049,2674,-1215,1902,4793,-11824,-3233,6188,1527,-7027,9454,-5475,-34,4,-41,8054,-356,-607,0.317693055,2,0.635386109,758044
8,-5364,-3220,573,-6715,-3582,-13602,-1207,3404,-1142,3022,4670,-12095,-2832,6289,1347,-7556,10595,-8484,105,37,-29,8022,-412,-650,0.307917893,2,0.615835786,734720
8,-5285,-3235,108,-5542,-3890,-14301,-462,4111,-623,3437,4894,-11098,-2905,6573,1147,-7819,10424,-9447,290,75,-44,7843,-357,-604,0.317693055,2,0.635386109,758044
8,-5375,-2160,-580,-5478,-1477,-14552,406,4512,-228,3424,5346,-11035,-2904,6629,1526,-6643,8832,-10120,366,90,-81,7738,-126,-538,0.317693055,2,0.635386109,758044
8,-5473,-1859,-766,-5255,-1444,-14796,1796,4606,172,3030,6717,-11030,-2130,7588,1471,-5946,8166,-10489,341,85,-110,7759,119,-457,0.337243408,2,0.674486816,804693
8,-5352,-1388,-848,-4370,-2021,-15131,2362,4624,561,2937,7227,-10615,-1159,8062,1170,-6258,7627,-11037,362,88,-130,7803,355,-413,0.317693055,2,0.635386109,758044
8,-5011,-270,-828,-3228,-2408,-14991,2750,4350,1150,2339,7139,-9567,156,8823,70,-5379,7341,-11693,384,-20,-109,7687,448,-469,0.317693055,2,0.635386109,758044
8,-4738,764,-572,-2590,-2043,-14610,3023,3951,1570,1612,7263,-9210,-19,9698,163,-3200,7019,-11203,280,-78,-68,7758,457,-572,0.312805474,2,0.625610948,746382
8,-4345,1628,-518,-3759,-2692,-13627,3217,2926,2196,1000,6863,-8414,-195,10247,903,-4082,5939,-12487,154,-40,14,7918,526,-702,0.317693055,2,0.635386109,758044
8,-3931,1607,-387,-4600,-2575,-13030,3619,2187,2621,1387,6288,-7928,547,9604,1266,-4329,5629,-12044,-22,7,72,7879,418,-832,0.312805474,2,0.625610948,746382
8,-3485,1303,-64,-4677,-2686,-12302,4217,1550,3082,1942,5817,-7656,614,8721,1942,-2781,6715,-11830,-120,27,96,7821,177,-923,0.322580636,2,0.645161271,769707
8,-3166,1018,199,-4810,-2824,-11545,4547,1192,3316,1984,5703,-7525,313,8576,2363,-2379,7553,-11471,-110,62,79,7808,86,-860,0.317693055,2,0.635386109,758044
8,-2591,731,406,-4914,-3305,-10631,4803,725,3602,1694,5815,-7008,158,8013,2871,-1651,6937,-11354,-84,36,55,7635,16,-780,0.312805474,2,0.625610948,746382
8,-2071,1152,594,-4945,-3215,-9924,4876,402,3669,1418,5271,-6839,1302,8060,3190,-1284,7111,-10754,-40,-44,59,7638,-19,-866,0.317693055,2,0.635386109,758044
8,-1458,2592,511,-4757,-3517,-9068,5028,-184,3722,1232,4445,-6852,2981,7380,3550,-1361,8287,-10436,59,-57,16,7681,-110,-903,0.317693055,2,0.635386109,758044
8,-914,3848,331,-5246,-3346,-7948,5029,-792,3689,1287,4113,-6670,3655,8505,4114,1098,9378,-8733,137,-77,-24,7656,-244,-939,0.317693055,2,0.635386109,758044
8,-428,4625,-8,-6400,-3187,-7225,5063,-1075,3489,1643,3798,-6351,2915,7007,5110,-1192,9107,-8112,216,-103,-30,7787,-259,-940,0.317693055,2,0.635386109,758044
8,-98,4458,-132,-6420,-3408,-6539,4930,-1220,3302,1768,3988,-5861,2617,6139,6250,418,8983,-6819,332,-79,-47,7892,-245,-820,0.317693055,2,0.635386109,758044
8,422,4127,-222,-5821,-3207,-5480,4515,-1315,2834,1288,3453,-5305,2422,5217,6431,682,7878,-6244,401,-72,-79,7866,-187,-743,0.317693055,2,0.635386109,758044
8,779,4029,-289,-4867,-2875,-4667,4184,-1445,2372,1057,2747,-5256,2628,4184,6399,1467,6963,-4401,430,-73,-111,7848,-121,-747,0.317693055,2,0.635386109,758044
8,1133,4021,-425,-4083,-2070,-4559,3847,-1658,1903,1170,2106,-5088,2937,3389,5519,1895,6740,-3795,419,-45,-115,7910,-17,-837,0.317693055,2,0.635386109,758044
8,1500,3913,-545,-3631,-1713,-4838,3488,-1860,1712,1346,1948,-4496,2854,2235,4662,2501,6122,-5182,337,-52,-93,7726,12,-685,0.322580636,2,0.645161271,769707
8,2018,3477,-734,-3488,-1523,-5257,3065,-1985,1551,1210,2127,-3746,1973,610,4298,2970,4851,-5599,327,-56,-75,7742,-10,-616,0.317693055,2,0.635386109,758044
8,2970,3190,-670,-2092,-1264,-5074,2178,-2382,1231,707,2355,-3238,1583,-529,4436,3403,3846,-5943,285,-40,-44,7758,-21,-606,0.322580636,2,0.645161271,769707
8,3771,3210,-668,-1240,-841,-4847,1465,-2803,911,299,2044,-3435,1256,-1841,4188,3183,2538,-5291,170,-33,-6,7784,21,-555,0.327468216,2,0.654936433,781369
8,4651,3398,-482,-265,-234,-4475,691,-3502,693,253,1243,-4182,1348,-2923,3507,3148,2455,-4776,72,-78,-37,7724,-7,-569,0.371456504,2,0.742913008,886329
8,5096,3286,-521,-162,-61,-4323,241,-3969,698,423,841,-4556,982,-4279,2482,2911,2009,-4646,-20,-150,-47,7707,-158,-596,0.317693055,2,0.635386109,758044
8,5603,2944,-462,256,175,-4222,-391,-4468,723,366,1040,-4778,252,-5158,1665,2268,2722,-4857,-57,-149,-29,7860,-265,-585,0.317693055,2,0.635386109,758044
8,5884,3047,-323,353,-130,-3842,-992,-4844,735,163,1459,-4888,-523,-6730,1105,2541,1211,-4669,-161,-91,-32,7979,-273,-442,0.34701857,2,0.694037139,828018
8,6334,3654,-271,739,-552,-3571,-1815,-5432,716,-130,1873,-5336,-433,-7926,335,2551,885,-5046,-250,-43,-18,7938,-201,-349,0.317693055,2,0.635386109,758044
8,6535,4231,-241,770,-813,-3136,-2325,-5694,710,-138,1706,-5946,-154,-8982,-323,1850,1014,-5024,-350,-58,-5,7818,-233,-273,0.322580636,2,0.645161271,769707
8,6573,4739,87,868,-1763,-2423,-2700,-5585,881,182,1864,-6479,-47,-10047,-1098,859,1435,-5132,-404,-111,25,7788,-204,-405,0.317693055,2,0.635386109,758044
8,6419,4248,409,-964,-2881,-2671,-3040,-5290,932,399,2473,-6741,3134,-8917,-1640,-351,-860,-5059,-462,-90,71,7976,-132,-419,0.317693055,2,0.635386109,758044
8,6169,3183,1354,623,-2684,-1231,-3580,-4693,922,194,3411,-7399,743,-11216,-1820,-660,1742,-3989,-543,-32,107,8021,-54,-447,0.386119246,2,0.772238493,921316
8,5836,2820,1878,947,-3208,-811,-4109,-4141,986,187,3687,-7953,-37,-12302,-2009,-2008,2022,-3848,-564,3,86,7966,-23,-578,0.317693055,2,0.635386109,758044
8,4830,2203,2338,605,-3624,472,-4507,-3062,1133,494,3326,-8704,10,-12534,-2202,-2719,1230,-3792,-556,19,93,8003,-84,-691,0.317693055,2,0.635386109,758044
8,3758,1424,2697,78,-4169,1187,-4569,-2200,1303,872,3713,-8759,6,-12217,-1809,-3354,1558,-2531,-565,60,111,7974,-200,-862,0.317693055,2,0.635386109,758044
8,2468,245,3085,-282,-4742,1977,-5130,-1118,1265,558,4736,-8766,-225,-13091,-614,-2771,1915,-2545,-484,99,93,7855,-297,-942,0.317693055,2,0.635386109,758044
8,1537,-646,3089,-400,-5731,1941,-5452,-6,936,389,4326,-9347,-689,-12107,366,-3364,2546,-602,-430,119,79,7738,-316,-826,0.312805474,2,0.625610948,746382
8,768,-1291,3274,-427,-6082,1198,-5632,1688,426,-78,3044,-10215,-2139,-11025,1313,-4445,2999,-469,-319,104,43,7733,-299,-843,0.317693055,2,0.635386109,758044
8,-257,-1965,3398,-1060,-6473,-926,-5507,2481,49,-585,3030,-10155,-3646,-10498,1079,-3936,3591,-794,-171,68,6,7688,-136,-870,0.317693055,2,0.635386109,758044
8,-826,-2835,3674,-1770,-6747,-2524,-5424,3073,-336,-1197,4016,-9604,-4856,-9708,1579,-1786,2683,-1133,-91,21,-23,7653,-67,-927,0.317693055,2,0.635386109,758044
8,-1516,-4266,3923,-3370,-6284,-3212,-5644,3459,-726,-1950,5237,-9111,-5139,-7472,1931,-2303,3326,-237,-55,-19,-35,7748,-15,-931,0.322580636,2,0.645161271,769707
8,-1974,-5198,3879,-3669,-5680,-3194,-5662,3464,-824,-1916,4516,-9353,-5674,-5910,3046,-3517,4058,-45,-40,-27,-32,7844,-23,-976,0.312805474,2,0.625610948,746382
8,-2719,-5826,3903,-3791,-5997,-4303,-5185,3352,-717,-1351,3466,-9430,-5729,-4929,3216,-3190,4329,1233,-28,2,-37,7822,-35,-998,0.317693055,2,0.635386109,758044
8,-3118,-6053,4023,-3955,-6277,-5504,-4756,3144,-754,-1030,3928,-8930,-5493,-2436,3321,-2978,4191,2606,-28,2,-53,7810,-31,-987,0.317693055,2,0.635386109,758044
8,-3230,-6152,3711,-4131,-5930,-6549,-4583,2806,-987,-1062,5566,-8334,-4839,-318,3456,-3720,4646,2578,-37,-10,-58,7789,-19,-882,0.312805474,2,0.625610948,746382
8,-3257,-5814,3301,-4728,-5246,-6058,-4530,2233,-1156,-1282,5816,-8458,-4219,1639,3733,-4529,6597,2286,-56,-36,-54,7785,-24,-660,0.317693055,2,0.635386109,758044
8,-3715,-5194,2917,-5565,-5080,-7112,-3933,1762,-905,-511,3985,-9224,-4277,3037,3684,-4803,8553,-2,-37,-46,-39,7805,-108,-635,0.386119246,2,0.772238493,921316
8,-3980,-5152,2748,-5566,-5135,-8651,-3159,1544,-626,440,3683,-9232,-4548,4358,3172,-5880,9013,-1404,5,-44,-29,7857,-232,-613,0.322580636,2,0.645161271,769707
8,-4196,-4972,2219,-4839,-5382,-9866,-2362,1840,-595,1242,4477,-9190,-4301,5322,2805,-7133,9131,-3181,28,-21,-37,7893,-305,-694,0.327468216,2,0.654936433,781369
8,-4231,-4368,1726,-4304,-5420,-9807,-1874,2140,-702,980,5185,-9205,-4222,5565,2135,-8098,9172,-4703,41,-7,-21,7930,-241,-648,0.332355827,2,0.664711654,793031
8,-4289,-2931,1088,-5244,-4524,-10573,-1084,2371,-669,572,5684,-9295,-3239,5177,1588,-7950,7767,-5896,83,34,-4,7946,-196,-568,0.327468216,2,0.654936433,781369
8,-4281,-2352,819,-5804,-4250,-11375,-614,2525,-486,868,5707,-9249,-1751,5290,1604,-7334,8379,-6464,126,31,-4,7834,-117,-473,0.337243408,2,0.674486816,804693
8,-4162,-1681,589,-5093,-4231,-11761,31,2688,-99,1693,5713,-8781,-981,5810,1324,-7085,8640,-6605,169,-7,-18,7746,-61,-538,0.327468216,2,0.654936433,781369
8,-3925,-777,83,-5348,-3871,-11797,597,2918,103,1521,6111,-8577,-520,6389,1132,-6434,8413,-6575,217,-48,-33,7790,-50,-690,0.317693055,2,0.635386109,758044
8,-3783,-287,-206,-5499,-4001,-11658,1119,3197,198,977,6496,-8618,-149,6930,1005,-5714,9048,-7174,265,-59,-43,7877,-98,-740,0.317693055,2,0.635386109,758044
8,-3527,281,-510,-5938,-4257,-11310,1478,3293,323,749,6399,-8531,-98,7462,1098,-5410,9198,-7232,323,-36,-41,7849,-172,-683,0.444770277,2,0.889540553,1061262
8,-3386,529,-730,-5986,-4067,-10613,2003,3053,566,426,5796,-8619,-427,7949,1298,-4867,8519,-7562,384,-15,-27,7814,-194,-646,0.317693055,2,0.635386109,758044
8,-3277,363,-853,-5428,-4360,-10163,2430,2861,723,246,5477,-8842,-628,8281,1597,-4781,7962,-7539,379,-33,-8,7799,-119,-610,0.317693055,2,0.635386109,758044
8,-3232,207,-958,-4996,-4487,-9942,2957,2255,892,40,5502,-8726,-548,8346,1884,-4359,7663,-7784,311,-45,21,7845,-34,-663,0.317693055,2,0.635386109,758044
8,-3233,576,-1176,-4552,-4460,-9501,3298,1871,980,201,5616,-8440,103,8376,1924,-3945,7549,-8713,276,-11,52,7917,12,-743,0.317693055,2,0.635386109,758044
8,-3197,1188,-1307,-4287,-4314,-9618,3655,1649,1091,426,5640,-8105,1164,7805,1845,-3434,6924,-9677,320,65,51,7935,43,-804,0.322580636,2,0.645161271,769707
8,-2835,1947,-1391,-4400,-4069,-10245,4186,1399,1255,809,5590,-7648,2077,7384,2032,-2508,6617,-9531,365,84,30,7784,63,-850,0.322580636,2,0.645161271,769707
8,-2566,2233,-1428,-4622,-4265,-10473,4485,1205,1294,661,5735,-7629,2396,7752,2366,-456,7342,-9550,400,90,7,7786,59,-878,0.322580636,2,0.645161271,769707
8,-2032,2292,-1398,-5224,-4110,-10222,4703,821,1342,589,5226,-7841,2600,8527,2930,-458,8612,-10505,413,68,-10,7780,130,-885,0.322580636,2,0.645161271,769707
8,-1710,2260,-1453,-5605,-3918,-9792,4939,362,1421,738,4858,-7922,2332,7922,3350,-45,8405,-10309,416,20,-29,7720,186,-911,0.317693055,2,0.635386109,758044
8,-1195,2115,-1427,-5572,-3926,-8718,5182,-232,1501,826,5078,-7787,2529,7454,3850,517,8652,-10003,481,-30,-46,7642,207,-955,0.317693055,2,0.635386109,758044
8,-814,2325,-1482,-5536,-3754,-7969,5138,-625,1455,926,5065,-7528,2766,6568,4576,886,8549,-8496,555,-110,-69,7631,255,-1007,0.317693055,2,0.635386109,758044
8,-481,2826,-1761,-5693,-3063,-6823,4919,-854,1220,1509,4388,-7467,3398,5857,4938,1289,8199,-7236,564,-173,-81,7711,286,-1030,0.322580636,2,0.645161271,769707
8,-393,3242,-2027,-5623,-3184,-5971,4823,-812,1060,1784,3882,-7372,3631,5190,5299,1558,8117,-5649,536,-176,-92,7779,279,-994,0.317693055,2,0.635386109,758044
8,-318,3466,-2127,-5566,-3245,-5166,4790,-742,833,1674,3733,-7087,3806,4463,5039,1861,7420,-4124,522,-146,-101,7799,187,-957,0.312805474,2,0.625610948,746382
8,-216,3303,-2170,-5192,-2594,-4489,4727,-618,601,1686,3541,-7068,3681,3545,4603,1445,7200,-2875,510,-131,-106,7806,80,-822,0.312805474,2,0.625610948,746382
8,-346,3167,-2398,-5501,-2228,-4079,4630,-558,396,2043,3115,-6809,3763,2077,4292,2803,5984,-3386,509,-112,-119,7784,-42,-721,0.317693055,2,0.635386109,758044
8,-314,3284,-2676,-5185,-1928,-4662,4471,-460,316,2307,3350,-6183,3845,606,4482,3277,5375,-3748,502,-107,-108,7783,-33,-532,0.317693055,2,0.635386109,758044
8,-21,3546,-2658,-4531,-1538,-5531,3868,-132,140,2252,4070,-5376,3704,-463,4498,4108,4006,-4769,402,-120,-48,7796,2,-487,0.322580636,2,0.645161271,769707
8,719,3789,-2473,-2792,-1274,-6094,3151,-53,65,1761,3899,-4754,3743,-1125,4480,5485,3027,-5973,405,-96,-6,7855,-70,-633,0.322580636,2,0.645161271,769707
8,1461,3889,-2333,-1577,-1095,-6274,2288,-345,56,1141,3081,-4029,3638,-1277,3949,5583,2615,-6238,356,-67,10,7920,-77,-575,0.322580636,2,0.645161271,769707
8,2478,3725,-2188,-1000,-700,-5563,1715,-821,94,714,2769,-3689,3146,-1605,3295,4511,2768,-5925,248,-6,7,7952,-142,-458,0.317693055,2,0.635386109,758044
8,3122,3189,-2061,-661,-487,-4598,1003,-1797,181,495,2564,-3598,2249,-2231,2472,3229,2703,-5506,222,19,18,7916,-213,-532,0.317693055,2,0.635386109,758044
8,3724,2933,-1850,482,-331,-4006,484,-2445,257,450,2032,-3816,1045,-3495,1803,1871,1524,-5784,147,19,67,7804,-308,-473,0.322580636,2,0.645161271,769707
8,4136,3273,-1667,1117,-421,-3979,53,-3109,363,434,1548,-3997,540,-4836,885,1563,656,-5762,47,-42,96,7732,-349,-498,0.312805474,2,0.625610948,746382
8,4636,3786,-1312,1693,-651,-4071,-528,-3983,526,409,1720,-4330,25,-6230,-17,1540,217,-6008,0,46,118,7909,-357,-614,0.332355827,2,0.664711654,793031
8,4941,4041,-998,2156,-907,-3858,-1008,-4402,657,446,2146,-4697,-636,-7288,-719,1341,-118,-6334,-42,106,84,7854,-334,-605,0.317693055,2,0.635386109,758044
8,5352,4212,-301,2210,-1350,-3367,-1687,-4801,908,142,2876,-5162,-977,-8114,-1407,733,-608,-6194,-121,53,75,7850,-176,-682,0.386119246,2,0.772238493,921316
8,5523,4074,369,2263,-1796,-2709,-2256,-5072,1077,5,3687,-5413,-1247,-8894,-1851,-140,-570,-6299,-340,64,82,7863,-38,-582,0.322580636,2,0.645161271,769707
8,5566,2825,1277,-512,-2033,-836,-3153,-4963,1212,-38,4058,-6181,434,-9306,-2507,-2544,3426,-5519,-401,-19,100,7756,-25,-659,0.312805474,2,0.625610948,746382
8,5444,2225,2229,316,-2227,-208,-3634,-4607,1381,293,3720,-6925,228,-10303,-2525,-1422,-624,-5274,-378,-29,142,7750,-112,-887,0.322580636,2,0.645161271,769707
8,4990,1588,2867,1486,-2935,-496,-4119,-3943,1558,643,3802,-7310,-1313,-12473,-2293,-3241,1542,-3716,-400,10,129,7769,-290,-881,0.322580636,2,0.645161271,769707
8,4138,1198,3555,717,-3736,737,-4586,-3164,1558,476,4764,-7422,-1447,-12511,-2143,-2102,1109,-3792,-437,60,119,7897,-311,-757,0.322580636,2,0.645161271,769707
8,3441,383,3910,-45,-4456,1736,-5436,-1715,1382,365,5254,-8206,-2016,-12031,-1214,-3084,1967,-2074,-437,89,116,7927,-313,-687,0.322580636,2,0.645161271,769707
8,2348,-913,3962,-1426,-4809,2742,-5852,-603,1273,467,4255,-9011,-2224,-11922,-149,-3740,3035,-1385,-361,126,114,7844,-401,-717,0.322580636,2,0.645161271,769707
8,1387,-1844,3816,-1188,-5820,1938,-5948,1103,1000,654,3311,-9555,-3533,-11868,1067,-3027,3115,-2023,-259,74,76,7657,-602,-738,0.322580636,2,0.645161271,769707
8,408,-1948,3836,-1308,-6291,-100,-5961,2325,649,-171,4132,-9341,-4147,-11563,1315,-3434,3844,-2439,-203,29,29,7732,-574,-748,0.322580636,2,0.645161271,769707
8,-88,-2604,4192,-2094,-6671,-1976,-6206,3092,90,-1740,5638,-9248,-5513,-11278,1462,-2162,3465,-1791,-172,-1,12,7797,-314,-682,0.317693055,2,0.635386109,758044
8,-557,-3746,4501,-2698,-7404,-3552,-6396,3198,-337,-2465,4998,-9644,-6022,-9118,1437,-2087,2391,-1484,-176,-30,42,7816,-31,-632,0.317693055,2,0.635386109,758044
8,-1037,-4209,4373,-2882,-7105,-4037,-6037,3205,-668,-2288,3218,-9744,-4788,-7371,2402,-3679,1426,-936,-111,-50,42,7749,-8,-732,0.322580636,2,0.645161271,769707
8,-1802,-4253,4679,-1614,-7121,-4151,-5370,2645,-746,-1681,3872,-9370,-3536,-7245,2907,-5043,1413,-320,-119,-101,32,7781,-110,-746,0.327468216,2,0.654936433,781369
8,-2092,-4324,4751,-1635,-7079,-4884,-4734,1798,-901,-1643,5688,-9431,-3549,-5776,3119,-3229,2613,2491,-225,-84,25,7959,-61,-750,0.312805474,2,0.625610948,746382
8,-2353,-4197,4236,-3318,-6308,-6079,-4445,1001,-876,-1623,5776,-9853,-2673,-3131,3366,-3173,3076,4222,-355,-31,51,7934,51,-666,0.317693055,2,0.635386109,758044
8,-2509,-3801,3773,-4747,-5860,-7375,-4042,497,-737,-985,4418,-9889,-1599,119,3806,-3724,6269,3782,-422,-29,84,7787,21,-588,0.317693055,2,0.635386109,758044
8,-3236,-3520,3624,-4338,-5655,-8150,-3087,798,-567,593,3289,-9637,-1805,3117,3399,-4725,8004,1551,-441,-61,87,7696,-88,-668,0.317693055,2,0.635386109,758044
8,-3776,-3266,3267,-3495,-5653,-7358,-2208,1054,-599,1363,4143,-9603,-2628,4621,2564,-6755,8492,-976,-469,-106,74,7722,-148,-767,0.312805474,2,0.625610948,746382
8,-3957,-2494,2238,-5101,-5255,-8629,-1061,1448,-567,868,5258,-9622,-2649,4223,2257,-6301,7728,-3455,-493,-117,92,7791,-169,-872,0.317693055,2,0.635386109,758044
8,-4126,-2123,1758,-6457,-4341,-10362,-702,1260,-834,961,5728,-9354,-2099,5103,2406,-4594,11265,-2881,-522,-117,117,7912,-211,-839,0.386119246,2,0.772238493,921316
8,-4398,-2101,1487,-6272,-4738,-11342,-194,2710,-633,1968,5468,-8846,-2487,7762,1628,-5176,10952,-4283,-583,-101,107,7882,-241,-729,0.317693055,2,0.635386109,758044
8,-4371,-1785,691,-5216,-4500,-11173,256,3267,-421,1568,5625,-8445,-2748,8556,1377,-5331,9851,-7202,-551,-114,92,7786,-314,-723,0.312805474,2,0.625610948,746382
8,-4211,-1060,190,-5511,-4043,-11306,757,3338,-208,849,6050,-8656,-1905,8719,1098,-5240,8265,-7713,-467,-148,114,7769,-387,-772,0.337243408,2,0.674486816,804693
8,-4159,-446,-192,-5701,-3783,-11245,1282,3196,-64,534,5897,-8558,-503,9125,884,-4631,8993,-8457,-356,-165,132,7767,-543,-753,0.332355827,2,0.664711654,793031
8,-4076,73,-482,-5380,-3959,-11063,1942,3031,215,624,6339,-8182,73,9124,505,-4924,8691,-9832,-310,-154,129,7795,-744,-682,0.322580636,2,0.645161271,769707
8,-3725,536,-869,-5454,-4315,-10875,2193,2758,451,479,6478,-8069,449,8478,384,-4824,7935,-9879,-247,-146,111,7873,-735,-585,0.317693055,2,0.635386109,758044
8,-3435,621,-1032,-5099,-4283,-10897,2651,2202,744,-154,6426,-8014,799,8384,520,-3985,7310,-9748,-193,-168,106,7818,-394,-538,0.322580636,2,0.645161271,769707
8,-3185,504,-996,-4537,-4055,-10041,2913,1831,908,-413,6426,-8083,922,8311,1079,-3707,6571,-9198,-234,-196,132,7891,-66,-697,0.327468216,2,0.654936433,781369
8,-3079,389,-860,-4239,-4114,-9130,3195,1415,1059,7,5770,-8501,538,8252,1617,-3176,5943,-8774,-286,-141,185,7929,98,-839,0.322580636,2,0.645161271,769707
8,-3067,228,-820,-3909,-3555,-8645,3421,1258,1232,831,5180,-8724,685,8027,2197,-1996,6236,-8426,-332,-115,237,7899,172,-995,0.317693055,2,0.635386109,758044
8,-3170,320,-830,-3670,-3543,-8480,3763,1210,1495,1625,5174,-8896,915,8063,2163,-1309,7382,-9295,-394,-101,268,7821,22,-1247,0.317693055,2,0.635386109,758044
8,-3234,561,-883,-4376,-3002,-8471,3930,1337,1665,1967,5413,-8548,1266,7502,1858,-1303,7466,-10015,-371,-55,256,7777,-187,-1425,0.376344085,2,0.752688169,897991
8,-3236,750,-954,-5125,-2629,-8938,4335,1630,1809,2387,5308,-8449,1424,7528,1981,26,8372,-9619,-209,35,174,7717,-389,-1575,0.327468216,2,0.654936433,781369
8,-3187,1159,-1171,-5607,-2670,-9859,4657,1739,1922,2523,5287,-8330,1760,7234,2341,1701,8282,-8889,-15,52,92,7580,-636,-1570,0.322580636,2,0.645161271,769707
8,-3057,1814,-1245,-5554,-2861,-9901,4900,1723,1810,2180,5356,-8331,2256,7545,2946,2567,7306,-8192,164,20,12,7547,-594,-1351,0.317693055,2,0.635386109,758044
8,-2918,2468,-1295,-5725,-2701,-9073,5089,1459,1517,1944,5252,-8400,2942,7534,3170,2163,7139,-7536,384,-36,-58,7662,-581,-1259,0.317693055,2,0.635386109,758044
8,-2886,2675,-1338,-6137,-2104,-7887,5268,1099,1433,2046,4954,-8644,2688,6700,3423,2233,7502,-7310,550,-24,-106,7755,-556,-1057,0.317693055,2,0.635386109,758044
8,-3007,2430,-1258,-5705,-1669,-7779,5365,887,1551,2744,4445,-8587,2297,6141,3762,3216,6840,-7270,625,-46,-92,7728,-489,-784,0.327468216,2,0.654936433,781369
8,-2864,2260,-1016,-5011,-2197,-8055,5404,1045,1703,3008,4459,-8046,2189,6054,4227,3774,6233,-6477,690,-96,-91,7740,-423,-870,0.322580636,2,0.645161271,769707
8,-2599,2435,-929,-4769,-2027,-7930,5199,1333,1876,2931,4926,-7096,2344,5326,4710,4725,5356,-6904,675,-92,-84,7762,-340,-821,0.317693055,2,0.635386109,758044
8,-2046,2790,-850,-4336,-1845,-7508,4858,1433,1870,2553,4938,-6131,2944,4889,4808,4653,4905,-7129,627,-123,-79,7665,-275,-832,0.312805474,2,0.625610948,746382
8,-1485,3144,-781,-3648,-1613,-6921,4231,1206,1831,1866,4191,-4952,3373,3961,4828,5065,4897,-7214,545,-196,-46,7690,-261,-884,0.317693055,2,0.635386109,758044
8,-684,3462,-847,-3831,-1415,-6586,3765,793,1853,1538,3335,-4128,2715,2132,4396,5546,5623,-6553,438,-121,12,7867,-309,-802,0.317693055,2,0.635386109,758044
8,194,3202,-906,-3979,-1420,-6106,3198,137,1883,1090,2755,-3038,2438,1590,4236,4558,6301,-6322,390,-114,22,7807,-425,-794,0.312805474,2,0.625610948,746382
8,1472,2316,-645,-3601,-1278,-5399,2687,-460,1728,582,2485,-2645,1080,87,3812,3904,5565,-6108,237,-139,47,7754,-413,-734,0.312805474,2,0.625610948,746382
8,2310,1882,-539,-2460,-993,-5008,1852,-1380,1398,266,1765,-2776,438,-1411,3610,3745,4152,-6174,198,-194,45,7639,-508,-988,0.317693055,2,0.635386109,758044
8,3391,2258,-663,-1205,-803,-5077,1342,-2014,1241,52,1357,-2782,631,-2591,3085,4233,2721,-5959,186,-270,30,7626,-434,-1077,0.322580636,2,0.645161271,769707
8,4161,2666,-759,-614,-625,-4832,776,-2920,1157,-106,1274,-2924,890,-3435,2355,3572,2192,-5339,66,-226,-3,7710,-398,-1046,0.322580636,2,0.645161271,769707
8,4956,3164,-902,97,-193,-4160,317,-3581,1100,-262,1128,-3287,632,-4840,1439,2780,1744,-5244,-32,-212,-21,7645,-160,-858,0.322580636,2,0.645161271,769707
8,5460,3690,-1098,386,-63,-3592,-316,-4577,1056,-508,879,-4275,191,-6369,793,2371,955,-4924,-131,-215,7,7749,-156,-872,0.312805474,2,0.625610948,746382
8,5994,4600,-1294,697,-113,-2817,-798,-5330,1033,-406,827,-4949,122,-7901,209,1736,604,-4718,-162,-162,65,7834,-319,-852,0.317693055,2,0.635386109,758044
8,6242,4991,-1246,510,-366,-2512,-1347,-5794,991,269,1380,-5617,-25,-9537,-345,746,729,-4503,-335,-121,108,7796,-522,-708,0.337243408,2,0.674486816,804693
8,6246,4970,-994,-475,-625,-2258,-1740,-5830,1069,968,1890,-6217,2135,-9661,-1266,1483,623,-5736,-466,-202,145,7748,-543,-621,0.317693055,2,0.635386109,758044
8,6010,4105,-319,1037,-1419,-1233,-2135,-5602,1200,1553,2201,-6811,609,-11281,-1375,-173,709,-4245,-482,-228,111,7762,-560,-732,0.312805474,2,0.625610948,746382
8,5613,4037,317,1347,-2147,-1081,-2831,-4719,1123,1584,3024,-7361,-306,-12361,-1740,-1436,1416,-3624,-424,-199,107,7894,-598,-823,0.312805474,2,0.625610948,746382
8,4927,3431,1105,898,-3130,-425,-3540,-3928,910,1169,3809,-7400,-46,-12405,-1996,-479,988,-4428,-408,-90,127,8069,-673,-871,0.317693055,2,0.635386109,758044
8,4361,2528,1713,495,-3206,-201,-4380,-2774,545,1248,3704,-8512,104,-11438,-1827,-1374,2144,-3390,-380,-3,154,8076,-791,-828,0.317693055,2,0.635386109,758044
8,3359,997,2245,423,-4250,-111,-4688,-1545,581,2106,2720,-9369,-225,-10639,-1396,-3007,2622,-3362,-383,41,139,8068,-851,-889,0.317693055,2,0.635386109,758044
8,2595,202,2432,1077,-4876,-233,-4961,148,633,1320,2443,-9252,-1943,-10315,-773,-3567,1988,-4464,-356,104,75,7951,-737,-879,0.376344085,2,0.752688169,897991
8,1430,-659,2440,742,-6154,-1396,-5084,1058,445,193,4252,-8587,-2487,-10827,-540,-3619,2246,-5732,-284,68,21,7750,-641,-1015,0.327468216,2,0.654936433,781369
8,1120,-1601,2747,636,-5732,-2437,-5881,1845,-251,-1330,5960,-8397,-2986,-11267,-599,-2414,1717,-5176,-229,34,55,7738,-608,-1135,0.332355827,2,0.664711654,793031
8,1083,-2559,3105,-1054,-6389,-3202,-6356,1870,-543,-1693,4367,-9095,-3719,-10618,-15,-939,810,-3124,-287,57,86,7812,-621,-1154,0.317693055,2,0.635386109,758044
8,1048,-3028,3561,-1847,-5433,-4718,-6065,1601,-457,-1076,1748,-9241,-3486,-8576,970,30,2008,-1724,-343,86,91,7758,-565,-1128,0.317693055,2,0.635386109,758044
8,288,-3718,4054,-2988,-5012,-5892,-5456,1579,-390,-597,2007,-8787,-4357,-6140,2187,205,4495,-442,-340,64,56,7660,-459,-1113,0.327468216,2,0.654936433,781369
8,-204,-4638,3886,-3412,-5409,-5456,-4867,1297,-392,-588,4679,-8701,-5009,-2073,2856,-1399,4338,1077,-302,55,51,7638,-382,-1279,0.317693055,2,0.635386109,758044
8,-590,-5475,3538,-2891,-5742,-5167,-4729,805,-481,-807,5478,-9534,-5790,71,2613,-3767,5640,504,-343,76,77,7663,-418,-1269,0.322580636,2,0.645161271,769707
8,-1055,-5167,3533,-3224,-5767,-5738,-4231,402,-382,181,3824,-10346,-6332,555,2290,-4323,4317,-356,-398,75,102,7734,-549,-1221,0.332355827,2,0.664711654,793031
8,-1694,-4672,3495,-3332,-5855,-6896,-3652,363,-364,1336,3710,-10012,-4139,2309,2084,-3629,4828,-1307,-401,68,82,7815,-651,-1180,0.322580636,2,0.645161271,769707
8,-2261,-4315,3292,-2785,-5914,-6921,-3046,749,-596,1395,5061,-10325,-3425,4037,1929,-4453,5794,-1697,-393,52,48,7868,-623,-1124,0.317693055,2,0.635386109,758044
8,-2655,-3905,2919,-3382,-5738,-7137,-2734,919,-687,1007,5544,-10679,-3598,4993,1483,-3937,8124,-3361,-367,56,38,7795,-579,-1123,0.317693055,2,0.635386109,758044
8,-3345,-3356,2367,-4735,-5072,-7416,-2214,1320,-645,1548,4860,-10212,-3946,5786,1297,-4478,8557,-4251,-327,24,37,7716,-561,-1090,0.317693055,2,0.635386109,758044
8,-3752,-3126,2084,-4683,-5034,-8304,-1881,2178,-574,2067,4324,-9875,-3766,5842,1223,-4146,7870,-7025,-297,-7,15,7644,-586,-1016,0.317693055,2,0.635386109,758044
8,-4097,-2615,1510,-4482,-4627,-9006,-1297,2917,-624,1874,4453,-9557,-2845,6100,802,-4573,8434,-7866,-261,-87,-33,7613,-512,-989,0.317693055,2,0.635386109,758044
8,-4258,-2329,1233,-4951,-4166,-9683,-879,3276,-690,1080,4768,-9615,-2990,5770,597,-3818,7806,-8788,-248,-161,-56,7603,-474,-995,0.312805474,2,0.625610948,746382
8,-4207,-2369,876,-5593,-3621,-11086,-627,3403,-478,671,4806,-9209,-2538,6271,1031,-2479,7309,-8786,-240,-196,-54,7571,-482,-1009,0.312805474,2,0.625610948,746382
8,-4044,-2179,562,-5075,-3505,-11626,-158,3475,121,960,4655,-8465,-2077,7399,1804,-1643,7278,-11104,-266,-165,-23,7669,-547,-869,0.312805474,2,0.625610948,746382
8,-3699,-1280,378,-4024,-3761,-11641,255,3307,408,782,4821,-8582,-7,8509,678,-3424,8254,-9582,-324,-207,31,7702,-669,-906,0.312805474,2,0.625610948,746382
8,-3559,-642,306,-3935,-3817,-11584,872,2544,605,275,5080,-9183,-784,7768,1312,14,8087,-10941,-408,-249,90,7844,-670,-915,0.317693055,2,0.635386109,758044
8,-3425,-257,109,-4524,-4202,-11309,1506,1994,823,497,5237,-9408,-840,8961,1582,-1489,8326,-10843,-416,-267,109,7910,-641,-978,0.317693055,2,0.635386109,758044
8,-3344,-159,-136,-5414,-3901,-10834,2427,1318,1144,1413,5234,-9512,-1300,7574,2061,-2080,8959,-11225,-390,-183,143,8049,-636,-1035,0.317693055,2,0.635386109,758044
8,-3311,-424,-283,-5405,-3820,-11137,2983,1209,1242,2264,5139,-9516,-1684,6820,2284,-967,8498,-11594,-419,-44,159,7997,-515,-970,0.332355827,2,0.664711654,793031
8,-3172,-779,-173,-4960,-3605,-11639,3462,1320,1204,2633,5329,-9305,-1686,6052,2517,303,7503,-11855,-276,-36,122,7804,-409,-1228,0.332355827,2,0.664711654,793031
8,-2793,-1023,59,-4298,-3325,-11332,3666,1247,1267,2280,5749,-9099,-1469,5215,2934,934,8080,-12058,-2,-5,112,7834,-311,-1548,0.317693055,2,0.635386109,758044
8,-2507,-534,71,-4522,-3325,-10984,3872,1009,1494,1734,5695,-8414,-993,4382,3174,1144,7971,-10420,139,94,81,7811,-336,-1499,0.312805474,2,0.625610948,746382
8,-1969,646,29,-5728,-2945,-10132,4136,797,1637,1636,5291,-7996,-468,4692,3387,3351,8753,-7887,256,125,3,7528,-471,-1452,0.332355827,2,0.664711654,793031
8,-1722,1011,-52,-6168,-2737,-9233,4467,321,1825,1833,4714,-8188,39,4841,4575,1990,8654,-8171,423,99,-46,7514,-542,-1375,0.322580636,2,0.645161271,769707
8,-1515,1890,-120,-5542,-2448,-8528,4681,-38,1912,2162,4521,-8196,2401,4455,3941,3379,8268,-7443,505,27,-88,7459,-493,-1338,0.322580636,2,0.645161271,769707
8,-1226,3204,-404,-5641,-2742,-7970,4791,-157,2018,2260,4496,-7811,3193,4409,4249,2622,8669,-6393,530,-127,-103,7388,-431,-1295,0.317693055,2,0.635386109,758044
8,-1003,3601,-590,-6070,-2801,-7544,4710,-81,1996,2039,4352,-7317,2328,3129,4661,2184,7726,-5651,524,-223,-100,7540,-429,-1379,0.322580636,2,0.645161271,769707
8,-772,3591,-664,-5677,-3019,-7209,4587,-70,1810,1573,4165,-6827,1999,2039,4926,3332,7097,-5653,548,-246,-133,7760,-482,-1410,0.327468216,2,0.654936433,781369
8,-336,3835,-637,-5108,-3088,-6861,4432,-263,1686,1257,4168,-6281,3311,2144,4777,4222,7150,-5354,484,-220,-159,7740,-545,-1429,0.322580636,2,0.645161271,769707
8,196,4268,-884,-5183,-2342,-6212,4131,-496,1523,875,3854,-5445,3870,2016,4596,3297,8333,-4263,424,-190,-162,7656,-604,-1347,0.322580636,2,0.645161271,769707
8,520,4315,-1151,-5775,-2503,-5381,3858,-793,1456,814,3533,-4807,3490,990,4393,3780,7391,-4385,347,-143,-147,7674,-572,-1238,0.317693055,2,0.635386109,758044
8,1241,3878,-1383,-5414,-2386,-4657,3496,-1055,1328,773,3265,-4090,3064,-109,4289,3401,6928,-3725,346,-105,-99,7729,-627,-1173,0.317693055,2,0.635386109,758044
8,1840,3723,-1508,-4728,-1866,-4227,2843,-1450,1006,525,2844,-3571,2665,-1161,3845,3516,6717,-3508,340,-74,-63,7806,-736,-1186,0.317693055,2,0.635386109,758044
8,2622,3609,-1792,-3816,-1260,-3802,2294,-1844,748,382,2538,-3448,2742,-1985,3276,3294,5443,-3694,293,-60,-39,7801,-885,-1142,0.317693055,2,0.635386109,758044
8,3239,3762,-1970,-2854,-875,-3683,1588,-2531,476,539,2336,-3533,2463,-3729,2508,2497,4486,-4758,256,-38,-39,7813,-945,-1049,0.322580636,2,0.645161271,769707
8,3960,4223,-2060,-1447,-526,-3375,1034,-3058,381,542,2442,-3663,2157,-5491,1478,2376,3678,-5357,341,11,-72,7840,-975,-1125,0.317693055,2,0.635386109,758044
8,4404,4701,-2112,-759,-382,-3196,166,-3790,370,526,2195,-3957,1798,-7277,472,1900,3069,-5321,387,60,-78,7788,-973,-1062,0.317693055,2,0.635386109,758044
8,4918,5206,-2050,-179,-284,-3072,-395,-4243,392,605,1912,-4342,1563,-8942,-528,1958,2158,-5043,375,100,-78,7781,-925,-990,0.322580636,2,0.645161271,769707
8,5135,5316,-1816,324,-304,-2699,-1057,-4601,519,1067,2047,-4870,1210,-10139,-1335,1775,217,-4865,427,127,-67,7832,-755,-1076,0.322580636,2,0.645161271,769707
8,5335,4431,-1473,146,-662,-2307,-1499,-4696,602,1354,2424,-5192,3213,-10337,-1751,607,577,-3575,384,179,-31,7813,-680,-988,0.317693055,2,0.635386109,758044
8,5347,4170,-956,826,-908,-1682,-2216,-4297,574,1565,3384,-5899,2393,-12091,-2290,-298,2507,-3288,232,164,-14,7727,-532,-833,0.312805474,2,0.625610948,746382
8,5020,3742,-465,946,-1585,-1655,-2771,-3809,590,1646,3606,-6700,1390,-12528,-3176,404,2488,-4275,153,142,37,7677,-396,-957,0.361681342,2,0.723362684,863004
8,4329,2333,349,711,-2437,-684,-3466,-3013,693,1761,3335,-7720,1262,-12071,-2419,-674,1073,-4952,105,136,95,7744,-393,-972,0.386119246,2,0.772238493,921316
8,3784,1208,965,1154,-3480,-555,-3954,-2102,656,1878,3568,-8152,-467,-11781,-1935,-1649,1056,-2863,56,130,132,7749,-443,-1115,0.317693055,2,0.635386109,758044
8,3025,-27,1635,985,-4807,291,-4690,-657,411,1347,5026,-8335,-1511,-10121,-1396,-2741,1402,-2481,-92,119,117,7837,-521,-1162,0.327468216,2,0.654936433,781369
8,2183,-1484,1819,796,-5850,114,-5144,498,65,967,5250,-9052,-2831,-10426,-540,-4761,1854,-3858,-161,158,91,7934,-575,-1240,0.337243408,2,0.674486816,804693
8,1466,-2320,2445,2200,-5238,-887,-5585,1928,-34,692,4319,-9394,-3009,-11344,-1139,-4411,935,-2872,-186,169,103,7858,-698,-1300,0.327468216,2,0.654936433,781369
8,1015,-2245,2602,680,-6237,-2230,-5741,2680,-194,72,3887,-9100,-3712,-11219,-782,-1190,-413,-782,-240,173,90,7844,-808,-1328,0.322580636,2,0.645161271,769707
8,402,-2498,3359,-1483,-5308,-3687,-5782,3257,-553,-1012,3870,-8874,-2706,-8123,-21,-924,213,-175,-244,162,26,7734,-766,-1306,0.317693055,2,0.635386109,758044
8,-53,-2995,3654,-2449,-5459,-3613,-5672,3086,-827,-1369,3551,-8796,-2232,-5375,1282,-3942,2856,-1210,-187,112,-36,7569,-647,-1261,0.312805474,2,0.625610948,746382
8,-951,-3439,3675,-2690,-5054,-2760,-4947,2560,-956,-594,2644,-9404,-3263,-6250,2373,-5204,3871,-1898,-152,58,-63,7488,-528,-1256,0.307917893,2,0.615835786,734720
8,-1468,-4016,3470,-3023,-5131,-5009,-4292,2345,-837,727,3126,-9136,-3833,-6420,2181,-2692,3157,179,-143,-4,-65,7584,-443,-1213,0.317693055,2,0.635386109,758044
8,-2276,-4848,3407,-2321,-4524,-5772,-3946,2243,-1015,570,4320,-8852,-4325,-3081,3295,-499,1953,2802,-248,-44,-51,7629,-396,-1176,0.317693055,2,0.635386109,758044
8,-2848,-4621,3497,-1840,-4895,-4277,-3672,1986,-1223,-60,4827,-9708,-1996,1433,4152,-5177,-1745,860,-320,-43,-44,7750,-385,-1123,0.322580636,2,0.645161271,769707
8,-3578,-3456,3243,-3338,-4919,-3896,-3304,1389,-1289,-256,4717,-10517,1484,-1350,4737,-7611,3880,-3039,-378,-31,-49,7741,-376,-1068,0.317693055,2,0.635386109,758044
8,-4018,-2992,2976,-5152,-4314,-6444,-2853,1046,-1190,827,4464,-9738,1642,-3985,3528,-3873,7707,-693,-389,-32,-59,7727,-337,-930,0.312805474,2,0.625610948,746382
8,-4499,-3878,2558,-5338,-3682,-9724,-2608,1588,-1215,2442,4415,-8470,-1295,1507,3509,413,11547,1770,-370,-59,-55,7686,-399,-883,0.317693055,2,0.635386109,758044
8,-4727,-4257,1964,-3930,-3884,-10384,-2413,2965,-1183,2578,4276,-8190,-2091,6533,3749,-3070,8585,-5263,-362,-55,-32,7820,-485,-814,0.327468216,2,0.654936433,781369
8,-4685,-3308,1262,-4840,-2895,-10961,-1953,3248,-1172,1987,4627,-8765,-1482,5501,3083,-6866,7481,-7344,-353,-19,-20,7858,-619,-784,0.322580636,2,0.645161271,769707
8,-4654,-2895,944,-5882,-2372,-11350,-1183,3363,-1070,2136,5547,-8575,-1102,5438,1748,-4225,10028,-7307,-325,-13,-18,7817,-697,-782,0.317693055,2,0.635386109,758044
8,-4562,-2756,670,-6123,-2349,-11504,-711,3467,-745,2295,5894,-8176,-1978,7488,1712,-3377,10458,-9275,-289,-36,-10,7802,-775,-781,0.322580636,2,0.645161271,769707
8,-4406,-2530,204,-5720,-2432,-11680,-179,3590,-446,1986,5757,-7853,-1865,7452,1356,-5332,8852,-10705,-197,-34,-11,7904,-729,-762,0.317693055,2,0.635386109,758044
8,-4195,-2211,-36,-4494,-2404,-12188,200,3422,-342,1642,5979,-7798,-2114,6754,753,-5080,9257,-10225,-114,40,-17,7944,-623,-750,0.317693055,2,0.635386109,758044
8,-3856,-1363,-232,-3594,-2445,-12660,623,2786,-101,1357,6443,-7468,-2317,7657,-157,-3533,7607,-10132,-15,62,-2,7809,-528,-800,0.322580636,2,0.645161271,769707
8,-3490,-673,-312,-3350,-2795,-12379,855,2332,140,1350,6417,-7208,-1407,8928,-768,-4585,6109,-12005,14,57,28,7778,-513,-960,0.317693055,2,0.635386109,758044
8,-2972,-1,-248,-3139,-3177,-12556,1217,1729,366,1103,5765,-7292,-1114,7955,-142,-2580,5958,-10830,30,71,60,7915,-521,-1076,0.317693055,2,0.635386109,758044
8,-2682,556,-150,-2665,-2993,-12215,1647,1358,478,1003,5193,-7501,-106,10256,-620,-3102,6342,-10595,60,125,61,7927,-555,-1096,0.322580636,2,0.645161271,769707
8,-2412,1143,-178,-3260,-3112,-12128,2368,749,750,1053,5128,-7953,443,10207,-1210,-3860,5680,-12354,94,101,33,7720,-550,-1101,0.322580636,2,0.645161271,769707
8,-1966,1312,-329,-4145,-3370,-12461,2828,231,969,1096,5334,-7848,-15,8217,-264,-1518,5839,-13296,74,71,16,7671,-550,-1212,0.322580636,2,0.645161271,769707
8,-1417,863,-410,-4786,-3203,-12285,3273,-227,1080,1022,5610,-7809,161,8784,212,-972,6860,-12188,93,53,11,7660,-569,-1334,0.312805474,2,0.625610948,746382
8,-1088,338,-458,-5194,-3214,-11514,3527,-722,1143,948,5550,-8005,-163,8233,752,-462,7577,-12436,152,52,10,7698,-591,-1371,0.317693055,2,0.635386109,758044
8,-571,295,-597,-5333,-2904,-10360,3821,-1300,1263,1429,4787,-8260,-14,7961,1151,1013,8094,-11629,203,10,9,7669,-553,-1318,0.317693055,2,0.635386109,758044
8,-250,994,-920,-5653,-2980,-9092,4264,-1527,1253,2069,4585,-8679,1334,9447,1774,98,9083,-9934,252,-11,-31,7730,-446,-1246,0.312805474,2,0.625610948,746382
8,-211,2510,-1493,-6715,-2891,-8201,4844,-1358,1139,2715,4702,-9013,2257,7413,2233,440,9187,-9561,317,7,-79,7678,-385,-1182,0.337243408,2,0.674486816,804693
8,-235,2864,-1690,-7300,-2802,-8175,5069,-1113,981,2927,5277,-9065,2039,6093,3169,1101,10214,-8746,318,-4,-115,7550,-259,-1154,0.327468216,2,0.654936433,781369
8,-74,2274,-1596,-7023,-2639,-8212,4937,-631,826,2987,5701,-8698,1509,4550,3776,1485,8269,-7590,407,-54,-132,7584,-268,-1194,0.327468216,2,0.654936433,781369
8,-35,2016,-1611,-5658,-2135,-7909,4595,114,663,2620,5054,-8322,1862,3915,4097,3217,5983,-6044,414,-110,-137,7630,-379,-1122,0.317693055,2,0.635386109,758044
8,-129,2466,-1577,-4028,-1910,-7170,4561,470,636,2251,4104,-7912,3235,4100,3951,3700,6322,-4846,367,-91,-116,7761,-515,-1113,0.307917893,2,0.615835786,734720
8,-333,3262,-1911,-4658,-1541,-6116,4825,400,767,1949,3738,-7275,3936,3942,2946,3817,8270,-3526,332,-74,-114,7751,-694,-987,0.307917893,2,0.615835786,734720
8,-467,3404,-2385,-6098,-1827,-6152,4934,328,816,1827,3930,-6580,3362,3628,2827,3946,8476,-3142,336,-66,-122,7753,-687,-922,0.312805474,2,0.625610948,746382
8,-315,2578,-2698,-6974,-1645,-6044,4547,99,808,1490,4697,-5531,2685,2944,2908,4809,8152,-4287,358,-35,-125,7746,-674,-924,0.312805474,2,0.625610948,746382
8,171,2077,-2557,-6070,-1510,-6059,3976,-155,755,1436,4750,-4927,1650,2521,3274,5244,6838,-4870,391,-11,-121,7768,-618,-955,0.312805474,2,0.625610948,746382
8,1170,2154,-2459,-4671,-1346,-5500,3206,-675,785,1494,4105,-3916,1655,1602,3788,4842,5160,-4846,342,4,-118,7738,-589,-950,0.312805474,2,0.625610948,746382
8,2050,2395,-2372,-3965,-947,-5129,2784,-1056,794,1390,3681,-3453,1661,142,3928,3781,3787,-4425,319,-5,-114,7763,-599,-853,0.317693055,2,0.635386109,758044
8,2967,2870,-2216,-1852,-472,-4325,2108,-1673,669,970,3315,-3441,1542,-2414,3091,3222,2147,-4029,291,68,-100,7835,-619,-834,0.307917893,2,0.615835786,734720
8,3572,3688,-2103,-627,-104,-3743,1610,-2389,609,862,2920,-3871,1769,-4663,2525,2354,1498,-4834,323,102,-110,7804,-703,-852,0.322580636,2,0.645161271,769707
8,4153,4689,-2078,202,-34,-3526,972,-3419,713,904,2575,-4242,1823,-6132,1672,2851,1538,-4763,326,79,-119,7755,-781,-825,0.327468216,2,0.654936433,781369
8,4530,5299,-1983,482,-111,-3310,435,-4049,874,984,2508,-4352,1537,-7524,646,2427,1730,-4916,326,60,-115,7757,-846,-896,0.317693055,2,0.635386109,758044
8,4878,5388,-1563,387,-306,-2700,-180,-4518,1100,1383,2363,-5046,970,-8755,-153,1707,1330,-4696,308,110,-113,7840,-900,-917,0.317693055,2,0.635386109,758044
8,4859,5147,-1076,333,-458,-2592,-571,-4504,1312,1946,2294,-5444,1698,-9693,-929,1400,-793,-4716,289,145,-112,7775,-849,-817,0.317693055,2,0.635386109,758044
8,4634,5319,-79,1913,-1317,-2664,-1220,-3928,1538,2028,2389,-5919,1045,-10828,-1501,1267,-1575,-4861,214,129,-142,7803,-748,-724,0.317693055,2,0.635386109,758044
8,4589,4704,508,1046,-1321,-2054,-1762,-3411,1578,1697,2686,-6327,2880,-10749,-1704,-1214,206,-4394,201,91,-147,7757,-633,-726,0.312805474,2,0.625610948,746382
8,4194,3938,1111,1518,-1851,-1502,-2228,-2977,1558,1195,3206,-6774,1337,-12697,-1979,-613,775,-4988,80,85,-114,7800,-500,-667,0.317693055,2,0.635386109,758044
8,3388,2963,1724,1293,-2804,-692,-2697,-2307,1409,1343,3075,-7770,1310,-12795,-1761,-746,1216,-4501,-15,101,-93,7773,-506,-653,0.322580636,2,0.645161271,769707
8,2699,2063,2034,1315,-3460,-625,-3054,-1536,1377,1423,3062,-8131,686,-12823,-1433,-2094,1259,-4455,-132,142,-77,7825,-452,-585,0.317693055,2,0.635386109,758044
8,1658,658,2255,473,-4202,-281,-3510,-525,1329,1237,3726,-8276,-39,-12121,-718,-1637,993,-3795,-267,119,-59,7760,-384,-506,0.317693055,2,0.635386109,758044
8,1191,-268,2694,1386,-4389,-440,-3926,414,1159,940,3893,-8602,-638,-10923,-111,-2414,1181,-3155,-358,84,-41,7830,-360,-550,0.317693055,2,0.635386109,758044
8,646,-315,3095,824,-4618,-1387,-4439,1557,864,490,3600,-8670,-1663,-11090,610,-2491,1390,-2810,-371,129,-62,7854,-353,-525,0.322580636,2,0.645161271,769707
8,149,-590,3201,-41,-4888,-2552,-4624,2142,639,-75,2939,-9037,-2788,-10543,770,-2325,1173,-2403,-321,108,-87,7822,-408,-561,0.317693055,2,0.635386109,758044
8,-560,-1453,3762,-819,-4962,-3498,-4551,2596,403,-457,2722,-8779,-3265,-8985,1356,-1935,1989,-3289,-320,107,-88,7824,-416,-530,0.312805474,2,0.625610948,746382
8,-982,-2286,3948,-1217,-5084,-3794,-4526,2684,172,-1005,3407,-8490,-4761,-7887,2037,-3572,2942,-4619,-429,78,-68,7826,-437,-598,0.312805474,2,0.625610948,746382
8,-1275,-3522,3792,-2195,-5571,-5083,-4642,2390,-253,-1655,4138,-8368,-5785,-8219,2356,-4060,1250,-3137,-466,90,-61,7957,-517,-709,0.327468216,2,0.654936433,781369
8,-1468,-4280,3782,-1949,-6343,-5556,-4610,1914,-580,-1746,3681,-8379,-4987,-8516,2785,-3434,-25,-511,-524,126,-67,7826,-504,-717,0.307917893,2,0.615835786,734720
8,-1545,-4200,4055,-1446,-5902,-5881,-4165,1319,-646,-926,2762,-8448,-3534,-6035,2968,-4455,1339,1815,-496,104,-82,7759,-462,-817,0.317693055,2,0.635386109,758044
8,-1784,-4082,4149,-1283,-5722,-5749,-3690,1013,-619,-211,3130,-8358,-2594,-4230,2797,-4233,2941,2483,-488,68,-93,7711,-404,-844,0.312805474,2,0.625610948,746382
8,-2090,-3999,3971,-1364,-5560,-5247,-3270,718,-790,-161,4580,-8566,-2233,-2658,2379,-4861,3879,2494,-507,52,-89,7800,-340,-848,0.312805474,2,0.625610948,746382
8,-2259,-3369,3445,-2068,-5256,-5880,-3077,426,-986,-266,4877,-9166,-1687,-1488,2063,-4944,4903,1762,-492,58,-75,7825,-396,-923,0.317693055,2,0.635386109,758044
8,-2375,-2731,3012,-3512,-4811,-6809,-2850,483,-1029,642,3840,-8938,-1361,44,1910,-5368,6622,989,-462,66,-97,7778,-486,-939,0.312805474,2,0.625610948,746382
8,-2833,-2528,2740,-3783,-4995,-7054,-2462,951,-1125,1429,3602,-8737,-1944,1398,1355,-6016,7720,467,-422,38,-145,7699,-615,-933,0.312805474,2,0.625610948,746382
8,-3123,-2520,2321,-3863,-4436,-7032,-1998,1359,-1278,1600,3969,-8995,-2506,2061,1246,-6088,6411,157,-335,-21,-177,7775,-583,-891,0.312805474,2,0.625610948,746382
8,-3399,-2334,1758,-4999,-3799,-7926,-1482,1747,-1412,1520,4989,-9299,-2265,2858,1198,-5835,7514,-569,-290,-54,-208,7818,-479,-778,0.312805474,2,0.625610948,746382
8,-3655,-2123,1426,-5219,-3393,-9068,-1098,1929,-1497,1503,5234,-9220,-2185,4124,1114,-5804,8066,-1458,-229,-77,-231,7827,-376,-702,0.312805474,2,0.625610948,746382
8,-3820,-1759,818,-5704,-2635,-10309,-793,2565,-1282,2192,4883,-8489,-1991,5422,1122,-6532,8635,-2355,-143,-81,-231,7798,-392,-722,0.317693055,2,0.635386109,758044
8,-3928,-1497,355,-5469,-2865,-10531,-423,2901,-1086,2557,5024,-8326,-1865,6437,735,-6662,8400,-3759,-62,-73,-219,7795,-445,-689,0.327468216,2,0.654936433,781369
8,-3845,-1277,-306,-6168,-1924,-11233,136,2999,-886,2321,5612,-8435,-1569,6873,1343,-6189,7915,-5132,-11,0,-195,7934,-463,-649,0.312805474,2,0.625610948,746382
8,-3743,-1247,-549,-5619,-2325,-12328,374,3155,-719,2103,5975,-8352,-1585,7730,1497,-5835,9061,-6218,30,44,-192,7952,-390,-624,0.317693055,2,0.635386109,758044
8,-3327,-881,-900,-5176,-2403,-13300,547,3146,-324,1903,6241,-7638,-1833,8896,1697,-5003,8955,-7152,59,80,-198,7848,-335,-627,0.317693055,2,0.635386109,758044
8,-3099,-690,-1121,-4795,-2515,-13143,877,2902,-144,1466,6107,-7447,-1666,10588,1504,-4475,7946,-8072,99,82,-181,7805,-295,-652,0.322580636,2,0.645161271,769707
8,-2844,-569,-1238,-3576,-2486,-11324,1519,2388,42,1097,5572,-8214,-1384,11017,1743,-3144,7297,-8815,83,81,-139,7884,-258,-630,0.317693055,2,0.635386109,758044
8,-2925,-91,-1227,-3098,-2691,-10066,2094,1812,227,1222,5157,-9026,275,10996,1508,-3964,6262,-11478,101,128,-117,7926,-241,-615,0.312805474,2,0.625610948,746382
8,-2787,725,-1642,-4286,-2988,-10286,2608,1012,606,1423,5299,-9211,1022,9389,1381,-4725,7077,-11724,149,149,-116,7886,-268,-666,0.317693055,2,0.635386109,758044
8,-2655,972,-1716,-4200,-2930,-10800,2701,861,784,1728,5325,-8476,993,8250,1334,-2666,7440,-11529,197,161,-156,7819,-208,-575,0.322580636,2,0.645161271,769707
8,-2424,940,-1590,-3787,-2590,-11177,2971,1098,981,2123,5318,-8101,538,8688,1495,-1100,7267,-11060,357,148,-183,7734,-82,-615,0.317693055,2,0.635386109,758044
8,-2301,496,-1284,-3656,-1948,-10585,3329,1022,1121,2335,5391,-8428,-37,8550,1555,-825,6542,-10525,437,133,-186,7674,91,-614,0.322580636,2,0.645161271,769707
8,-2303,499,-1340,-3978,-1614,-9796,3821,752,1290,2689,5047,-8925,574,7723,1641,-698,7185,-10990,488,101,-173,7678,145,-669,0.312805474,2,0.625610948,746382
8,-2103,997,-1498,-4533,-1610,-9628,4152,595,1420,3120,4659,-9190,1601,6994,1946,-29,7175,-10133,519,72,-154,7697,166,-780,0.312805474,2,0.625610948,746382
8,-2016,1313,-1606,-4778,-1519,-10379,4516,680,1606,3396,4506,-9349,1728,6179,2222,1099,7178,-9856,552,65,-146,7688,153,-793,0.312805474,2,0.625610948,746382
8,-1982,1503,-1448,-4327,-1499,-10960,4694,751,1706,3133,4873,-9093,1747,6561,2571,3005,7516,-9889,510,49,-140,7734,154,-679,0.322580636,2,0.645161271,769707
8,-1882,1485,-1232,-4369,-1884,-10265,4877,762,1695,2778,5237,-8873,1365,7043,3330,3073,7451,-8794,461,34,-158,7843,247,-576,0.332355827,2,0.664711654,793031
8,-1770,1478,-1169,-4838,-2012,-9432,5056,789,1652,2851,4665,-8896,1145,6645,3750,2671,7009,-8163,390,33,-178,7869,405,-429,0.332355827,2,0.664711654,793031
8,-1708,1622,-1117,-4755,-1985,-8844,5212,814,1730,2703,4031,-8450,1529,6206,4197,3183,6421,-7502,363,6,-213,7765,536,-332,0.317693055,2,0.635386109,758044
8,-1674,2129,-992,-4347,-2006,-8056,5443,767,1892,2689,3873,-8085,2320,5763,4520,3348,6234,-7016,412,-36,-226,7745,603,-319,0.317693055,2,0.635386109,758044
8,-1602,2797,-1035,-4658,-1864,-7639,5449,776,1973,2634,4063,-7550,2670,5388,4810,4205,6238,-6120,472,-84,-198,7730,541,-439,0.312805474,2,0.625610948,746382
8,-1414,3067,-1065,-4764,-1869,-6777,5207,736,2007,2230,4158,-6460,3169,5337,4926,4173,6628,-5139,461,-93,-173,7800,408,-520,0.312805474,2,0.625610948,746382
8,-1170,2955,-1006,-4687,-1743,-6106,4855,527,1922,1899,3874,-5451,2548,4684,5068,3608,5956,-4655,370,-75,-156,7845,305,-527,0.317693055,2,0.635386109,758044
8,-617,2344,-750,-4376,-1475,-4968,4253,262,1728,1698,3070,-4362,1993,3705,4993,3924,5501,-4299,308,-72,-144,7875,250,-536,0.317693055,2,0.635386109,758044
8,48,1782,-466,-3479,-1359,-4200,3813,4,1571,1587,2765,-3543,1058,2410,4699,3074,5316,-4018,228,-67,-133,7816,227,-524,0.312805474,2,0.625610948,746382
8,763,1135,-258,-2900,-759,-3714,2975,-430,1345,1314,2918,-2420,416,1236,4293,3073,4311,-4405,169,-97,-126,7782,242,-523,0.317693055,2,0.635386109,758044
8,1758,831,-250,-1420,-779,-3370,2080,-674,1088,895,2746,-1689,362,-188,4229,2772,2709,-4955,121,-122,-112,7824,231,-535,0.307917893,2,0.615835786,734720
8,2587,1542,-396,-530,-313,-3320,965,-1114,644,377,1830,-1621,454,-1966,3784,2066,1684,-5413,90,-129,-107,7879,239,-537,0.317693055,2,0.635386109,758044
8,3579,2657,-652,366,-163,-3633,372,-1619,470,224,1255,-2010,632,-3949,3203,1920,1080,-5926,24,-136,-101,7841,296,-495,0.312805474,2,0.625610948,746382
8,4220,3394,-719,960,281,-3761,-196,-2513,485,133,657,-2744,553,-5815,1858,2588,843,-5465,-58,-159,-100,7781,286,-474,0.317693055,2,0.635386109,758044
8,4952,4211,-807,1492,408,-3943,-561,-3282,605,64,520,-3349,569,-6850,661,2865,602,-5388,-127,-165,-90,7758,288,-499,0.312805474,2,0.625610948,746382
8,5434,4819,-853,1697,281,-3824,-1030,-4319,810,3,785,-4352,70,-8147,-11,2611,303,-5834,-286,-215,-66,7776,287,-519,0.312805474,2,0.625610948,746382
8,5930,5514,-692,1750,-221,-3694,-1425,-5041,966,44,1171,-5231,-356,-9511,-475,1641,-237,-6169,-437,-203,-31,7824,287,-445,0.317693055,2,0.635386109,758044
8,6071,5733,-250,1757,-597,-3386,-1968,-5718,1178,364,1513,-6648,45,-10355,-1254,1598,-1013,-6568,-762,-169,19,7862,217,-462,0.317693055,2,0.635386109,758044
8,5892,4637,535,2163,-1500,-2999,-2400,-6088,1348,582,2025,-7143,2266,-11013,-1398,-349,956,-6291,-572,-169,32,7966,106,-498,0.322580636,2,0.645161271,769707
8,5890,4578,1316,1621,-1741,-2582,-2953,-6178,1377,873,2470,-7422,948,-12292,-2035,-119,1096,-5549,-680,-52,70,8225,114,-523,0.322580636,2,0.645161271,769707
8,5478,4170,2192,867,-2266,-2110,-3824,-5194,1197,1157,3159,-7940,-153,-13697,-1768,45,609,-6027,-732,150,53,8287,126,-518,0.317693055,2,0.635386109,758044
8,4844,3559,2782,21,-2611,-1341,-4301,-4302,1220,1689,3067,-8515,377,-13676,-1784,-13,1518,-4948,-584,170,-15,7822,-23,-596,0.317693055,2,0.635386109,758044
8,3813,2272,3173,-508,-3790,-753,-4669,-2633,1388,2047,3034,-9048,-23,-13870,-818,-304,2105,-4218,-508,95,-24,7693,-23,-614,0.322580636,2,0.645161271,769707
8,3002,1174,3231,-851,-4382,-554,-4876,-1303,1378,1277,3647,-9094,-315,-12505,-216,46,3021,-3147,-414,61,-28,7721,-112,-798,0.312805474,2,0.625610948,746382
8,2102,-416,3348,-513,-5399,-1275,-5458,104,1024,-173,5076,-8788,-1075,-11568,151,-202,4292,-3157,-319,22,-34,7850,-149,-909,0.312805474,2,0.625610948,746382
8,1733,-1199,3469,-1183,-5043,-1719,-5986,657,512,-1063,5034,-9266,-2561,-10335,353,-1599,4514,-2096,-259,46,-49,7879,-122,-860,0.317693055,2,0.635386109,758044
8,1202,-1706,3440,-2468,-5330,-2205,-6147,1343,275,-788,2932,-9816,-4684,-9623,442,-1577,4047,-1000,-209,61,-59,7801,-96,-791,0.322580636,2,0.645161271,769707
8,292,-2858,3921,-3903,-5501,-2897,-5960,1524,288,-428,2450,-9680,-4802,-7917,858,-1108,3513,-809,-141,21,-79,7696,45,-771,0.322580636,2,0.645161271,769707
8,-442,-3958,4082,-4273,-5923,-3579,-5743,1768,-21,-883,4321,-9180,-4399,-6662,1505,-1888,4041,-159,-124,-11,-93,7741,262,-804,0.327468216,2,0.654936433,781369
8,-919,-5052,3832,-3290,-6190,-3949,-5886,1873,-411,-1310,5465,-9194,-3959,-4944,1852,-3351,4332,401,-25,-66,-97,7827,308,-938,0.312805474,2,0.625610948,746382
8,-1340,-4993,3584,-3179,-6302,-3947,-5881,1767,-745,-1187,4220,-9968,-4376,-3379,1965,-5203,5588,785,28,-36,-96,7858,224,-931,0.322580636,2,0.645161271,769707
8,-2085,-5128,3364,-3444,-6532,-4814,-5402,1796,-783,-406,2802,-10285,-5625,-2646,1751,-5844,4538,237,13,-49,-109,7763,167,-858,0.322580636,2,0.645161271,769707
8,-2481,-5487,3084,-3195,-6312,-5759,-4669,2037,-933,81,3753,-9725,-5131,-1770,2142,-5088,3818,245,-57,-86,-105,7751,243,-716,0.317693055,2,0.635386109,758044
8,-3019,-5335,2736,-2384,-5583,-5743,-4443,2152,-1171,-192,5047,-9613,-4850,-447,2186,-5217,3651,920,-105,-120,-98,7817,324,-610,0.312805474,2,0.625610948,746382
8,-3394,-4577,2712,-2195,-5413,-6623,-4141,2263,-1414,-39,4743,-10092,-3872,852,2107,-5675,3453,112,-104,-144,-100,7801,377,-592,0.317693055,2,0.635386109,758044
8,-3995,-3734,2581,-2885,-4786,-7411,-3593,2422,-1440,516,4084,-10195,-3054,1989,1524,-5743,5294,-706,-60,-163,-104,7751,359,-677,0.312805474,2,0.625610948,746382
8,-4424,-3319,2215,-3225,-4452,-8023,-2716,2421,-1515,780,4278,-9862,-2686,2946,1261,-5903,6040,-2161,-42,-193,-104,7748,298,-682,0.307917893,2,0.615835786,734720
8,-4721,-2371,1399,-2344,-3794,-9732,-2146,2609,-1694,792,4259,-10056,-2801,4440,932,-4977,7303,-2420,-56,-247,-101,7738,256,-605,0.312805474,2,0.625610948,746382
8,-5214,-1544,1125,-3241,-3367,-10687,-1511,2955,-1840,846,4072,-10193,-2383,6171,262,-5960,6330,-4520,-41,-271,-93,7765,160,-458,0.322580636,2,0.645161271,769707
8,-5427,-827,544,-3997,-3072,-11788,-739,3296,-1714,1825,4210,-10080,-1845,6740,79,-7144,7548,-8618,19,-251,-111,7817,188,-367,0.317693055,2,0.635386109,758044
8,-5403,-411,15,-5210,-2510,-11993,-69,3559,-1347,2292,4850,-9299,-1424,6121,166,-7926,7478,-10139,54,-278,-137,7849,208,-418,0.312805474,2,0.625610948,746382
8,-5318,-434,-378,-5087,-1668,-12366,525,4015,-914,2222,5930,-8778,-1517,4938,412,-6552,7336,-10346,17,-256,-107,8017,420,-454,0.312805474,2,0.625610948,746382
8,-5164,-430,-565,-4213,-357,-13131,834,4260,-565,2284,6649,-8230,-1068,5366,453,-4400,6802,-10039,-11,-245,-66,7982,373,-587,0.312805474,2,0.625610948,746382
8,-4942,-56,-591,-3091,363,-14050,1326,3859,46,2433,7362,-7685,-621,6060,649,-2881,6199,-10600,-82,-190,4,8070,362,-686,0.317693055,2,0.635386109,758044
8,-4623,814,-717,-3206,507,-14266,1507,3151,657,2570,7529,-7537,-324,7620,218,-3897,6757,-12439,-92,-94,32,8022,352,-709,0.312805474,2,0.625610948,746382
8,-4242,1393,-768,-3809,227,-14184,1895,2414,1253,3000,7100,-7541,687,7072,-385,-4664,6798,-12912,-90,-27,53,8000,333,-766,0.317693055,2,0.635386109,758044
8,-3650,2060,-843,-4348,458,-14217,2317,2123,1670,3298,7087,-7353,797,7490,852,-1388,7063,-12875,-42,45,63,7984,281,-846,0.322580636,2,0.645161271,769707
8,-3300,2057,-704,-4199,88,-14018,2796,1765,2073,3056,7148,-7584,785,8099,1427,-2383,5852,-12726,43,85,51,7943,262,-888,0.317693055,2,0.635386109,758044
8,-2733,2021,-356,-3274,-449,-13761,2937,1314,2405,2501,7166,-7656,893,7650,1472,-1676,5946,-13533,93,94,27,7824,347,-904,0.312805474,2,0.625610948,746382
8,-2277,2099,-192,-3048,-944,-13079,3019,994,2799,2218,6694,-7203,2028,7891,1218,-1503,5491,-12832,98,60,18,7633,466,-918,0.317693055,2,0.635386109,758044
8,-1800,2900,-253,-3259,-1465,-11453,3230,829,2967,2205,6013,-7325,3723,7966,992,-1939,5995,-12051,154,-22,15,7591,594,-1012,0.317693055,2,0.635386109,758044
8,-1586,3603,-598,-4398,-1954,-10394,3656,662,3098,2610,5160,-7960,3690,9111,1640,298,7273,-9872,210,-59,14,7641,670,-1105,0.312805474,2,0.625610948,746382
8,-1258,3676,-1036,-5527,-1979,-10347,3870,680,3117,2802,5008,-7791,3224,7967,2601,-1495,7926,-10687,287,-83,16,7652,706,-1151,0.317693055,2,0.635386109,758044
8,-1157,3245,-1154,-5528,-2272,-10494,4095,995,2929,2849,5247,-7213,2456,7540,3341,42,7650,-10307,345,-88,10,7676,612,-1141,0.317693055,2,0.635386109,758044
8,-804,2655,-1183,-5029,-2842,-10100,4153,1112,2776,2290,5293,-6853,2054,7220,3649,777,7336,-10511,388,-101,-12,7650,531,-1072,0.317693055,2,0.635386109,758044
8,-488,2613,-1214,-4401,-2630,-9594,4169,1109,2623,1754,4842,-6488,2655,7116,4130,1292,6333,-10628,391,-130,-22,7738,425,-965,0.322580636,2,0.645161271,769707
8,-81,2995,-1388,-3909,-2625,-9046,4223,880,2415,1460,4270,-6028,3017,6457,4518,2356,6556,-10116,426,-126,-29,7869,287,-912,0.337243408,2,0.674486816,804693
8,369,3354,-1470,-3669,-1924,-7953,4260,442,2297,1528,3865,-5829,3017,6297,4978,2732,5771,-8663,392,-103,-25,7882,228,-803,0.317693055,2,0.635386109,758044
8,587,3213,-1526,-3788,-1501,-7415,4281,-280,2272,1681,3713,-5517,2690,5524,5046,3279,5808,-6909,358,-88,-6,7884,137,-761,0.317693055,2,0.635386109,758044
8,1026,2750,-1529,-3981,-1141,-7113,4132,-834,2284,1908,3818,-4904,1980,4368,5219,3895,5044,-6891,285,-73,13,7892,96,-786,0.322580636,2,0.645161271,769707
8,1566,2605,-1338,-3334,-873,-6825,3547,-1505,2081,1904,3669,-4114,2094,3277,5223,4244,2670,-7199,274,-44,27,7843,106,-767,0.312805474,2,0.625610948,746382
8,2378,2668,-944,-2064,-451,-6098,3042,-1926,1854,1855,3356,-3770,710,1375,5477,3605,2667,-6515,234,-15,49,7926,168,-783,0.317693055,2,0.635386109,758044
8,2967,2821,-648,-943,-492,-5651,2411,-2502,1607,1706,3074,-3400,405,-92,5174,4053,2177,-6219,246,33,65,7973,224,-745,0.312805474,2,0.625610948,746382
8,3878,2835,-301,-782,-378,-5313,1889,-2972,1444,1319,2770,-3291,435,-1153,4848,3880,1889,-6076,185,128,94,7970,338,-737,0.317693055,2,0.635386109,758044
8,4519,2740,-77,-661,-118,-4674,1221,-3593,1238,1033,2238,-3434,173,-2373,4371,3678,1636,-4940,129,118,104,7783,371,-790,0.307917893,2,0.615835786,734720
8,5150,2877,124,-598,22,-4136,802,-4035,1077,780,1897,-3928,-234,-3730,3835,2834,1801,-4419,49,79,139,7819,408,-866,0.322580636,2,0.645161271,769707
8,5425,2849,254,-185,20,-3831,228,-4555,967,743,1685,-4723,-1053,-4684,3320,2772,1555,-4143,-63,103,129,7818,375,-1009,0.322580636,2,0.645161271,769707
8,5755,2981,392,327,-2,-3729,-198,-4942,910,779,1672,-5021,-1546,-5653,2590,3057,670,-3847,-212,73,120,7764,287,-868,0.307917893,2,0.615835786,734720
8,5927,3104,565,773,-152,-3631,-784,-5290,881,859,1895,-5463,-1866,-6458,1546,2585,253,-3677,-256,104,136,7929,189,-878,0.312805474,2,0.625610948,746382
8,6104,2688,824,1637,-351,-3315,-1238,-5478,935,786,2351,-5719,-2886,-7724,793,942,2514,-4072,-370,167,168,7868,40,-800,0.317693055,2,0.635386109,758044
8,6072,2668,1080,1207,-1090,-2834,-1836,-5529,996,935,2843,-6358,-2494,-8339,-55,1080,539,-4559,-487,155,165,7836,46,-800,0.317693055,2,0.635386109,758044
8,5971,2698,1441,1172,-1797,-2704,-2314,-5271,994,777,3182,-6643,-2292,-8611,-535,619,-193,-5159,-498,126,134,7789,42,-844,0.312805474,2,0.625610948,746382
8,5733,2533,1987,-1701,-2282,-2154,-2848,-5006,882,538,3432,-6842,702,-8178,-1559,1,1876,-5488,-509,110,122,7806,98,-828,0.307917893,2,0.615835786,734720
8,5363,1470,2697,1172,-3073,-2218,-3446,-4428,782,593,3437,-7322,-876,-9795,-1456,-614,705,-5229,-508,88,125,7756,78,-860,0.312805474,2,0.625610948,746382
8,4977,1275,3130,954,-2981,-1337,-3746,-3730,1019,1001,3809,-7807,-1993,-11111,-1502,-1377,1584,-4265,-596,106,147,7862,131,-872,0.317693055,2,0.635386109,758044
8,4196,773,3345,-71,-3183,-245,-4049,-3121,1138,1058,4066,-7982,-2026,-11422,-1230,-1708,1527,-3967,-530,141,148,7799,115,-1003,0.322580636,2,0.645161271,769707
8,3456,121,3431,-816,-3629,317,-4594,-2038,1156,846,5168,-7701,-2632,-12234,-935,-1943,2408,-3686,-419,117,127,7773,-69,-1033,0.312805474,2,0.625610948,746382
8,2354,-1378,3637,-1788,-3853,1647,-5133,-1393,1046,470,5552,-8062,-3403,-12808,-749,-2138,2572,-2447,-382,119,125,7800,-211,-925,0.322580636,2,0.645161271,769707
8,1429,-2126,3905,-1055,-4532,1086,-5334,-252,996,848,3233,-9766,-3828,-11862,512,-2243,3220,-1066,-321,69,81,7744,-255,-889,0.322580636,2,0.645161271,769707
8,359,-2431,3739,-1172,-5669,-699,-5259,730,935,897,2253,-9868,-4378,-10152,860,-2860,3598,-2149,-241,11,21,7717,-248,-936,0.322580636,2,0.645161271,769707
8,-197,-2702,3552,-1766,-5973,-2110,-5100,2002,530,-167,4062,-9206,-4723,-9901,759,-2496,3894,-2204,-163,-9,-16,7834,-77,-961,0.322580636,2,0.645161271,769707
8,-1094,-3625,3745,-2786,-6113,-3042,-5272,2553,247,-1090,5665,-9012,-5949,-8543,954,-1036,4187,-967,-97,-13,-37,7746,37,-966,0.317693055,2,0.635386109,758044
8,-1457,-4316,3689,-3067,-6350,-3427,-5642,2826,-101,-1724,5444,-9229,-6281,-6320,1600,-2262,4329,-261,-31,-10,-23,7725,109,-823,0.317693055,2,0.635386109,758044
8,-1939,-4862,3560,-3857,-6373,-4411,-5496,2905,-189,-1601,4105,-9275,-6762,-4470,2073,-4598,4386,-771,28,2,-5,7765,53,-778,0.317693055,2,0.635386109,758044
8,-2350,-5201,3565,-4858,-6631,-5359,-4795,2747,-262,-781,4275,-9009,-5850,-3847,2027,-4844,3671,-228,3,-4,2,7808,30,-688,0.317693055,2,0.635386109,758044
8,-2725,-5581,3503,-4410,-6762,-6135,-4473,2679,-365,-605,5460,-8871,-4009,-2277,2133,-4670,4614,951,2,-1,2,7941,-3,-721,0.317693055,2,0.635386109,758044
8,-3025,-4997,3182,-3657,-6512,-5995,-4240,2467,-597,-581,6469,-8584,-3348,-560,2033,-5431,6118,1341,12,23,15,7961,-18,-654,0.337243408,2,0.674486816,804693
8,-3152,-4148,2806,-3755,-6072,-6468,-3968,2283,-802,-441,6287,-8685,-3284,135,1691,-5948,6786,-113,31,78,19,8028,-16,-601,0.332355827,2,0.664711654,793031
8,-3367,-3627,2450,-4152,-5831,-7530,-3511,2255,-945,226,4570,-8894,-3554,1429,1379,-6313,7254,-767,101,92,14,7893,-78,-656,0.351906151,2,0.703812301,839680
8,-3629,-3445,2132,-4026,-5438,-7968,-2876,2219,-1053,645,4072,-8685,-3383,2539,945,-7244,6138,-2258,111,119,7,7865,-4,-650,0.317693055,2,0.635386109,758044
8,-3738,-2612,1374,-1928,-5210,-8297,-2245,2221,-1206,623,4300,-8719,-2572,2595,-22,-7357,7257,-3058,135,88,5,7798,31,-680,0.317693055,2,0.635386109,758044
8,-4064,-1549,946,-3843,-3864,-8160,-1545,2203,-1358,624,5050,-8514,-1811,2824,-1238,-7136,6671,-3274,137,77,18,7800,76,-616,0.322580636,2,0.645161271,769707
8,-4358,-744,411,-3824,-3797,-8861,-1090,2454,-1370,1338,4826,-8256,-1607,2986,-1585,-6492,6641,-3793,169,77,29,7785,66,-613,0.322580636,2,0.645161271,769707
8,-4409,-278,-33,-4656,-3186,-9357,-214,3044,-994,2001,5152,-7649,-1392,3774,-1189,-6398,5663,-4059,185,65,35,7833,50,-657,0.317693055,2,0.635386109,758044
8,-4537,-316,-454,-4811,-2589,-9300,148,3426,-819,1790,5720,-7300,-1559,4481,-1042,-6478,5740,-4243,158,72,36,7822,24,-622,0.312805474,2,0.625610948,746382
8,-4553,-437,-704,-4997,-2507,-9411,594,3864,-813,1374,6565,-7285,-1406,5080,-388,-5661,5357,-4483,155,34,41,7782,31,-590,0.332355827,2,0.664711654,793031
8,-4488,-377,-981,-5611,-2352,-9848,832,3830,-719,1229,7049,-6855,-1037,6201,341,-5920,6297,-5003,155,23,49,7866,31,-519,0.322580636,2,0.645161271,769707
8,-4378,-510,-1103,-5398,-2711,-10080,972,3889,-575,1191,7180,-6357,-1457,6471,668,-6152,6536,-6286,179,41,45,7861,17,-551,0.317693055,2,0.635386109,758044
8,-4118,-674,-1166,-4863,-2672,-10144,927,3964,-523,1036,7084,-6099,-1482,6965,550,-6477,5392,-8305,166,32,20,7808,133,-547,0.312805474,2,0.625610948,746382
8,-3814,-477,-1140,-3923,-2523,-10377,1032,3573,-338,787,7044,-5849,-1193,6531,183,-5169,6109,-8380,100,16,-1,7766,203,-574,0.317693055,2,0.635386109,758044
8,-3373,-59,-1044,-3652,-2323,-10577,1202,3154,-97,710,7063,-5645,-1322,7293,887,-4164,6214,-8896,60,-22,33,7748,208,-583,0.317693055,2,0.635386109,758044
8,-3052,136,-962,-3744,-2170,-10687,1470,2610,220,1044,6719,-5667,-1229,7722,1383,-4899,5596,-9798,48,-57,66,7756,95,-648,0.312805474,2,0.625610948,746382
8,-2556,153,-695,-3729,-2004,-10856,1729,2110,471,1208,6421,-5886,-1490,6952,1364,-4921,6350,-10440,18,-59,69,7817,-119,-686,0.322580636,2,0.645161271,769707
8,-2351,70,-530,-3615,-1761,-10354,2204,1351,840,1607,6292,-6670,-1410,6366,1391,-4409,5422,-10397,16,-34,52,7930,-239,-709,0.376344085,2,0.752688169,897991
8,-2173,242,-468,-3015,-1798,-10242,2588,970,1160,1910,6706,-7063,-86,5160,1133,-4767,4714,-10364,24,-14,18,7861,-307,-715,0.312805474,2,0.625610948,746382
8,-1792,1145,-599,-2998,-1918,-10993,2874,531,1478,2286,7136,-7267,1239,5686,943,-1241,5399,-8412,13,-52,5,7767,-242,-713,0.317693055,2,0.635386109,758044
8,-1576,1884,-643,-3641,-2084,-11512,2961,392,1665,2485,6855,-7344,2047,6113,1150,-2677,7203,-9885,36,-88,-15,7753,-136,-750,0.322580636,2,0.645161271,769707
8,-1361,2331,-617,-5008,-2239,-11410,3187,83,1887,2400,6357,-7581,1511,6622,1775,-673,7637,-9994,128,-104,-19,7782,-121,-794,0.317693055,2,0.635386109,758044
8,-1172,2070,-592,-5627,-2127,-11313,3460,-152,2012,2415,6174,-7624,1079,7406,2570,-463,8281,-9833,198,-88,-17,7834,-85,-764,0.317693055,2,0.635386109,758044
8,-975,1472,-585,-5672,-2073,-10050,3866,-249,2065,2687,5985,-7605,755,7413,3078,-531,8098,-9433,302,-90,-31,7822,-50,-698,0.322580636,2,0.645161271,769707
8,-915,1627,-679,-5089,-2141,-8586,4154,-181,2018,3015,5748,-7757,2404,6728,3350,-1488,6806,-9279,355,-76,-60,7809,17,-558,0.317693055,2,0.635386109,758044
8,-893,2753,-1055,-4827,-2050,-8156,4386,-87,1966,3328,5615,-7686,3737,5352,2971,-733,7456,-8755,372,-71,-94,7800,103,-510,0.317693055,2,0.635386109,758044
8,-811,3546,-1184,-4901,-1881,-8543,4373,22,1944,3329,5682,-7350,4124,4663,2640,1135,7298,-7674,365,-97,-117,7784,268,-540,0.322580636,2,0.645161271,769707
8,-695,3725,-1355,-5379,-1801,-8990,4276,399,1885,2895,5103,-6860,3416,4730,3057,3367,7265,-7067,336,-138,-123,7760,342,-540,0.327468216,2,0.654936433,781369
8,-475,3179,-1304,-5332,-1941,-8615,4295,481,1927,2379,4581,-6560,2631,5644,3646,3663,7245,-6381,286,-132,-85,7813,343,-608,0.395894438,2,0.791788876,944640
8,-296,2380,-1350,-4916,-1564,-7821,4385,366,1919,2129,4056,-6452,1617,5875,4110,3658,7409,-5843,223,-103,-18,7832,288,-597,0.322580636,2,0.645161271,769707
8,-297,1988,-1376,-4744,-1551,-7442,4579,41,1908,2107,3759,-6347,1135,5755,4571,3754,6522,-6143,106,-119,19,7776,173,-542,0.327468216,2,0.654936433,781369
8,-79,1495,-1308,-4646,-1643,-7241,4587,-411,1948,2082,3902,-5985,756,5203,5017,3630,5518,-6600,-11,-108,30,7819,63,-488,0.317693055,2,0.635386109,758044
8,253,1365,-1102,-4106,-1244,-6911,4315,-885,1863,1960,3848,-5566,819,3993,5189,3485,4689,-6512,-120,-103,33,7888,24,-476,0.312805474,2,0.625610948,746382
8,769,1706,-769,-2612,-1630,-6106,4044,-1149,1775,1824,3530,-5321,1256,2826,5292,3523,3869,-5940,-191,-96,46,7928,-3,-515,0.317693055,2,0.635386109,758044
8,1188,2352,-798,-2938,-1147,-5684,3680,-1632,1700,1957,3189,-5112,2117,1822,5095,4187,3795,-4951,-237,-87,64,7915,-68,-556,0.322580636,2,0.645161271,769707
8,1731,2890,-928,-3279,-801,-5723,3342,-1964,1634,2180,3237,-4585,2503,767,5137,4633,3390,-4198,-212,-58,75,7885,-153,-601,0.312805474,2,0.625610948,746382
8,2254,2899,-855,-3212,-590,-5449,2695,-2201,1464,2315,3254,-4207,1796,-275,5218,4936,3474,-4411,-169,-43,65,7828,-245,-628,0.317693055,2,0.635386109,758044
8,3063,2743,-592,-1936,-345,-4756,2089,-2302,1361,2339,3018,-4178,834,-1807,4596,4301,3270,-5006,-152,0,72,8008,-235,-735,0.317693055,2,0.635386109,758044
8,3597,2846,-423,-1295,-143,-4355,1300,-2498,1357,2312,2893,-4218,218,-3091,3776,3792,2485,-5667,-73,34,49,7874,-275,-750,0.322580636,2,0.645161271,769707
8,3973,3200,-346,-543,-47,-4225,748,-2668,1351,2137,2478,-4333,-62,-4393,2828,3079,2202,-5589,-91,-5,42,7795,-267,-736,0.322580636,2,0.645161271,769707
8,4361,3639,-331,-126,-114,-4316,141,-3151,1386,1653,1910,-4452,-231,-5753,1699,3030,1265,-5219,-104,-1,18,7847,-195,-737,0.400782019,2,0.801564038,956302
8,4580,3966,-230,266,-345,-4488,-258,-3571,1433,1189,1632,-4766,-494,-6620,990,3355,657,-4886,-124,46,3,7827,-46,-697,0.317693055,2,0.635386109,758044
8,4921,4232,5,823,-543,-4165,-713,-4123,1541,769,1688,-5274,-803,-7442,355,2926,615,-5093,-108,16,-18,7697,-14,-761,0.317693055,2,0.635386109,758044
8,5093,4327,258,834,-754,-3816,-1132,-4440,1671,738,2068,-5738,-1374,-8047,-91,2231,423,-4682,-129,-45,-21,7674,7,-737,0.317693055,2,0.635386109,758044
8,5048,4111,703,495,-1280,-3373,-1692,-4576,1788,888,1960,-6503,215,-8144,-1082,1450,-1737,-5012,-201,-66,-5,7757,35,-591,0.322580636,2,0.645161271,769707
8,4753,2812,966,1995,-2433,-3405,-1989,-4457,1890,947,1729,-6923,-7,-9509,-1267,-591,-1380,-4515,-282,-121,5,8018,-60,-653,0.381231666,2,0.762463331,909653
8,4409,2907,1439,1941,-3008,-2595,-2337,-4157,1917,1009,2283,-6975,763,-10016,-1574,-1079,256,-5497,-431,-134,-11,7761,-72,-583,0.342130989,2,0.684261978,816356
8,4135,2953,1709,1239,-2938,-1691,-2781,-3687,1739,955,2999,-7009,-770,-12602,-1604,-1806,854,-5369,-483,-155,-14,7811,-38,-510,0.317693055,2,0.635386109,758044
8,3475,2804,2035,414,-3551,-691,-3438,-2764,1450,822,2970,-7619,861,-11948,-1171,-1156,1474,-4995,-527,-116,-5,7852,114,-295,0.332355827,2,0.664711654,793031
8,2890,2147,2326,90,-3878,-105,-3696,-1926,1412,1152,2793,-8158,141,-11871,-679,-1743,2306,-3592,-492,-159,17,7773,92,-407,0.317693055,2,0.635386109,758044
8,2059,894,2542,-109,-4184,-24,-4076,-620,1391,1214,3605,-7936,-1132,-11966,440,-2384,2244,-3619,-566,-148,71,7858,95,-434,0.327468216,2,0.654936433,781369
8,1253,-433,2644,-983,-4706,106,-4476,344,1200,668,4127,-7997,-2284,-11078,818,-1360,2184,-2778,-634,-114,102,7945,-8,-522,0.322580636,2,0.645161271,769707
8,649,-1837,2947,660,-5424,-1307,-4904,1494,795,-441,4308,-8352,-2564,-9285,1011,-2321,2675,-2457,-608,-62,138,7988,-195,-711,0.317693055,2,0.635386109,758044
8,458,-2252,3274,307,-6047,-2619,-5148,1764,413,-1478,4051,-8614,-4223,-9121,393,-2802,3210,-1579,-494,54,135,8065,-360,-835,0.317693055,2,0.635386109,758044
8,203,-2927,3371,-1185,-6425,-3310,-5378,1770,-95,-1932,3840,-8313,-4895,-7206,337,-1461,2816,-1191,-421,98,103,7987,-467,-804,0.317693055,2,0.635386109,758044
8,-150,-3442,3566,-2563,-6277,-2917,-5466,1764,-368,-1866,3903,-8280,-4664,-4949,791,-3015,4100,-723,-318,71,76,7882,-440,-819,0.312805474,2,0.625610948,746382
8,-686,-4304,3640,-2554,-5907,-2395,-5326,1649,-485,-1431,3855,-8449,-5795,-4375,1206,-5128,4338,-1530,-234,56,46,7873,-380,-933,0.322580636,2,0.645161271,769707
8,-1243,-4676,3698,-2298,-5893,-2210,-4920,1709,-615,-757,3899,-8837,-5821,-4870,1137,-5293,4588,-1459,-153,66,25,7819,-352,-1044,0.317693055,2,0.635386109,758044
8,-1906,-5060,3666,-2833,-6309,-3020,-4631,1808,-804,-571,4092,-9036,-6474,-4786,1270,-4748,3379,52,-20,68,21,7797,-320,-1080,0.317693055,2,0.635386109,758044
8,-2255,-5278,3455,-3251,-6391,-3964,-4410,1997,-1213,-617,4526,-8895,-6396,-3415,1462,-4724,3527,964,80,62,-4,7812,-232,-1094,0.332355827,2,0.664711654,793031
8,-2590,-5157,3278,-3089,-6655,-5173,-4220,2224,-1496,-695,4381,-9147,-5513,-2587,1757,-5796,2447,1179,136,36,-37,7770,-115,-1050,0.322580636,2,0.645161271,769707
8,-2829,-4574,2649,-4073,-6199,-6843,-3578,2274,-1671,-242,4083,-9312,-3755,-1575,1884,-5670,5309,1025,113,26,-64,7722,90,-985,0.332355827,2,0.664711654,793031
8,-3073,-4047,2287,-4354,-5915,-7791,-3059,2419,-1692,433,4431,-9200,-3389,572,1829,-5723,7324,863,145,-2,-76,7683,127,-983,0.322580636,2,0.645161271,769707
8,-3328,-3811,1732,-5594,-5563,-8381,-2626,2573,-1807,532,4898,-9355,-3833,2706,1994,-6476,8345,-765,217,-24,-65,7711,52,-906,0.317693055,2,0.635386109,758044
8,-3633,-3831,1326,-4771,-5441,-8779,-2121,2614,-1999,443,4739,-9542,-4482,3447,1652,-7669,7894,-2249,237,-46,-47,7753,-54,-789,0.317693055,2,0.635386109,758044
8,-3780,-3332,930,-3650,-4850,-10522,-1352,2604,-2012,521,4912,-9623,-4295,3946,684,-7290,6789,-3285,219,-68,-50,7831,-71,-617,0.327468216,2,0.654936433,781369
8,-3953,-2562,496,-3202,-4375,-10881,-725,2326,-1768,1217,5218,-9436,-2952,5340,542,-7416,6505,-4929,197,-100,-74,7876,-22,-583,0.317693055,2,0.635386109,758044
8,-4073,-1356,-105,-5246,-3587,-12221,112,2326,-1335,1774,5996,-9230,-1876,5957,416,-7433,8369,-6344,181,-75,-77,8008,78,-556,0.317693055,2,0.635386109,758044
8,-3978,-937,-505,-5369,-3737,-13007,488,2463,-1098,2028,6098,-9120,-1409,6766,467,-7355,7858,-7837,224,7,-97,8049,167,-602,0.322580636,2,0.645161271,769707
8,-3683,-450,-885,-5285,-3725,-13515,1085,2770,-858,2104,6196,-8770,-1296,7208,538,-7071,8474,-9128,255,25,-120,7881,217,-494,0.312805474,2,0.625610948,746382
8,-3490,-278,-1017,-5148,-3520,-13287,1702,2950,-694,1941,6319,-8669,-1131,7370,278,-6382,8203,-9845,327,20,-83,7811,127,-585,0.356793731,2,0.713587463,851342
8,-3180,2,-1199,-4407,-3586,-13368,2483,2688,-422,1321,6164,-8880,-602,7898,327,-5261,7359,-9388,305,22,-18,7798,-59,-563,0.317693055,2,0.635386109,758044
8,-2871,710,-1527,-4140,-3558,-12828,3039,2274,-217,1101,5954,-9005,205,8732,439,-4612,6544,-9177,266,25,17,7873,-245,-598,0.317693055,2,0.635386109,758044
8,-2782,1583,-1798,-3906,-3355,-11400,3609,1770,51,1007,6093,-9165,1060,9234,620,-3532,5562,-9509,255,50,35,7930,-288,-571,0.312805474,2,0.625610948,746382
8,-2760,2034,-1860,-3693,-3581,-10896,3887,1510,275,952,6298,-8989,1998,9490,1077,-2867,4300,-9695,254,80,43,8009,-200,-543,0.317693055,2,0.635386109,758044
8,-2604,2420,-1832,-3543,-3865,-10514,4090,1341,449,641,6342,-8575,2774,9880,1626,-1795,5694,-9968,204,117,40,7950,16,-509,0.312805474,2,0.625610948,746382
8,-2605,2509,-1870,-3727,-4220,-9714,4266,1229,553,380,5782,-8424,1834,10861,2054,1097,6748,-9130,188,136,50,7770,159,-580,0.312805474,2,0.625610948,746382
8,-2431,2200,-1914,-4500,-3871,-8565,4396,1235,672,515,5293,-8485,1407,11791,2651,-1465,7229,-10717,200,94,98,7729,193,-694,0.307917893,2,0.615835786,734720
8,-2318,1016,-1883,-5280,-3353,-7313,4534,1061,871,1065,4704,-8454,141,9088,3353,-1346,7156,-10669,196,78,163,7760,109,-822,0.317693055,2,0.635386109,758044
8,-2296,70,-1692,-4999,-3167,-7661,4589,1098,1049,1517,4537,-7919,426,8407,4343,-216,6617,-10609,227,67,169,7754,60,-956,0.322580636,2,0.645161271,769707
8,-2150,-119,-1127,-3654,-3131,-8096,4555,1286,1207,1646,4859,-7170,590,6974,4638,1779,5737,-9466,288,29,131,7709,64,-1023,0.322580636,2,0.645161271,769707
8,-1851,459,-1029,-3294,-2906,-8393,4479,1351,1199,1567,5478,-6666,1697,6258,4512,2565,6265,-9199,385,27,54,7662,94,-1118,0.322580636,2,0.645161271,769707
8,-1271,1329,-1271,-4349,-2266,-8705,4042,1046,1050,1595,5576,-5978,2261,5352,4356,3328,7571,-8899,564,0,6,7645,168,-1107,0.317693055,2,0.635386109,758044
8,-670,1511,-1371,-5246,-2104,-8679,3633,882,989,1639,5041,-5570,2240,4246,4589,3848,5864,-9098,677,-10,-33,7707,285,-1047,0.317693055,2,0.635386109,758044
8,268,1803,-1449,-4551,-1876,-7807,3116,559,1087,1477,3900,-5114,2864,3662,4754,4867,5309,-8606,704,-37,-92,7677,284,-990,0.317693055,2,0.635386109,758044
8,969,2683,-1594,-3734,-1591,-6735,2895,215,1199,958,2993,-5057,4386,2936,4618,4299,6104,-7747,682,-133,-128,7599,336,-858,0.317693055,2,0.635386109,758044
8,1548,3610,-2093,-3658,-1305,-6081,2849,-815,1309,599,2565,-5251,4213,1034,4306,3229,7137,-6182,566,-175,-94,7775,311,-852,0.322580636,2,0.645161271,769707
8,1903,3651,-2213,-3971,-1745,-5827,2851,-1619,1264,761,2925,-5221,3263,-435,3596,3980,6122,-5223,439,-121,-28,7845,253,-707,0.332355827,2,0.664711654,793031
8,2302,2849,-1875,-2887,-1588,-5619,2624,-2356,1148,775,3017,-5343,1890,-956,3125,4179,4722,-4486,368,-102,27,7857,-25,-636,0.332355827,2,0.664711654,793031
8,2625,2448,-1718,-2138,-1632,-5415,2500,-2835,1136,912,2846,-5518,1763,-974,2822,4060,3054,-4366,312,-63,40,7836,-215,-531,0.327468216,2,0.654936433,781369
8,3073,2162,-1443,-1675,-1523,-5034,2186,-3286,1115,1149,2851,-5813,1159,-1404,2643,3366,2333,-4855,311,-41,41,7813,-357,-476,0.317693055,2,0.635386109,758044
8,3401,2307,-1290,-1286,-1546,-4762,1759,-3535,1100,1278,2903,-5551,777,-2304,2490,3065,1913,-5319,357,-42,38,7824,-390,-520,0.317693055,2,0.635386109,758044
8,3851,3089,-1236,-849,-1574,-4357,1045,-3492,1084,1443,2956,-5048,1065,-3395,2071,2669,2145,-5553,303,-51,33,7827,-294,-527,0.317693055,2,0.635386109,758044
8,4084,3617,-1376,-872,-1515,-4005,500,-3331,1040,1281,2927,-4867,1364,-4589,1451,2420,2598,-5321,210,-82,16,7919,-64,-462,0.317693055,2,0.635386109,758044
8,4251,3830,-1394,-653,-1531,-3509,-140,-3230,991,945,2760,-5162,1106,-5409,700,1673,2694,-4792,210,-111,-1,7915,46,-492,0.317693055,2,0.635386109,758044
8,4416,3836,-1128,-356,-1536,-2911,-572,-3367,1038,782,2818,-5248,374,-6551,-266,1213,2335,-4552,145,-88,31,7862,193,-501,0.317693055,2,0.635386109,758044
8,4468,3595,-772,29,-1593,-2433,-1025,-3505,1077,806,3167,-5308,-344,-7592,-1156,605,1923,-4462,52,-64,49,7788,130,-566,0.322580636,2,0.645161271,769707
8,4317,2675,-275,-180,-2036,-2454,-1783,-3521,1114,1043,3347,-5559,940,-7652,-1662,-342,1383,-5772,-5,-49,84,7745,63,-686,0.322580636,2,0.645161271,769707
8,4145,2069,370,941,-1702,-1045,-2235,-3275,1156,1431,3106,-5858,-233,-9897,-2144,-1493,593,-4928,-108,3,133,7787,-53,-715,0.317693055,2,0.635386109,758044
8,3832,1942,1069,1027,-1836,-726,-2698,-2720,1322,2010,3495,-6243,420,-10714,-2271,-3098,1183,-3965,-222,66,174,7902,-201,-597,0.322580636,2,0.645161271,769707
8,3257,1610,1569,961,-2219,152,-3124,-2123,1412,2208,4250,-6458,46,-12269,-2159,-2660,645,-4037,-336,82,239,7889,-335,-582,0.317693055,2,0.635386109,758044
8,2323,788,2203,498,-2900,1209,-3787,-1086,1434,2010,4376,-7574,-587,-13500,-1368,-2365,1729,-3840,-393,97,213,7895,-328,-546,0.322580636,2,0.645161271,769707
8,1442,-219,2548,-174,-3644,1303,-4187,-121,1397,1917,4013,-8266,-2341,-14770,-315,-3669,1665,-3518,-436,47,182,7783,-321,-548,0.317693055,2,0.635386109,758044
8,318,-1818,2906,333,-4826,539,-4768,1463,1169,1036,4312,-8527,-3198,-12564,341,-1478,756,-2760,-413,8,158,7651,-358,-588,0.317693055,2,0.635386109,758044
8,-83,-2049,3211,852,-5324,-976,-5256,2497,870,-12,4874,-8612,-3936,-11593,982,-2184,1777,-3902,-405,-89,144,7632,-420,-666,0.312805474,2,0.625610948,746382
8,-252,-2109,3254,-497,-5873,-3394,-5710,3392,398,-1458,3619,-9317,-5056,-11771,779,-707,2441,-2663,-364,-77,146,7856,-459,-772,0.312805474,2,0.625610948,746382
8,-483,-2540,3412,-2203,-6624,-5551,-5775,3593,116,-2095,2759,-9245,-5050,-8984,856,-484,2571,-1421,-393,-70,135,7852,-398,-696,0.317693055,2,0.635386109,758044
8,-831,-3387,3431,-3808,-6703,-5694,-5442,3318,-256,-2563,3149,-8675,-5090,-4943,2414,-3042,3981,-1310,-365,-118,109,7769,-352,-661,0.317693055,2,0.635386109,758044
8,-1161,-4366,3527,-3578,-7458,-5503,-5117,2721,-480,-2215,4306,-8580,-5575,-4340,2895,-7070,3857,-2346,-277,-162,97,7720,-374,-724,0.351906151,2,0.703812301,839680
8,-1247,-5424,3441,-2830,-7391,-4989,-4624,1816,-720,-1207,4278,-9153,-5325,-5243,3007,-5860,3343,-676,-243,-187,92,7734,-359,-820,0.322580636,2,0.645161271,769707
8,-1377,-5364,3326,-2898,-6944,-5434,-4146,1375,-782,-148,4062,-9290,-4274,-3863,2883,-4433,3695,1929,-279,-205,113,7832,-350,-805,0.317693055,2,0.635386109,758044
8,-1603,-4929,3043,-3274,-6159,-6285,-3617,1303,-1011,825,4154,-9269,-2908,-1343,2522,-4304,4750,2755,-381,-163,112,7895,-345,-684,0.322580636,2,0.645161271,769707
8,-2210,-4255,2568,-3156,-5580,-6642,-3102,1399,-1144,1204,4000,-9543,-2729,806,2565,-5438,5285,2487,-435,-142,96,7912,-237,-578,0.312805474,2,0.625610948,746382
8,-2612,-3740,2161,-2376,-5610,-7703,-2224,1661,-1222,1615,3749,-10233,-2657,1857,2112,-6118,5002,162,-388,-152,90,7838,-162,-636,0.317693055,2,0.635386109,758044
8,-3106,-2954,1724,-2773,-4887,-8818,-1561,1707,-1208,2054,4253,-10269,-2203,3206,1803,-6012,5795,-1774,-342,-179,104,7774,-240,-712,0.327468216,2,0.654936433,781369
8,-3432,-2451,1440,-3198,-4724,-9711,-996,1940,-1187,2439,4886,-9823,-2087,4576,1544,-5966,6565,-3163,-334,-178,150,7816,-392,-738,0.381231666,2,0.762463331,909653
8,-3832,-2133,1147,-4293,-3678,-10464,-216,2397,-975,2616,4990,-10078,-2501,5855,1488,-5561,7466,-4467,-362,-162,189,7891,-638,-680,0.342130989,2,0.684261978,816356
8,-4204,-2088,1098,-3791,-3568,-11018,345,2756,-626,2333,5232,-10042,-2208,6916,1121,-5786,6828,-5734,-334,-155,192,7879,-853,-664,0.342130989,2,0.684261978,816356
8,-4316,-1204,687,-3950,-3517,-11605,1110,2727,-248,2612,4986,-10126,-1034,7273,1084,-5642,7087,-7554,-300,-151,174,7850,-815,-674,0.322580636,2,0.645161271,769707
8,-4406,-437,362,-5011,-3126,-12357,1841,2836,5,2615,5274,-9909,-53,7884,683,-5819,7954,-8899,-284,-189,146,7720,-587,-663,0.322580636,2,0.645161271,769707
8,-4415,-202,56,-5223,-3270,-12922,2600,2855,170,2758,5556,-9767,-176,7960,794,-5318,7748,-9618,-322,-218,148,7656,-331,-680,0.322580636,2,0.645161271,769707
8,-4343,-187,-15,-4590,-3554,-13614,3286,2721,343,2414,5768,-9886,-485,8900,947,-3811,8023,-10322,-371,-271,174,7663,-23,-786,0.317693055,2,0.635386109,758044
8,-4161,100,-208,-4826,-3309,-14251,4006,2049,660,2160,5797,-9978,-621,9896,1232,-3781,7678,-11345,-517,-247,155,7775,285,-741,0.322580636,2,0.645161271,769707
8,-3949,385,-362,-5257,-3260,-14487,4349,1685,919,2201,5700,-9887,-437,10117,1051,-2625,8587,-12735,-536,-376,134,7495,388,-833,0.322580636,2,0.645161271,769707
8,-3675,572,-342,-5170,-3177,-14594,4867,1161,1282,2037,5793,-9691,-616,10927,1561,13,6899,-12379,-637,-483,205,7531,282,-964,0.322580636,2,0.645161271,769707
8,-3344,745,-168,-4966,-2938,-13708,5280,630,1554,1662,6024,-9403,-370,12020,3598,2016,6544,-13458,-850,-469,333,7639,75,-1157,0.312805474,2,0.625610948,746382
8,-3034,1143,27,-5030,-3078,-11006,5595,-64,1839,1531,6112,-9230,1163,12584,3938,1201,6937,-12977,-951,-422,388,7742,-221,-1290,0.317693055,2,0.635386109,758044
8,-2734,1922,-172,-5822,-2917,-8445,5634,-357,2021,1789,5845,-9036,2474,11702,4604,413,7919,-11948,-889,-350,395,7778,-428,-1370,0.312805474,2,0.625610948,746382
8,-2514,2791,-292,-6471,-2885,-5649,5590,-272,2178,2702,5483,-8495,3204,11829,4913,385,9836,-10211,-697,-327,377,7684,-670,-1554,0.317693055,2,0.635386109,758044
8,-2344,3064,-268,-6635,-2437,-4330,5354,160,2241,3378,5484,-7552,1955,9175,5590,-906,9953,-8106,-435,-301,284,7724,-850,-1673,0.312805474,2,0.625610948,746382
8,-2272,2523,38,-5985,-1993,-4457,4787,1243,2137,3642,5218,-6370,1044,7042,6027,1040,8469,-5593,-204,-250,198,7884,-946,-1715,0.317693055,2,0.635386109,758044
8,-2254,1565,358,-4885,-1750,-4807,4298,2011,2094,3245,5187,-5648,722,5360,5132,765,7428,-4225,113,-184,102,7906,-840,-1626,0.312805474,2,0.625610948,746382
8,-2048,1408,407,-4414,-1433,-5123,3672,2613,1930,2406,4628,-4477,765,3978,4694,2681,4983,-4724,398,-169,-2,7744,-988,-1705,0.317693055,2,0.635386109,758044
8,-1365,1965,434,-3944,-909,-6088,3193,2620,1848,1771,3867,-3540,1472,2304,4670,3539,4511,-5968,484,-183,-80,7575,-1037,-1678,0.317693055,2,0.635386109,758044
8,-669,2892,250,-3406,-692,-6772,2505,1928,1928,1298,3027,-2893,2215,632,4781,4786,4213,-7161,577,-227,-128,7548,-1064,-1629,0.317693055,2,0.635386109,758044
8,617,3980,-2,-2756,-461,-6736,2023,1141,2041,910,2283,-2765,3269,-273,4564,4956,4465,-7491,620,-248,-194,7599,-1037,-1508,0.317693055,2,0.635386109,758044
8,1506,4316,-103,-2576,-445,-6537,1566,-320,2265,161,1454,-2839,3374,-1013,4133,4734,4786,-6896,647,-249,-202,7642,-946,-1446,0.322580636,2,0.645161271,769707
8,2516,4396,-182,-2203,-504,-5913,1290,-1522,2292,-78,962,-3205,2828,-1961,3722,4721,3865,-5747,674,-177,-186,7725,-691,-1372,0.322580636,2,0.645161271,769707
8,3208,4180,-266,-1850,-333,-5614,1070,-2605,2227,39,847,-3687,1882,-2850,3800,3801,4123,-5027,656,-153,-180,7591,-463,-1428,0.322580636,2,0.645161271,769707
8,4021,4272,-299,-1588,-771,-5789,679,-3919,2057,317,1005,-4250,1577,-3925,2974,4491,2711,-5286,438,-238,-147,7530,-311,-1374,0.322580636,2,0.645161271,769707
8,4583,4274,-341,-1446,-963,-5511,317,-4590,1888,313,1199,-4658,1461,-4800,2393,4137,2893,-5835,145,-230,-60,7590,-282,-1213,0.322580636,2,0.645161271,769707
8,5237,4242,-295,-960,-1112,-4826,-218,-5203,1572,315,1250,-5203,1169,-5832,1645,3305,3226,-5675,-70,-209,20,7634,-253,-1300,0.317693055,2,0.635386109,758044
8,5562,4082,-232,-540,-1207,-4407,-653,-5409,1418,431,1414,-5505,737,-6551,1012,2571,2972,-5644,-301,-143,139,7647,-359,-1233,0.322580636,2,0.645161271,769707
8,5903,4064,-90,14,-1483,-3868,-1343,-5454,1293,527,1883,-5838,364,-7556,7,2234,1677,-5377,-462,-111,235,7670,-640,-1291,0.317693055,2,0.635386109,758044
8,6102,3380,-31,-1198,-1028,-3374,-1862,-5349,1156,584,1953,-6203,1731,-7859,-913,1530,2690,-5570,-648,-59,240,7757,-722,-1273,0.332355827,2,0.664711654,793031
8,6016,3227,225,214,-1941,-3560,-2428,-4941,975,599,2016,-6696,1283,-8898,-1200,1912,1876,-5192,-640,-139,206,7604,-924,-1416,0.34701857,2,0.694037139,828018
8,5903,2964,525,293,-2212,-2870,-2731,-4597,870,647,2435,-6973,583,-9765,-1586,678,1753,-5730,-600,-189,190,7714,-1003,-1451,0.327468216,2,0.654936433,781369
8,5689,2657,887,402,-2489,-2240,-3223,-4127,853,716,3618,-7041,811,-10223,-1799,-556,1233,-5709,-542,-172,167,7929,-1051,-1464,0.327468216,2,0.654936433,781369
8,5398,2081,1473,287,-3103,-1924,-3801,-3808,750,534,4188,-7281,276,-11246,-1768,-965,1151,-5424,-403,-115,146,8134,-1009,-1440,0.327468216,2,0.654936433,781369
8,5054,1480,1690,-316,-3205,-1682,-4416,-3107,625,479,3456,-7972,54,-11696,-1393,-892,1421,-4568,-300,-53,105,8089,-1009,-1503,0.317693055,2,0.635386109,758044
8,4220,247,2097,-1002,-3546,-768,-4633,-2426,689,873,3256,-8364,-409,-11968,-903,-1534,1512,-4140,-226,39,50,7896,-1047,-1524,0.317693055,2,0.635386109,758044
8,3595,-836,2468,-317,-3934,-417,-4916,-1376,794,1079,4160,-8346,-1003,-12395,-21,-1747,1637,-3681,-197,44,39,7775,-961,-1541,0.312805474,2,0.625610948,746382
8,2849,-1655,2890,-235,-4780,725,-5269,-571,666,965,4958,-8495,-2343,-12884,538,-2262,1934,-1825,-132,75,21,7761,-797,-1581,0.322580636,2,0.645161271,769707
8,1998,-2028,2972,-743,-4421,1099,-5540,639,424,1300,4330,-9832,-3687,-12257,1847,-2292,2212,596,-13,64,6,7613,-695,-1664,0.386119246,2,0.772238493,921316
8,721,-2595,3072,-1351,-5149,-446,-5535,1638,289,1286,3786,-10192,-4130,-10460,1863,-2398,2147,378,73,65,-4,7577,-623,-1663,0.322580636,2,0.645161271,769707
8,19,-2979,3345,-1528,-5666,-1902,-5547,2845,-143,218,4233,-9882,-4653,-9444,1773,-2345,2141,69,121,70,-34,7543,-665,-1593,0.327468216,2,0.654936433,781369
8,-1071,-3687,3576,-2889,-5970,-3325,-5625,3258,-494,-584,4966,-9770,-4849,-8132,2028,-2571,2935,-664,108,24,-52,7555,-634,-1637,0.317693055,2,0.635386109,758044
8,-1653,-4351,3568,-3678,-5969,-3758,-5662,3307,-783,-940,4690,-9962,-4837,-6494,2471,-3772,3808,-897,21,-5,-31,7583,-521,-1660,0.317693055,2,0.635386109,758044
8,-2350,-4989,3454,-3914,-6189,-5581,-5214,3375,-959,-613,3371,-10206,-5299,-5667,3312,-3825,3828,-76,-144,-15,2,7499,-487,-1639,0.312805474,2,0.625610948,746382
8,-2800,-5440,3453,-3727,-6316,-6954,-4621,3341,-1067,-132,2986,-10159,-5343,-3200,3758,-4018,3676,2353,-235,-52,10,7437,-533,-1533,0.317693055,2,0.635386109,758044
8,-3298,-5649,3167,-3221,-6368,-7796,-3807,3023,-1268,-220,3751,-9854,-4864,-244,3744,-5760,3505,2761,-274,-113,-18,7471,-488,-1406,0.317693055,2,0.635386109,758044
8,-3390,-5105,2661,-3278,-5799,-8272,-3241,2622,-1385,-180,4302,-9951,-3599,900,3472,-5430,5039,1145,-358,-141,-22,7526,-459,-1290,0.317693055,2,0.635386109,758044
8,-3644,-4296,2303,-3421,-4907,-8192,-2338,2283,-1354,472,4355,-9819,-2960,2726,2920,-4964,7378,1338,-442,-183,5,7617,-456,-1304,0.322580636,2,0.645161271,769707
8,-4204,-3397,1948,-4183,-4555,-8718,-1751,2105,-1263,1155,4630,-9641,-2639,5026,2115,-5115,8245,-1355,-515,-215,30,7695,-514,-1383,0.312805474,2,0.625610948,746382
8,-4355,-2843,1429,-4063,-4350,-10175,-1151,2242,-1181,1852,4554,-9444,-2668,6142,1312,-6157,9257,-4641,-558,-232,50,7794,-656,-1413,0.317693055,2,0.635386109,758044
8,-4523,-1866,759,-5448,-3757,-11620,-684,2615,-997,1987,4672,-9369,-2564,6696,926,-7545,9281,-6794,-576,-229,35,7850,-756,-1457,0.317693055,2,0.635386109,758044
8,-4439,-1786,280,-6524,-3835,-12395,-240,2706,-722,1823,5376,-8986,-2520,6619,1099,-7933,9834,-9149,-592,-194,12,7841,-857,-1476,0.317693055,2,0.635386109,758044
8,-4060,-1750,-276,-6598,-3554,-12603,200,2818,-506,2117,5741,-8478,-2425,6138,1568,-7843,8989,-9422,-592,-158,11,7814,-835,-1461,0.317693055,2,0.635386109,758044
8,-3767,-1722,-480,-6380,-3103,-13112,960,3057,-99,2278,5948,-7988,-1869,6102,1892,-6835,7980,-8683,-551,-133,12,7770,-773,-1415,0.376344085,2,0.752688169,897991
8,-3381,-1708,-401,-4710,-2842,-13072,1493,2893,135,2255,5990,-8071,-1378,6905,1936,-5119,7629,-8426,-420,-135,-17,7751,-727,-1390,0.317693055,2,0.635386109,758044
8,-3169,-1250,-388,-3812,-2544,-12276,2187,2184,481,1741,6285,-8346,-952,7750,1922,-3944,6987,-8312,-309,-84,-21,7779,-721,-1391,0.317693055,2,0.635386109,758044
8,-2850,-231,-491,-3332,-2789,-11910,2604,1654,731,1589,6452,-8565,94,8416,1628,-3153,6650,-8693,-273,-71,-3,7756,-691,-1422,0.327468216,2,0.654936433,781369
8,-2702,658,-564,-3817,-3049,-11647,2928,942,1039,1451,5788,-8627,1065,9448,849,-2832,7405,-9417,-273,-44,24,7691,-642,-1488,0.322580636,2,0.645161271,769707
8,-2606,1389,-573,-4695,-3485,-11602,3298,640,1247,1463,5209,-8562,672,9606,932,-2052,7881,-9571,-203,-26,70,7682,-624,-1612,0.322580636,2,0.645161271,769707
8,-2483,1262,-596,-5315,-3714,-11537,3952,550,1408,1428,4917,-8975,287,10399,1788,-1115,7266,-10111,-160,-16,112,7631,-608,-1723,0.312805474,2,0.625610948,746382
8,-2407,1087,-740,-4790,-3511,-11306,4394,387,1493,1316,4402,-9605,442,10612,2922,230,7047,-10074,-166,-22,122,7689,-607,-1752,0.317693055,2,0.635386109,758044
8,-2321,1335,-862,-4776,-3830,-10599,5013,12,1658,1121,3969,-10124,659,11567,3436,1281,7776,-11044,-192,46,117,7775,-418,-1719,0.327468216,2,0.654936433,781369
8,-2311,2039,-1027,-4560,-3906,-8924,5439,-90,1722,1460,3828,-10543,1302,11970,3940,1505,8412,-11099,-54,124,95,7718,-381,-1802,0.395894438,2,0.791788876,944640
8,-2372,2571,-1276,-5136,-4190,-7722,5824,-49,1775,1960,3841,-10657,2114,11561,4646,-577,8771,-11968,74,119,67,7442,-485,-1869,0.322580636,2,0.645161271,769707
8,-2499,2683,-1358,-5480,-4182,-7298,6096,181,1645,2583,4553,-10221,2126,9151,5178,-618,7743,-10602,143,57,53,7455,-680,-1894,0.312805474,2,0.625610948,746382
8,-2594,2517,-1111,-5074,-3979,-7658,6000,653,1386,2591,5027,-9564,1709,7371,5797,29,7737,-9473,226,86,7,7591,-651,-1902,0.337243408,2,0.674486816,804693
8,-2533,2594,-750,-4118,-3672,-7524,5718,1378,1127,2273,4973,-8434,1987,5648,6276,2121,6211,-8337,309,37,-41,7460,-654,-1967,0.317693055,2,0.635386109,758044
8,-2324,3204,-525,-3368,-3306,-7056,5620,1839,1053,2037,4615,-7661,3114,4581,5990,2399,5782,-6718,434,-3,-100,7326,-697,-1962,0.317693055,2,0.635386109,758044
8,-2143,3839,-552,-3788,-2975,-6661,5473,2004,1031,1259,4321,-6615,3644,3389,5711,2723,6130,-5446,529,-92,-160,7334,-748,-1866,0.327468216,2,0.654936433,781369
8,-1765,3988,-638,-4611,-2637,-6324,5192,1695,1037,760,3758,-5805,3530,2542,5194,4577,7234,-5246,684,-162,-222,7490,-751,-1844,0.322580636,2,0.645161271,769707
8,-1272,3715,-662,-4809,-2078,-6158,4756,936,1005,565,2932,-4896,3255,2375,4217,5900,8239,-4159,774,-185,-262,7582,-721,-1738,0.322580636,2,0.645161271,769707
8,-375,2892,-939,-6065,-1480,-6161,4391,165,956,884,2789,-3981,2514,2455,3870,6814,8302,-3690,807,-214,-309,7553,-673,-1696,0.322580636,2,0.645161271,769707
8,483,1983,-1164,-6087,-811,-6417,3658,-719,718,1288,2626,-3005,1571,1693,3772,5945,6298,-4043,755,-190,-332,7575,-652,-1674,0.317693055,2,0.635386109,758044
8,1758,1514,-1171,-4351,-186,-5983,2988,-1151,564,1547,2296,-2659,1101,154,3777,5410,4838,-4298,703,-165,-316,7569,-626,-1633,0.307917893,2,0.615835786,734720
8,2629,1850,-1292,-2900,28,-5339,2210,-1568,438,1343,1546,-2686,1500,-1264,3330,5290,3099,-3964,655,-167,-290,7584,-639,-1631,0.312805474,2,0.625610948,746382
8,3644,2439,-1724,-2190,537,-4767,1695,-2051,397,968,1230,-3016,1890,-2409,2597,4631,3150,-3259,617,-183,-237,7652,-726,-1664,0.317693055,2,0.635386109,758044
8,4255,2631,-2000,-1873,671,-4417,972,-2830,344,520,966,-3605,1732,-3878,1746,4165,2546,-3140,436,-167,-186,7759,-785,-1646,0.307917893,2,0.615835786,734720
8,4895,2907,-2296,-1015,745,-3788,474,-3578,361,268,1027,-3902,1317,-5394,893,3514,1748,-3313,324,-123,-164,7820,-776,-1614,0.322580636,2,0.645161271,769707
8,5262,3504,-2543,-198,639,-3292,-235,-4531,405,154,1332,-4447,1182,-6915,-51,3177,1185,-3402,231,-36,-168,7768,-759,-1592,0.322580636,2,0.645161271,769707
8,5674,4732,-2824,322,168,-3033,-751,-5162,484,309,1386,-4821,1368,-8129,-664,2669,698,-3595,91,23,-145,7703,-650,-1578,0.317693055,2,0.635386109,758044
8,5925,5305,-2823,329,-91,-3003,-1362,-5522,544,646,1512,-5531,1413,-8940,-971,2439,562,-3879,22,35,-115,7671,-469,-1557,0.312805474,2,0.625610948,746382
8,6111,5586,-2384,1048,-869,-2828,-1800,-5508,667,1067,1788,-5913,1075,-9838,-1448,1880,851,-4902,-69,61,-91,7657,-350,-1561,0.317693055,2,0.635386109,758044
8,6158,5691,-1821,1336,-1311,-2543,-2536,-5105,760,1196,2563,-6255,518,-10809,-1976,1094,429,-5833,-180,9,-70,7613,-285,-1471,0.312805474,2,0.625610948,746382
8,6027,5518,-1220,-1511,-1791,-1507,-3042,-4895,840,985,3250,-6643,3165,-10596,-2572,-563,3237,-6033,-209,-12,-55,7695,-459,-1549,0.317693055,2,0.635386109,758044
8,5872,4580,-207,2609,-3260,-2081,-3641,-4627,783,681,3582,-7066,2266,-12480,-2475,-963,-532,-5845,-220,31,-31,7791,-638,-1588,0.322580636,2,0.645161271,769707
8,5718,4505,471,1657,-3211,-1001,-4431,-3815,621,444,4337,-7158,2246,-13741,-2421,-1802,1327,-5071,-121,42,-26,7787,-902,-1597,0.317693055,2,0.635386109,758044
8,4987,3569,1479,995,-3433,131,-5037,-3144,583,506,4400,-7822,1660,-13811,-2211,-2192,1513,-4552,-31,38,-56,7763,-1024,-1527,0.327468216,2,0.654936433,781369
8,4152,2295,2015,370,-4185,969,-5498,-2009,790,1323,3817,-8972,1006,-14005,-1504,-2215,2200,-4118,37,14,-96,7791,-1128,-1422,0.327468216,2,0.654936433,781369
8,2888,-284,2723,-292,-4741,1710,-5844,-686,823,1458,4162,-9228,-71,-13435,-317,-2521,1555,-2549,153,79,-143,7958,-1073,-1356,0.322580636,2,0.645161271,769707
8,1845,-2600,3181,-496,-5459,1753,-6499,858,704,844,6170,-9288,-2130,-12057,1068,-2599,2299,-432,302,179,-170,7901,-1089,-1382,0.322580636,2,0.645161271,769707
8,886,-4322,3830,381,-6315,-283,-7235,1987,315,-205,5271,-10221,-5509,-11302,1806,-4100,2425,-1359,259,161,-166,7689,-903,-1379,0.322580636,2,0.645161271,769707
8,460,-4964,4020,150,-6648,-2159,-7416,3122,-111,-465,2355,-10431,-7310,-9914,1681,-3274,1553,-1713,284,134,-165,7696,-862,-1382,0.366568923,2,0.733137846,874667
8,-308,-5582,4379,-781,-6856,-3449,-7068,3514,-239,-931,3118,-10160,-7796,-8742,2126,-2636,1213,-2053,374,167,-181,7802,-690,-1308,0.322580636,2,0.645161271,769707
8,-726,-6014,4369,-2371,-6808,-3786,-6696,3443,-357,-1774,4787,-10580,-5688,-6423,2619,-2968,918,-1005,398,234,-175,7877,-557,-1253,0.317693055,2,0.635386109,758044
8,-1314,-6376,4041,-2228,-7632,-4421,-6406,3099,-545,-1676,4343,-11197,-5136,-5514,3599,-5032,3084,132,319,301,-129,8031,-330,-1284,0.317693055,2,0.635386109,758044
8,-1723,-5929,3961,-2491,-8155,-6465,-5769,2905,-858,-805,2610,-10891,-5480,-4712,3261,-5388,3369,1461,211,408,-89,8073,-351,-1313,0.317693055,2,0.635386109,758044
8,-2064,-6176,3735,-2641,-7844,-7968,-5117,2869,-999,-302,3035,-10106,-5173,-1321,3533,-4846,3799,3117,37,529,-26,7930,-508,-1405,0.307917893,2,0.615835786,734720
8,-2471,-6321,3378,-2225,-7294,-6931,-4173,2258,-1207,-429,4458,-10220,-4651,2535,4169,-6263,3615,1358,-121,498,14,7615,-732,-1304,0.322580636,2,0.645161271,769707
8,-2917,-5715,2843,-2275,-6971,-6997,-3412,1613,-1388,-499,4565,-11001,-4484,2515,4212,-7221,5635,-928,-249,452,3,7703,-657,-1281,0.327468216,2,0.654936433,781369
8,-3284,-4791,2401,-1909,-6325,-7567,-2217,1956,-1288,986,3156,-10835,-4359,2811,3059,-6535,7371,-940,-259,481,-16,7756,-440,-1350,0.317693055,2,0.635386109,758044
8,-4089,-4222,2207,-3247,-5212,-8808,-973,2300,-1454,2160,3303,-10485,-4770,4359,1883,-5879,8302,-1454,-175,442,-68,7650,-307,-1316,0.381231666,2,0.762463331,909653
8,-5021,-3961,1752,-3424,-5416,-9971,245,3223,-1382,2826,4739,-10364,-3353,5868,1082,-5842,6576,-5459,-175,381,-115,7458,-165,-1213,0.312805474,2,0.625610948,746382
8,-4905,-2736,985,-2380,-5181,-11004,426,3835,-1192,2372,5461,-9721,-1609,5810,865,-6050,7142,-7174,-223,307,-117,7394,-48,-1258,0.312805474,2,0.625610948,746382
8,-4871,-405,308,-4723,-3336,-11986,800,4094,-829,1978,5754,-8619,-430,6846,206,-5601,7107,-8385,-308,248,-68,7411,-26,-1370,0.34701857,2,0.694037139,828018
8,-4611,-27,118,-5826,-3409,-12599,1053,3975,-423,1623,6336,-8036,316,7094,247,-5440,7522,-9541,-352,172,-37,7549,-122,-1425,0.322580636,2,0.645161271,769707
8,-4149,-83,-121,-5447,-3319,-12151,1308,3406,-35,1099,7029,-7342,178,7507,982,-3877,7515,-8515,-359,128,-30,7645,-262,-1409,0.312805474,2,0.625610948,746382
8,-3898,27,-160,-4602,-3472,-11726,1700,2667,267,562,7088,-7445,-87,9033,1389,-3133,7119,-8970,-362,107,-6,7663,-439,-1362,0.322580636,2,0.645161271,769707
8,-3703,282,-34,-4096,-3448,-10848,2083,2056,589,754,6690,-7816,13,9599,1076,-3501,7385,-10253,-344,77,35,7638,-510,-1404,0.312805474,2,0.625610948,746382
8,-3571,450,50,-4075,-3755,-10397,2473,1308,1038,1202,5968,-8000,732,9359,302,-3626,7597,-9686,-291,59,39,7699,-419,-1352,0.312805474,2,0.625610948,746382
8,-3341,538,14,-4408,-3703,-9496,2609,1091,1233,1372,5596,-7996,-162,9654,1229,-1811,6567,-9547,-127,76,-27,7723,-323,-1392,0.322580636,2,0.645161271,769707
8,-3275,281,-33,-4213,-3558,-8803,2735,1170,1415,1566,5502,-7849,-196,9498,1387,-2761,6147,-9585,32,90,-71,7719,-267,-1372,0.312805474,2,0.625610948,746382
8,-3279,149,-22,-3800,-3326,-8517,2883,1354,1552,1561,5385,-7893,-168,8140,1638,-2214,5666,-9092,130,124,-96,7818,-262,-1372,0.322580636,2,0.645161271,769707
8,-3223,235,-123,-3753,-3454,-8673,3178,1354,1737,1640,5090,-8046,-292,7543,1727,-1133,6294,-9143,218,167,-123,7802,-196,-1434,0.322580636,2,0.645161271,769707
8,-3102,352,10,-4029,-3135,-9185,3348,1164,1856,1630,4985,-7979,-436,7283,2243,-279,6699,-9398,281,167,-165,7678,-79,-1363,0.327468216,2,0.654936433,781369
8,-3038,124,23,-4694,-2992,-9272,3604,897,2009,1838,5049,-8030,-1142,7134,2842,306,7402,-9864,331,153,-200,7655,-16,-1354,0.337243408,2,0.674486816,804693
8,-2802,-228,205,-4683,-3054,-9183,3877,899,2004,2205,5098,-7885,-1164,6763,3602,831,7346,-10282,412,137,-241,7679,13,-1430,0.337243408,2,0.674486816,804693
8,-2511,-204,375,-4662,-2923,-9124,4061,740,2048,2638,5276,-7698,-1191,6075,4223,870,7487,-10147,455,85,-271,7612,54,-1333,0.322580636,2,0.645161271,769707
8,-1992,17,588,-4634,-2723,-9408,4025,715,2076,2576,5241,-7237,-620,6101,4979,2780,6353,-9033,435,29,-279,7578,89,-1188,0.327468216,2,0.654936433,781369
8,-1520,718,764,-3916,-2588,-9581,3870,768,2098,2202,4758,-6770,-363,5629,4924,2237,7672,-10564,424,-21,-269,7559,82,-1138,0.322580636,2,0.645161271,769707
8,-930,1787,688,-3738,-2542,-9410,3759,489,2180,1835,4344,-6634,1284,4525,4747,4245,6349,-9866,417,-26,-258,7747,24,-1086,0.322580636,2,0.645161271,769707
8,-160,3078,395,-4481,-2408,-8929,3595,-122,2331,1431,3917,-6281,2651,3999,4967,3966,6838,-8097,423,-11,-267,7866,3,-1040,0.332355827,2,0.664711654,793031
8,340,3909,128,-4828,-2291,-8249,3453,-547,2379,1230,3510,-6006,2951,2797,5539,4645,7792,-7260,437,48,-258,7940,-95,-986,0.322580636,2,0.645161271,769707
8,916,4539,-154,-4800,-2342,-6926,3303,-1090,2330,1183,2614,-5725,3397,1808,5625,3641,7849,-6295,392,104,-220,7900,-169,-850,0.327468216,2,0.654936433,781369
8,1202,4820,-470,-5029,-2175,-5911,3281,-1531,2211,1153,2332,-5598,3767,1055,5145,2961,7775,-4722,275,149,-194,7934,-95,-731,0.327468216,2,0.654936433,781369
8,1364,5054,-885,-4827,-2010,-4402,3162,-1944,1916,1329,2155,-5480,3620,-438,4380,3254,8062,-3563,243,138,-205,7851,-21,-686,0.317693055,2,0.635386109,758044
8,1523,5038,-1169,-4742,-2166,-3885,2880,-2034,1611,1579,2250,-5229,3710,-887,3499,2805,7277,-2813,208,117,-208,7807,122,-735,0.317693055,2,0.635386109,758044
8,1782,4805,-1467,-4169,-2294,-3553,2242,-1728,1137,1529,2427,-4846,3535,-1621,3003,2401,6514,-3190,147,88,-205,7764,154,-856,0.327468216,2,0.654936433,781369
8,2155,4825,-1619,-3064,-2180,-3801,1762,-1491,777,1289,2503,-4577,3117,-3318,2402,1951,4538,-4363,87,136,-173,7829,202,-901,0.327468216,2,0.654936433,781369
8,2780,5326,-1713,-1086,-1823,-4598,1266,-1432,488,1082,2479,-4511,3291,-4425,1737,2457,3175,-5613,29,125,-137,7728,122,-927,0.317693055,2,0.635386109,758044
8,3277,5755,-1724,-315,-1656,-5007,663,-1650,328,859,2295,-4510,3735,-5553,1505,2838,1816,-6386,10,128,-111,7761,-43,-842,0.317693055,2,0.635386109,758044
8,3977,5677,-1517,553,-1146,-5115,205,-1899,330,553,2142,-4621,3683,-6465,1276,2126,3076,-6646,-22,174,-124,7861,30,-649,0.317693055,2,0.635386109,758044
8,4376,5792,-1100,1283,-1470,-4852,-393,-2601,403,93,2226,-4630,2799,-7327,1016,2524,1503,-6255,-2,175,-140,7799,-37,-802,0.312805474,2,0.625610948,746382
8,4902,5460,-542,-1051,-1140,-3842,-766,-3256,373,-217,2517,-4894,3095,-7133,321,3212,-2435,-7093,-92,128,-145,7778,-16,-737,0.327468216,2,0.654936433,781369
8,4972,4763,165,1634,-1417,-2868,-1377,-4036,304,-56,2558,-5791,1416,-8979,-39,1371,-718,-6049,-189,81,-146,7694,49,-661,0.317693055,2,0.635386109,758044
8,4845,3553,887,1089,-1807,-2584,-1782,-4408,334,519,2286,-6430,1604,-9494,-309,-418,32,-5802,-259,57,-136,7789,126,-669,0.312805474,2,0.625610948,746382
8,4624,2918,1548,1963,-1953,-2566,-2283,-4373,434,1143,2354,-6806,637,-10980,-665,-1105,-478,-5372,-313,85,-88,7862,163,-677,0.322580636,2,0.645161271,769707
8,4178,2048,2170,1322,-2785,-2334,-2682,-4015,542,1256,2804,-6921,442,-11778,-935,-852,527,-5514,-328,80,-71,7869,-54,-783,0.312805474,2,0.625610948,746382
8,3792,1137,2476,974,-3370,-2032,-3270,-3174,594,983,3347,-7487,-439,-11975,-825,-1067,689,-4841,-325,130,-60,7796,-180,-782,0.317693055,2,0.635386109,758044
8,3401,166,2720,1052,-3954,-1540,-3630,-2604,529,566,3424,-7959,-1016,-11576,-769,-1413,1501,-4481,-335,123,-82,7828,-203,-702,0.322580636,2,0.645161271,769707
8,2787,-854,2808,528,-4491,-1036,-3961,-1890,331,309,3622,-8328,-1537,-10996,-155,-1883,1600,-4735,-339,138,-111,7808,-125,-573,0.317693055,2,0.635386109,758044
8,2421,-1489,3062,117,-5370,-798,-4317,-1280,203,29,4042,-8470,-2633,-10462,719,-2940,2295,-3034,-250,60,-134,7771,-16,-539,0.312805474,2,0.625610948,746382
8,1847,-2352,3147,-893,-5883,-1253,-4711,-469,-117,-477,3813,-9089,-4419,-9243,1335,-3804,3072,-2333,-201,79,-132,7915,66,-575,0.332355827,2,0.664711654,793031
8,1428,-3185,3037,-1870,-6577,-1982,-4847,116,-387,-692,3496,-9290,-5676,-8593,1408,-4157,4237,-2947,-146,69,-128,7852,-60,-657,0.327468216,2,0.654936433,781369
8,985,-4537,2926,-2502,-7413,-2839,-4841,798,-798,-844,3490,-9117,-6296,-8233,1252,-4629,4061,-2630,-120,64,-130,7800,-144,-596,0.332355827,2,0.664711654,793031
8,539,-5015,2929,-2299,-7076,-3245,-4771,1121,-1035,-867,3298,-9293,-6522,-7619,1046,-5057,2988,-3666,-59,32,-143,7790,-134,-610,0.332355827,2,0.664711654,793031
8,-186,-4755,2897,-1461,-6365,-3920,-4418,1541,-1112,-190,2061,-10036,-5141,-8066,1040,-6000,2126,-4359,-2,22,-147,7755,-87,-591,0.312805474,2,0.625610948,746382
8,-862,-4445,2717,-1509,-6077,-4250,-3862,1726,-1069,209,2436,-10039,-4120,-9230,1237,-5682,1751,-3468,30,10,-168,7721,-18,-615,0.312805474,2,0.625610948,746382
8,-1713,-4485,2240,-1578,-6198,-4741,-3334,1908,-1165,101,4251,-9767,-3660,-9083,1888,-4397,1520,-1240,23,-32,-186,7763,87,-630,0.317693055,2,0.635386109,758044
8,-2102,-4319,2065,-1752,-6451,-5438,-3202,2030,-1324,-95,4963,-9721,-3115,-8344,2569,-3179,1950,923,-22,-80,-205,7810,183,-638,0.317693055,2,0.635386109,758044
8,-2216,-4532,1834,-2511,-5721,-7947,-3117,2136,-1446,73,4819,-9391,-3546,-5501,2840,-1960,3150,6539,-86,-132,-190,7768,281,-619,0.317693055,2,0.635386109,758044
8,-2456,-4387,1684,-2641,-4343,-8006,-2818,2103,-1320,738,4379,-8657,-2207,843,2857,-1663,2880,6147,-142,-136,-174,7878,231,-669,0.317693055,2,0.635386109,758044
8,-3008,-3628,1634,-2735,-4220,-7637,-2439,2084,-1121,888,4315,-8762,-1261,4120,2625,-4323,4368,3396,-128,-103,-163,7904,177,-656,0.317693055,2,0.635386109,758044
8,-3336,-3138,1507,-2301,-4320,-7500,-1915,2095,-962,905,4401,-9203,-1670,4708,1928,-4569,6687,57,-35,-50,-160,7940,47,-613,0.327468216,2,0.654936433,781369
8,-3569,-2835,1350,-2390,-4252,-8081,-1612,2211,-890,1003,4457,-9420,-2751,6262,1003,-4495,6915,-425,38,11,-152,8010,-38,-413,0.317693055,2,0.635386109,758044
8,-3823,-2406,884,-2964,-4073,-8882,-1185,2510,-676,1298,4292,-9093,-3153,8321,829,-4565,7065,-2450,106,95,-146,7903,-117,-223,0.317693055,2,0.635386109,758044
8,-4006,-1931,397,-4456,-4270,-9460,-849,2865,-496,1152,4114,-8830,-2659,9765,863,-5622,7344,-4949,212,38,-154,7754,-158,-354,0.312805474,2,0.625610948,746382
8,-4118,-1896,53,-5363,-5343,-10603,-354,3124,-495,982,4192,-8839,-2727,9234,742,-8859,9818,-9604,330,-31,-190,7774,-146,-495,0.317693055,2,0.635386109,758044
8,-3784,-2013,-257,-5405,-5030,-11191,-5,3180,-437,686,4647,-8438,-2523,7450,793,-9971,8455,-10975,404,-60,-193,7850,12,-598,0.322580636,2,0.645161271,769707
8,-3317,-2232,-569,-4791,-4624,-11069,305,2934,-304,779,5535,-7676,-2275,5788,922,-7847,7214,-10566,440,-64,-173,7861,41,-686,0.317693055,2,0.635386109,758044
8,-2957,-2456,-648,-4526,-3701,-11327,583,2477,-174,1061,5643,-7366,-2230,5457,1194,-7089,6424,-9603,399,-41,-139,7955,224,-576,0.317693055,2,0.635386109,758044
8,-2529,-2186,-576,-2313,-3168,-11683,1057,1817,141,1397,5494,-7235,-2017,5129,1274,-5241,5264,-8441,384,-5,-144,7861,425,-563,0.317693055,2,0.635386109,758044
8,-2235,-1297,-497,-1575,-3060,-11562,1397,1248,418,1207,5642,-7447,-1389,6220,1174,-3488,4411,-7443,390,-1,-125,7837,718,-629,0.307917893,2,0.615835786,734720
8,-1898,-119,-402,-2466,-3312,-11025,1829,299,697,813,5591,-7959,-235,7862,1118,-3489,5218,-8531,376,2,-105,7798,832,-761,0.312805474,2,0.625610948,746382
8,-1770,546,-314,-3678,-3675,-10476,2212,-173,904,914,5075,-8324,385,8217,1188,-4197,6291,-9539,301,-1,-68,7780,929,-879,0.312805474,2,0.625610948,746382
8,-1599,776,-341,-5075,-3910,-10080,2845,-579,1195,1538,4971,-8628,331,7584,1432,-4114,7425,-9600,179,1,-34,7756,877,-959,0.317693055,2,0.635386109,758044
8,-1433,664,-453,-5218,-4159,-10400,3173,-765,1281,1791,5207,-8747,-150,7628,2433,-2059,7788,-9205,58,6,12,7705,738,-975,0.317693055,2,0.635386109,758044
8,-1207,337,-382,-5144,-3869,-10472,3359,-562,1286,1891,5121,-8940,-439,8317,3117,-1335,8469,-9912,54,-2,32,7724,558,-1017,0.312805474,2,0.625610948,746382
8,-1064,247,-442,-4993,-4197,-9940,3576,-287,1387,1889,4916,-8917,-436,8463,3589,-1316,7703,-9858,26,-21,24,7746,477,-920,0.317693055,2,0.635386109,758044
8,-838,256,-447,-4863,-4093,-9531,3689,-72,1353,1703,4740,-8987,-81,8366,3933,-661,7289,-9670,-48,-50,9,7830,522,-840,0.312805474,2,0.625610948,746382
8,-661,472,-416,-4369,-4280,-8949,3848,30,1292,1421,4229,-9292,421,7803,4673,258,6968,-9896,-31,-63,-18,7871,493,-837,0.317693055,2,0.635386109,758044
8,-689,951,-423,-3676,-4049,-8610,4075,-14,1239,1237,3268,-9931,1101,6923,5336,108,6562,-9588,20,-35,-57,7810,459,-839,0.327468216,2,0.654936433,781369
8,-820,2113,-727,-3291,-3813,-7798,4423,-267,1385,1215,2439,-10192,2097,6047,5039,919,7297,-9505,65,-60,-98,7723,439,-878,0.332355827,2,0.664711654,793031
8,-853,2928,-866,-3203,-4157,-7213,4603,-464,1511,1347,3030,-9631,3194,7972,5184,1694,7640,-8817,85,-106,-106,7743,408,-879,0.317693055,2,0.635386109,758044
8,-716,3534,-925,-3860,-3937,-6392,4559,-520,1526,1246,4899,-8188,2335,5401,5389,314,6670,-8041,102,-113,-93,7857,345,-916,0.317693055,2,0.635386109,758044
8,-664,3645,-860,-4112,-3860,-6041,4301,-408,1462,1266,5572,-7181,3077,3626,5264,489,5059,-7014,36,-94,-81,7934,311,-836,0.317693055,2,0.635386109,758044
8,-435,3644,-634,-3570,-3647,-5346,3926,-134,1363,1236,4806,-5865,2472,723,5062,703,7641,-9026,27,-38,-62,7940,274,-822,0.322580636,2,0.645161271,769707
8,-25,4384,-410,-2232,-3372,-5228,3684,74,1311,1292,3809,-5119,3751,-164,4779,1210,5166,-5923,24,66,-34,7901,202,-849,0.322580636,2,0.645161271,769707
8,251,5938,-930,-3589,-3283,-4186,3373,226,1107,1024,3288,-4594,5467,-965,3532,3450,8195,-3830,39,71,-37,7790,141,-839,0.312805474,2,0.625610948,746382
8,430,5878,-1486,-5679,-2903,-3850,2958,215,788,816,3397,-4286,5452,-671,2235,4594,9993,-1918,161,31,-85,7799,196,-868,0.312805474,2,0.625610948,746382
8,925,4741,-2084,-6993,-2184,-4553,2302,197,238,528,2980,-3708,4487,-658,1785,4212,9749,-1321,232,16,-134,7806,247,-895,0.312805474,2,0.625610948,746382
8,1579,4207,-2524,-5843,-1964,-5276,1844,13,-27,314,2503,-3358,2987,-1922,2191,3730,5800,-4507,233,0,-167,7758,297,-972,0.312805474,2,0.625610948,746382
8,2713,4509,-2303,-2132,-1835,-5700,1402,-578,-137,93,2321,-3198,2487,-3930,2385,3275,2219,-6647,144,-25,-169,7773,442,-987,0.317693055,2,0.635386109,758044
8,3423,5215,-2026,-30,-1302,-5649,1045,-1313,-149,-365,2393,-3333,3230,-5421,2287,3325,683,-7092,-10,-27,-144,7840,518,-972,0.317693055,2,0.635386109,758044
8,4256,5567,-1632,1357,-329,-4825,426,-2527,-128,-910,2441,-3940,3628,-6341,1625,3135,2116,-7153,-137,60,-109,7990,712,-858,0.317693055,2,0.635386109,758044
8,4680,5774,-1199,1547,-515,-4452,-107,-3767,-71,-765,2432,-4496,2548,-7275,1141,2793,1358,-5449,-230,116,-99,7822,715,-731,0.317693055,2,0.635386109,758044
8,5179,5481,-735,1104,-459,-3561,-630,-4812,31,-181,2599,-4820,1621,-7992,844,1851,584,-5111,-250,49,-95,7666,662,-639,0.312805474,2,0.625610948,746382
8,5571,4534,18,-2133,-275,-1982,-1412,-5326,257,574,2706,-5384,2807,-7794,389,1514,881,-5395,-286,5,-80,7687,602,-558,0.317693055,2,0.635386109,758044
8,5574,2746,619,3417,-1128,-2354,-2034,-5298,461,968,2543,-5799,-188,-9924,419,730,-3259,-5226,-270,5,-60,7850,496,-504,0.322580636,2,0.645161271,769707
8,5164,2463,1365,2447,-2260,-1212,-2561,-4880,652,1434,2549,-6365,862,-9922,43,-1272,-1164,-4113,-228,2,-66,7927,288,-498,0.337243408,2,0.674486816,804693
8,4842,2141,1903,2432,-2167,-461,-2931,-4244,713,1437,3062,-6705,-134,-11889,-362,-2793,-169,-3978,-210,46,-113,8006,251,-318,0.312805474,2,0.625610948,746382
8,4086,1462,2500,788,-2795,750,-3540,-3327,724,1149,3835,-7230,-3,-12460,-330,-2969,891,-3816,-286,61,-110,7922,271,-301,0.322580636,2,0.645161271,769707
8,3328,402,2842,-167,-3439,1406,-4046,-2553,761,938,4369,-7617,-1255,-13364,162,-3493,1958,-4607,-280,72,-83,7905,405,-395,0.317693055,2,0.635386109,758044
8,2152,-1569,3136,-501,-3828,2112,-4689,-1397,822,531,4382,-8121,-3117,-14016,752,-3490,1718,-4818,-168,62,-54,7803,414,-652,0.312805474,2,0.625610948,746382
8,1505,-2364,3496,796,-5218,944,-5070,-587,768,-20,4341,-8396,-4195,-14242,1313,-1590,1027,-3497,-105,107,-40,7790,374,-735,0.312805474,2,0.625610948,746382
8,1111,-2346,3567,769,-6386,-1583,-5562,705,327,-1071,4148,-8629,-4566,-13501,1813,-1327,-65,-2175,-103,118,-34,7874,368,-687,0.312805474,2,0.625610948,746382
8,742,-2507,4038,-159,-6688,-2996,-5813,1419,58,-1897,4135,-8431,-5374,-10978,1678,-31,1646,-257,-216,118,-39,7830,537,-606,0.317693055,2,0.635386109,758044
8,354,-3366,4474,-2169,-6780,-3474,-6032,1419,-196,-2516,4591,-8175,-6052,-7196,2138,-1800,2833,103,-205,64,-83,7821,635,-782,0.391006857,2,0.782013714,932978
8,60,-4306,4461,-3743,-6310,-2685,-6008,1269,-387,-2664,4701,-8683,-5495,-5688,2056,-4212,3225,1268,-177,55,-85,7767,715,-785,0.327468216,2,0.654936433,781369
8,-398,-4851,4055,-3838,-7862,-2999,-5610,936,-488,-2320,4044,-9655,-4287,-5710,2085,-4863,3118,1169,-146,40,-83,7725,635,-789,0.322580636,2,0.645161271,769707
8,-871,-4744,3991,-3786,-7785,-3832,-5272,719,-614,-1837,3666,-9878,-4328,-4999,2797,-5741,4658,2448,-184,23,-60,7740,521,-704,0.317693055,2,0.635386109,758044
8,-1480,-5131,3913,-3117,-7574,-5199,-4840,682,-592,-874,4146,-9508,-4595,-3587,3128,-6053,3835,1887,-203,-6,-64,7770,497,-653,0.322580636,2,0.645161271,769707
8,-1664,-5736,3426,-2763,-7069,-5989,-4461,700,-670,-360,5060,-9422,-4717,-2106,4102,-6079,3246,2030,-186,-17,-73,7829,469,-594,0.317693055,2,0.635386109,758044
8,-2010,-5778,3184,-2029,-6655,-5896,-3966,705,-730,18,5516,-10259,-4193,-683,4171,-5846,3270,3194,-139,-28,-79,7828,477,-574,0.312805474,2,0.625610948,746382
8,-2502,-4869,3097,-2549,-5757,-7194,-3366,680,-571,287,5044,-10559,-2456,1538,4052,-4426,3829,3128,-100,-29,-63,7865,498,-533,0.317693055,2,0.635386109,758044
8,-3085,-4011,2974,-2752,-5363,-7399,-2397,1249,-164,1257,4519,-10841,-1373,3520,3739,-4470,5883,2145,-98,-24,-46,7910,451,-511,0.312805474,2,0.625610948,746382
8,-3744,-2906,2324,-3335,-4711,-8096,-1862,1457,-202,454,4364,-10676,-1231,5142,3387,-4764,8443,-177,-124,-21,-58,7854,487,-392,0.317693055,2,0.635386109,758044
8,-4462,-2378,1893,-3937,-4381,-8588,-1533,1471,-406,1385,4368,-11067,-1658,6691,1959,-4850,9346,-1073,-68,-54,-64,7830,514,-437,0.322580636,2,0.645161271,769707
8,-5298,-2048,1326,-5060,-4532,-9113,73,2851,-47,1563,5262,-10340,-1635,7816,1067,-4980,8219,-3831,5,-72,-58,7838,504,-529,0.317693055,2,0.635386109,758044
8,-5493,-1341,762,-4882,-4027,-9607,346,3465,-9,1393,5655,-9585,-773,8033,1454,-4037,9377,-6263,71,-76,-44,7837,524,-585,0.317693055,2,0.635386109,758044
8,-5717,-460,232,-5643,-3915,-10645,834,4418,367,1498,5539,-9208,-124,8324,1154,-4961,9518,-7562,51,-76,-16,7779,565,-530,0.366568923,2,0.733137846,874667
8,-5637,-347,-195,-5914,-3531,-10759,1191,4552,449,936,5986,-8931,-270,7955,1051,-5068,9367,-9636,2,-100,2,7790,654,-579,0.317693055,2,0.635386109,758044
8,-5539,-731,-375,-5629,-2963,-10913,1401,4466,518,131,6411,-7998,-731,7703,1025,-4505,8169,-8625,15,-105,8,7804,724,-696,0.317693055,2,0.635386109,758044
8,-5322,-962,-407,-4462,-3206,-11318,1671,4242,647,74,6393,-7599,-1206,8213,1330,-3297,7693,-9067,43,-96,19,7794,700,-783,0.317693055,2,0.635386109,758044
8,-5046,-729,-247,-3823,-2991,-11313,2164,3575,1060,193,6359,-7620,-989,8723,1506,-3114,6764,-9708,64,-70,18,7854,614,-719,0.322580636,2,0.645161271,769707
8,-4867,-236,-147,-3257,-2675,-11117,2503,2955,1377,319,6376,-7794,-295,8546,1284,-2746,6822,-10098,53,-32,3,7866,572,-685,0.317693055,2,0.635386109,758044
8,-4513,840,-251,-3233,-2748,-11346,2886,2256,1767,653,6343,-7999,1079,8877,460,-2744,6018,-10819,6,-54,-6,7844,593,-623,0.327468216,2,0.654936433,781369
8,-4210,1704,-343,-3482,-2850,-11326,3051,1699,2020,1002,5901,-8008,1702,8261,-79,-2918,7261,-10369,-5,-68,-1,7881,605,-602,0.327468216,2,0.654936433,781369
8,-3827,1861,-309,-5250,-2810,-11453,3386,1325,2233,1862,5193,-8340,923,8232,814,-1512,7731,-12062,63,-28,-7,7904,605,-649,0.322580636,2,0.645161271,769707
8,-3607,1018,-248,-5548,-2437,-11659,3761,1267,2406,2424,5193,-8470,228,7491,1755,-1429,7953,-12147,122,0,-4,7909,575,-683,0.322580636,2,0.645161271,769707
8,-3287,410,87,-5087,-2446,-11962,4132,1252,2632,2597,5808,-8262,-413,7334,2225,-210,7429,-12143,210,28,-1,7817,554,-639,0.312805474,2,0.625610948,746382
8,-2716,497,263,-4276,-2467,-11474,4252,1185,2693,2508,5709,-8413,781,7359,2591,-85,7559,-11937,274,12,-7,7767,545,-656,0.322580636,2,0.645161271,769707
8,-2338,1495,195,-4206,-2631,-10573,4415,1061,2775,2246,4935,-8466,2117,7002,2677,-461,7689,-10878,295,12,-10,7859,626,-712,0.317693055,2,0.635386109,758044
8,-2069,2965,-124,-4618,-2590,-9921,4655,807,2842,2281,4347,-8529,2675,5707,2746,-176,8650,-10334,321,6,-28,7870,760,-750,0.317693055,2,0.635386109,758044
8,-1787,3723,-238,-5112,-2901,-9460,4877,502,2941,2139,4593,-7741,3635,7241,3906,1069,8175,-9822,391,2,-45,7803,797,-800,0.317693055,2,0.635386109,758044
8,-1405,4179,-292,-5657,-3156,-9479,4829,527,2846,1862,4694,-7039,2752,5880,4827,1569,7641,-8700,470,-4,-36,7758,770,-758,0.317693055,2,0.635386109,758044
8,-1025,4186,-142,-5273,-3404,-9249,4521,563,2662,1305,4454,-5987,2743,5785,5771,2353,7950,-8658,494,-13,-37,7793,756,-701,0.322580636,2,0.645161271,769707
8,-100,4215,-220,-4909,-3522,-7954,4272,403,2512,844,4133,-5115,3032,5273,5795,1912,8333,-7501,486,-22,-47,7833,734,-774,0.322580636,2,0.645161271,769707
8,630,4414,-488,-5018,-3258,-6444,3954,-35,2335,209,3746,-4261,3280,4156,6162,2369,7488,-7026,495,-20,-69,7804,706,-870,0.317693055,2,0.635386109,758044
8,1338,4619,-921,-4828,-2571,-4996,3534,-790,1929,-224,2619,-3621,3802,3563,6134,2076,6885,-4770,499,-20,-79,7768,665,-852,0.312805474,2,0.625610948,746382
8,1721,4414,-1185,-4896,-2199,-4113,3254,-1390,1596,-284,2242,-3197,3798,1994,5490,1596,7569,-4174,525,-28,-75,7758,623,-775,0.317693055,2,0.635386109,758044
8,2648,4059,-1088,-2941,-2090,-4015,2719,-2270,1090,-300,2229,-2719,2471,69,4826,2705,5340,-5689,474,-40,-63,7780,677,-674,0.312805474,2,0.625610948,746382
8,3629,3951,-1014,-1882,-1367,-4477,2068,-2850,694,-321,2461,-2395,1685,-1432,4380,2889,3989,-5999,398,-58,-49,7797,687,-629,0.312805474,2,0.625610948,746382
8,4781,3934,-873,-826,-763,-4406,1141,-3586,313,-418,2278,-2556,1360,-2900,4234,2993,2428,-5976,286,-72,-43,7838,733,-615,0.322580636,2,0.645161271,769707
8,5509,4034,-811,-208,-208,-4076,547,-4218,173,-464,1847,-3044,1244,-4103,3847,2423,1424,-5052,145,-68,-34,7804,756,-512,0.317693055,2,0.635386109,758044
8,6263,4213,-645,805,470,-3603,-151,-5012,82,-628,1592,-3951,1045,-5757,3226,1985,2845,-5066,-3,-64,-2,7822,778,-430,0.322580636,2,0.645161271,769707
8,6622,4489,-459,1195,-117,-3380,-696,-5562,19,-655,1519,-4629,42,-7553,2064,2111,1727,-4779,-80,-67,35,7839,629,-358,0.317693055,2,0.635386109,758044
8,7027,4606,-292,1008,-345,-3440,-1397,-6291,116,-474,2354,-5184,-515,-8912,697,2581,1276,-5529,-228,-80,58,7838,536,-261,0.317693055,2,0.635386109,758044
8,7417,4418,194,1238,-885,-3250,-2091,-6629,191,-321,3276,-5489,-1054,-9719,-224,2236,811,-5717,-384,-94,100,7870,438,-304,0.317693055,2,0.635386109,758044
8,7576,4158,710,1474,-1597,-2891,-3109,-6488,187,-414,3910,-6183,-1586,-10351,-1103,1153,790,-5676,-741,-73,121,7982,337,-334,0.322580636,2,0.645161271,769707
8,7461,3602,1518,-2636,-1854,-1011,-3715,-6247,140,-622,4004,-6839,1580,-9668,-2198,954,3677,-6176,-555,-18,106,8044,295,-414,0.317693055,2,0.635386109,758044
8,7330,1981,2168,-209,-3064,-338,-4418,-5611,-47,-889,4300,-7544,-428,-11197,-2234,-533,973,-4383,-563,11,72,8015,288,-452,0.322580636,2,0.645161271,769707
8,6905,1162,3058,899,-3570,-489,-4855,-5080,-143,-799,4945,-7931,-1613,-12556,-2864,-1861,3355,-3807,-545,101,68,8132,300,-590,0.322580636,2,0.645161271,769707
8,6300,536,3359,48,-3444,893,-5347,-3998,-60,-328,4765,-8578,-2306,-13194,-3076,-2204,3060,-3698,-517,173,39,7908,282,-667,0.322580636,2,0.645161271,769707
8,4936,-343,3329,-1472,-4293,1980,-5443,-3076,242,257,3978,-9249,-2694,-13492,-2548,-2789,3078,-2106,-417,132,24,7683,294,-680,0.322580636,2,0.645161271,769707
8,3842,-1249,3198,-1963,-5117,2178,-5364,-1664,344,616,3305,-9886,-2742,-13494,-2009,-2911,3100,-1228,-327,57,46,7655,380,-751,0.376344085,2,0.752688169,897991
8,2463,-2369,3354,-1673,-6052,2205,-5294,-479,109,251,4333,-9872,-3411,-13705,-917,-2357,3318,-615,-264,40,53,7788,484,-849,0.327468216,2,0.654936433,781369
8,1449,-2862,3495,-1997,-6159,1405,-5724,569,-385,-372,6364,-9721,-4994,-12343,-142,-1655,3688,852,-279,54,39,7847,669,-900,0.317693055,2,0.635386109,758044
8,220,-4061,3802,-2500,-6192,-220,-6175,1286,-685,-455,6095,-10167,-6365,-9883,-1,-2401,4052,803,-215,35,13,7744,678,-1049,0.34701857,2,0.694037139,828018
8,-560,-4886,3868,-3392,-6568,-1869,-6336,2058,-707,-419,4610,-10568,-7461,-8553,446,-2511,3001,240,-200,-5,19,7698,612,-1014,0.317693055,2,0.635386109,758044
8,-1666,-5717,3993,-3749,-6970,-3972,-5980,2926,-694,-707,3742,-10260,-7084,-7080,839,-3394,2244,374,-187,-15,19,7749,602,-919,0.322580636,2,0.645161271,769707
8,-2312,-6123,3909,-2970,-6759,-4653,-5617,3272,-732,-1061,4638,-9949,-5626,-5225,1217,-3945,1943,1238,-195,-36,24,7802,579,-809,0.322580636,2,0.645161271,769707
8,-3010,-5414,3578,-2237,-5928,-4460,-5068,3276,-775,-1229,5385,-9874,-4598,-3730,1729,-4778,2353,1375,-183,-15,24,7848,519,-804,0.312805474,2,0.625610948,746382
8,-3641,-4465,3283,-3116,-5268,-5155,-4406,3184,-517,-533,5054,-10430,-3813,-2765,2367,-4361,1860,2265,-137,-20,14,7829,479,-729,0.317693055,2,0.635386109,758044
8,-4394,-4101,3138,-4211,-4803,-7727,-2889,2623,-308,-837,3230,-10705,-2853,-1096,2798,-3509,3650,3358,-84,-33,9,7816,454,-641,0.317693055,2,0.635386109,758044
8,-4894,-3904,2729,-3071,-4879,-8407,-2378,2058,-240,-827,3587,-10085,-1967,3096,3331,-3975,6060,1624,-87,-37,6,7834,405,-550,0.317693055,2,0.635386109,758044
8,-5349,-2908,2136,-2755,-4344,-8861,-1865,2014,-95,430,4193,-10119,-2331,5000,3423,-5153,6894,-1733,-101,-25,1,7892,448,-484,0.327468216,2,0.654936433,781369
8,-5869,-1970,1581,-4193,-4021,-9342,-963,2755,221,1057,4752,-9927,-2204,5795,2703,-5997,6810,-2664,-69,-39,-9,7828,512,-492,0.332355827,2,0.664711654,793031
8,-6206,-1878,1364,-3463,-3995,-9953,-260,3693,288,1392,5273,-9503,-1797,7148,2094,-4771,6473,-3337,-11,-58,0,7808,529,-548,0.322580636,2,0.645161271,769707
8,-6435,-1115,956,-3302,-4289,-11114,88,4660,307,1186,5486,-9592,-506,8537,1923,-4915,7068,-5587,-36,-58,38,7856,568,-552,0.317693055,2,0.635386109,758044
8,-6277,-327,411,-4494,-4599,-11087,580,5055,375,356,5906,-9257,89,8972,1362,-6725,9394,-8550,-76,-40,58,7928,599,-509,0.322580636,2,0.645161271,769707
8,-5955,-10,-140,-6209,-4517,-11653,665,5222,370,-341,5854,-8774,-200,8110,1223,-6552,9786,-9335,-114,-29,59,7900,606,-431,0.322580636,2,0.645161271,769707
8,-5644,-385,-537,-6176,-4518,-11989,852,4884,245,-881,5490,-7927,-1167,8429,1469,-5796,9987,-9129,-84,-22,56,7862,576,-438,0.322580636,2,0.645161271,769707
8,-5223,-908,-741,-6054,-4345,-12070,1138,4392,203,-818,5575,-7684,-1635,8857,1975,-5451,8580,-9510,0,-14,75,7885,529,-490,0.322580636,2,0.645161271,769707
8,-4830,-1189,-803,-4650,-4346,-11553,1604,3445,340,-983,5821,-7551,-1642,8994,2056,-5074,7875,-10159,58,10,111,7928,355,-593,0.322580636,2,0.645161271,769707
8,-4344,-733,-892,-3311,-4506,-11303,1972,2873,534,-892,5950,-7567,-905,8729,1994,-4983,6738,-10871,130,66,142,7981,162,-576,0.317693055,2,0.635386109,758044
8,-3863,-78,-968,-3062,-4834,-11529,2432,2341,716,-525,5892,-7473,172,8419,1670,-5265,6602,-11789,206,126,162,7974,21,-468,0.312805474,2,0.625610948,746382
8,-3205,594,-978,-2860,-4782,-11788,2701,1848,900,-397,5873,-7486,896,7772,828,-4896,6707,-11582,283,185,145,7986,39,-427,0.322580636,2,0.645161271,769707
8,-2658,745,-961,-3797,-4414,-12127,2915,1127,1087,-283,5529,-7523,251,7373,1931,-1743,7292,-11834,407,189,130,7851,273,-480,0.322580636,2,0.645161271,769707
8,-2114,-92,-815,-4625,-4064,-11333,3090,576,1153,-49,5186,-7660,-533,8145,2200,-1700,8472,-11699,531,135,102,7686,431,-613,0.322580636,2,0.645161271,769707
8,-1714,-540,-700,-4750,-3663,-10668,3391,-78,1347,735,5140,-7732,-804,7048,2346,-1638,8566,-11551,641,61,86,7687,553,-785,0.322580636,2,0.645161271,769707
8,-1095,-142,-884,-4791,-3576,-10251,3712,-373,1468,1278,5202,-7741,309,6830,2235,-599,8316,-11128,663,37,97,7729,650,-1013,0.317693055,2,0.635386109,758044
8,-668,556,-1168,-5529,-3539,-10556,3957,-628,1517,1385,5373,-7599,938,6023,2774,1471,9275,-10325,603,21,94,7755,766,-1108,0.317693055,2,0.635386109,758044
8,-17,1156,-1412,-6679,-3762,-10300,4065,-938,1391,924,5500,-7536,1826,7681,3496,2002,10530,-9146,595,21,64,7761,808,-1022,0.317693055,2,0.635386109,758044
8,451,1037,-1663,-7669,-3707,-9439,4051,-1117,1201,465,5200,-7404,741,7279,4481,2284,10607,-7757,584,11,48,7777,883,-881,0.317693055,2,0.635386109,758044
8,844,550,-1836,-7870,-3729,-8053,3982,-1504,846,21,4746,-7405,164,6517,5415,2385,9017,-6398,536,7,42,7829,900,-641,0.322580636,2,0.645161271,769707
8,1176,344,-2111,-6893,-3360,-6568,3873,-1793,678,-102,4131,-7230,1127,5936,6384,3333,7881,-4575,513,-49,14,7761,808,-501,0.317693055,2,0.635386109,758044
8,1198,1014,-2430,-6144,-3169,-5440,3922,-1792,464,339,3518,-6796,2682,5161,6429,3061,6762,-4192,548,-88,5,7720,687,-520,0.322580636,2,0.645161271,769707
8,1351,2251,-2781,-5717,-2754,-3540,3995,-1651,259,592,3594,-6481,3539,3171,6042,1283,7303,-3860,591,-119,18,7695,494,-534,0.317693055,2,0.635386109,758044
8,1528,2694,-2994,-5212,-2387,-2360,3920,-1731,73,784,4187,-6071,4007,749,5468,1069,7296,-4745,580,-142,35,7770,311,-484,0.317693055,2,0.635386109,758044
8,1701,3101,-3170,-3681,-2169,-1977,3552,-1697,-16,1028,4744,-5523,3610,-1332,4723,1078,6227,-3752,518,-132,51,7925,266,-390,0.312805474,2,0.625610948,746382
8,1768,3305,-3356,-3000,-1764,-2533,2853,-1457,-78,1208,4843,-4641,3806,-2521,3238,2125,4929,-3809,478,-94,48,8027,334,-387,0.317693055,2,0.635386109,758044
8,2202,3563,-3359,-2164,-1580,-3538,2204,-1284,-109,1207,4487,-4090,3426,-3607,1845,2847,4241,-4335,420,-68,43,7940,467,-393,0.317693055,2,0.635386109,758044
8,2638,3597,-3121,-1358,-1449,-3888,1454,-1369,-94,861,4144,-3680,2563,-4540,897,2501,3516,-5679,423,-44,33,7819,543,-399,0.317693055,2,0.635386109,758044
8,3300,3872,-2842,-180,-1274,-3956,906,-1743,-9,436,3877,-3567,1794,-5846,127,2280,2207,-6541,440,-75,43,7745,561,-397,0.322580636,2,0.645161271,769707
8,3823,4528,-2773,440,-1245,-3836,147,-2533,215,-72,3718,-3658,1712,-7092,-432,2015,1219,-6160,405,-99,324,7760,566,-402,0.322580636,2,0.645161271,769707
8,4354,5301,-2407,667,-1293,-3681,-396,-3084,347,-307,3809,-4090,1567,-8213,-1002,1686,1015,-5827,287,-114,99,7786,501,-411,0.317693055,2,0.635386109,758044
8,4568,5444,-1887,385,-1413,-3505,-1174,-4033,570,-533,4180,-4665,2070,-7619,-1955,4614,-8864,-7051,147,-156,113,7721,443,-454,0.312805474,2,0.625610948,746382
8,4876,4172,-712,-1174,-1072,-1810,-1787,-4497,783,-347,4410,-5017,1969,-9907,-1891,1601,-1577,-5784,22,-231,123,7693,358,-538,0.317693055,2,0.635386109,758044
8,4923,3558,187,1149,-2149,-2250,-2532,-4589,1118,276,4262,-5949,1823,-10384,-2192,109,102,-5159,-159,-255,154,7795,462,-582,0.312805474,2,0.625610948,746382
8,4705,2747,1284,1199,-2551,-743,-2971,-4327,1316,953,3863,-6437,360,-11936,-2209,-2642,989,-4185,-310,-226,185,7895,357,-650,0.317693055,2,0.635386109,758044
8,4231,2365,1839,667,-2799,265,-3339,-3176,1416,1608,3266,-7168,594,-12624,-2044,-2269,945,-3763,-372,-153,202,7892,194,-677,0.312805474,2,0.625610948,746382
8,3185,1647,2348,569,-3110,1571,-3512,-1994,1574,1933,3211,-7979,34,-13736,-1491,-3340,1506,-2251,-506,-124,232,7872,173,-481,0.317693055,2,0.635386109,758044
8,2085,900,2451,-10,-3383,2005,-3819,-139,1720,2161,4480,-8425,-720,-14483,-1094,-3392,1506,-1058,-625,-66,260,7811,7,-365,0.317693055,2,0.635386109,758044
8,1004,29,2844,1045,-4064,2102,-4238,1219,1665,1716,5733,-8434,-1568,-14787,-461,-1223,807,-1055,-701,-71,291,7810,8,-228,0.317693055,2,0.635386109,758044
8,40,-307,3221,1314,-4985,918,-4764,2479,1418,663,5671,-8753,-1776,-11452,947,-269,1611,809,-674,-107,310,7884,23,-291,0.327468216,2,0.654936433,781369
8,-510,-583,3494,61,-5192,-1176,-5338,3549,870,-1415,4061,-9702,-3588,-8927,1242,-2433,1879,412,-444,-104,278,7836,-68,-651,0.322580636,2,0.645161271,769707
8,-1035,-1671,3918,-2053,-6124,-4128,-5501,3800,551,-2045,3040,-9257,-4602,-8270,2247,-3776,2499,-3704,-217,-186,231,7762,-122,-905,0.317693055,2,0.635386109,758044
8,-1434,-2751,4027,-2418,-6220,-4559,-5222,3810,196,-2175,3563,-8273,-5013,-8242,2638,-4476,2015,-4213,-169,-206,215,7939,-245,-890,0.337243408,2,0.674486816,804693
8,-2046,-3789,4151,-2232,-6281,-3764,-4933,3417,-32,-2259,4410,-8168,-5021,-7944,3180,-3320,2719,-471,-135,-135,202,7902,-484,-718,0.317693055,2,0.635386109,758044
8,-2272,-4210,4057,-2541,-6386,-4231,-4403,2540,-255,-1797,4074,-8898,-4608,-6164,3511,-2456,2988,2704,-104,-114,211,7925,-525,-522,0.317693055,2,0.635386109,758044
8,-2623,-4381,3911,-3990,-5909,-5202,-3909,2161,-424,-975,3785,-8950,-3318,-3159,3309,-2538,3011,4357,-38,-92,193,7956,-492,-509,0.317693055,2,0.635386109,758044
8,-2792,-4601,3666,-4535,-5861,-7075,-3352,1886,-585,-26,3980,-8294,-2168,-554,3128,-3849,6130,3717,75,-125,107,7784,-394,-624,0.312805474,2,0.625610948,746382
8,-3212,-4207,3016,-4102,-5828,-6478,-2912,1885,-781,381,4353,-8204,-2113,1831,2825,-6672,8188,-14,319,-198,36,7682,-301,-850,0.327468216,2,0.654936433,781369
8,-3333,-3780,2469,-4401,-5659,-6562,-2316,2081,-1080,879,4735,-8581,-3191,1207,2280,-6795,7566,-1511,472,-258,5,7659,-192,-1037,0.332355827,2,0.664711654,793031
8,-3597,-3667,2022,-4383,-4500,-7367,-1860,2098,-1246,1238,4941,-8708,-3709,1865,2436,-5400,7094,-399,531,-280,19,7687,-153,-1066,0.322580636,2,0.645161271,769707
8,-3866,-3541,1756,-4536,-4217,-8737,-1365,2395,-1164,1988,5157,-8608,-2889,3699,2278,-5546,6276,-615,617,-277,30,7772,-144,-996,0.395894438,2,0.791788876,944640
8,-4021,-2854,1155,-4805,-3099,-9888,-972,2629,-978,2382,5328,-8156,-2274,4419,1856,-6092,7901,-2585,596,-220,35,7883,-89,-901,0.317693055,2,0.635386109,758044
8,-4195,-2223,903,-4681,-3466,-9736,-540,2990,-778,2022,5917,-7983,-1688,5547,1280,-5764,8494,-3970,601,-189,1,7801,-68,-948,0.322580636,2,0.645161271,769707
8,-4135,-1711,499,-5165,-3057,-9789,-214,3127,-704,1938,6232,-7999,-1530,6321,1189,-5221,7988,-4555,623,-215,-10,7628,-1,-1060,0.381231666,2,0.762463331,909653
8,-4200,-1299,165,-5658,-2599,-10139,433,3297,-487,2043,6256,-8048,-1017,7000,1153,-5623,8077,-5468,570,-345,4,7619,143,-1127,0.322580636,2,0.645161271,769707
8,-4245,-782,-311,-5983,-2625,-10686,861,3250,-161,2081,6169,-7957,-616,7306,965,-5394,8892,-5849,436,-432,-15,7686,132,-1052,0.317693055,2,0.635386109,758044
8,-4255,-544,-649,-5842,-2845,-10730,1382,3186,140,2159,6055,-8060,-602,7854,619,-4481,9269,-6676,401,-436,-56,7656,116,-1070,0.327468216,2,0.654936433,781369
8,-4215,-481,-954,-5685,-2506,-10764,1825,3117,316,2120,6409,-7845,-1008,8410,700,-3774,9014,-7667,376,-434,-36,7408,275,-1166,0.332355827,2,0.664711654,793031
8,-4230,-231,-1172,-4966,-2376,-10911,2233,2976,530,2099,6617,-7758,-1119,9129,624,-4046,7875,-8556,337,-515,41,7367,325,-1327,0.327468216,2,0.654936433,781369
8,-4060,39,-1284,-4587,-2678,-11366,2437,2715,648,1886,6556,-7748,-743,9290,539,-4162,6930,-9715,337,-562,100,7510,287,-1595,0.317693055,2,0.635386109,758044
8,-3748,513,-1269,-3737,-3063,-11556,2746,2345,812,1620,6462,-7503,-73,9375,635,-3579,6125,-10471,265,-562,134,7538,197,-1645,0.312805474,2,0.625610948,746382
8,-3637,802,-1116,-3438,-2753,-10795,3178,2054,1025,1811,6345,-7613,160,9418,485,-3385,6011,-10963,230,-532,118,7570,-34,-1761,0.312805474,2,0.625610948,746382
8,-3472,1188,-893,-3533,-2521,-10487,3602,1652,1355,2085,6405,-7725,1101,8332,569,-3435,5651,-12320,186,-539,97,7562,-62,-1773,0.317693055,2,0.635386109,758044
8,-3137,1842,-920,-3326,-2503,-11048,3752,1130,1710,2310,6597,-7117,2146,7195,699,-2421,6254,-12011,177,-596,64,7425,-37,-1697,0.312805474,2,0.625610948,746382
8,-2437,2656,-937,-4005,-1971,-12149,3733,837,1856,2092,6463,-6755,2772,6904,674,-994,6313,-11592,254,-652,34,7381,24,-1726,0.317693055,2,0.635386109,758044
8,-1900,2820,-784,-4831,-2297,-12233,3653,-185,2173,1670,5964,-6808,2733,7444,983,44,6628,-12000,325,-702,18,7331,17,-1664,0.317693055,2,0.635386109,758044
8,-1204,2988,-789,-5230,-2728,-11081,3750,-873,2338,1526,5253,-6723,3310,7253,1288,-630,7687,-11904,445,-739,25,7360,49,-1686,0.312805474,2,0.625610948,746382
8,-758,3552,-983,-5361,-2871,-9775,4091,-1712,2357,1727,4408,-6809,3430,6369,1722,-238,9145,-10214,472,-807,39,7349,199,-1723,0.307917893,2,0.615835786,734720
8,-376,4018,-1231,-5828,-2953,-8582,4472,-2033,2209,2179,4080,-7240,3053,8264,2234,3174,8691,-8141,381,-855,48,7308,261,-1806,0.312805474,2,0.625610948,746382
8,-102,3823,-1549,-6370,-3057,-7974,4671,-2051,1913,2625,4293,-7066,2620,7009,3583,-1473,8906,-9411,289,-898,82,7360,265,-1894,0.327468216,2,0.654936433,781369
8,210,3474,-1717,-5721,-2864,-7227,4644,-1709,1577,2491,4085,-6923,2797,5944,4315,1567,6764,-7624,164,-843,143,7596,227,-1940,0.322580636,2,0.645161271,769707
8,322,3271,-1753,-5013,-2733,-6705,4429,-1319,1267,2117,3764,-6675,3165,5749,4741,1913,6773,-5405,28,-787,188,7742,-83,-2006,0.317693055,2,0.635386109,758044
8,438,3142,-1989,-4765,-2028,-6026,4378,-1137,1106,1949,3387,-6266,3242,4880,4203,1410,7744,-5211,-2,-733,231,7839,-233,-1992,0.322580636,2,0.645161271,769707
8,625,2786,-1988,-4532,-1951,-6193,4357,-1010,1057,1955,3613,-5611,2022,3138,3939,2528,5908,-6634,18,-637,212,7767,-351,-2012,0.317693055,2,0.635386109,758044
8,1280,2150,-1769,-3270,-1800,-6486,3965,-1114,1060,1655,4055,-4745,1953,2229,3819,2980,5330,-7431,5,-562,207,7801,-494,-1936,0.317693055,2,0.635386109,758044
8,1780,2497,-1769,-2586,-1711,-6086,3269,-1448,862,889,3188,-4368,1809,997,3747,3721,3144,-6901,-33,-509,213,8058,-844,-1797,0.317693055,2,0.635386109,758044
8,2422,3163,-1799,-1874,-1379,-5885,2923,-2117,789,480,2481,-4606,2605,-48,3863,3711,2935,-6296,-145,-388,244,8253,-738,-1668,0.386119246,2,0.772238493,921316
8,3241,4010,-1797,-1265,-889,-5596,2401,-3167,709,470,2073,-4368,2812,-1415,3493,3273,2694,-6277,-234,-190,266,8429,-1009,-1826,0.332355827,2,0.664711654,793031
8,3747,4289,-1664,-753,-595,-5268,2034,-3739,676,754,2185,-4550,2555,-2791,2753,3196,2670,-6257,-297,-18,270,8335,-1122,-1809,0.322580636,2,0.645161271,769707
8,4329,4181,-1401,-123,-492,-4651,1468,-4454,784,1222,2397,-4779,1881,-4272,2028,2684,2150,-6050,-444,140,280,8103,-1252,-1580,0.381231666,2,0.762463331,909653
8,4716,4087,-1065,360,-370,-4481,942,-4703,867,1172,2189,-5116,1160,-6008,1382,2303,1099,-5919,-516,259,287,7933,-1347,-1621,0.317693055,2,0.635386109,758044
8,5090,4176,-578,1329,-355,-4175,279,-4924,1014,1117,2137,-5405,622,-6988,753,2188,94,-6025,-487,251,329,7682,-1299,-1816,0.322580636,2,0.645161271,769707
8,5288,4496,-101,1724,-356,-3789,-200,-4971,1151,1206,2204,-5720,511,-8350,78,1762,-542,-5889,-363,188,350,7570,-1305,-1855,0.317693055,2,0.635386109,758044
8,5319,4436,524,312,-1127,-3932,-897,-4807,1447,1528,2551,-5977,3159,-8283,-492,2422,4057,-5306,-237,124,378,7573,-1236,-1964,0.317693055,2,0.635386109,758044
8,5333,3897,1170,2621,-751,-2733,-1469,-4419,1601,1499,2958,-6008,901,-10634,-840,105,174,-4826,-234,118,339,7700,-1066,-1951,0.312805474,2,0.625610948,746382
8,5067,3773,1946,1621,-891,-1519,-2231,-3934,1729,1205,3231,-6546,1457,-11068,-1039,-1055,400,-3953,-333,123,310,7687,-711,-1903,0.327468216,2,0.654936433,781369
8,4514,3558,2399,1884,-1398,-937,-2632,-3392,1866,1421,2972,-7407,775,-12692,-1062,-1147,-190,-4249,-401,145,278,7538,-502,-1980,0.332355827,2,0.664711654,793031
8,3572,2907,2821,1233,-2447,-112,-3018,-2677,1997,1563,2985,-7833,486,-13386,-764,-1704,591,-3735,-481,159,309,7462,-351,-2031,0.317693055,2,0.635386109,758044
8,2860,2091,3154,517,-3241,200,-3710,-1645,1946,879,3989,-7756,168,-13996,-290,-2034,1127,-3621,-524,206,404,7549,-460,-2032,0.317693055,2,0.635386109,758044
8,2174,718,3647,403,-4454,297,-4418,-737,1638,-316,4387,-7941,-1153,-13190,600,5,593,-2924,-693,220,478,7528,-644,-1938,0.317693055,2,0.635386109,758044
8,1726,51,3751,-308,-4478,612,-4953,186,1357,-719,2878,-8970,-1709,-12073,1567,-1563,1804,-263,-877,190,510,7489,-920,-1970,0.312805474,2,0.625610948,746382
8,657,-738,3531,-919,-5134,-799,-4805,1046,1338,42,2139,-9145,-2368,-9853,1987,-2142,2556,391,-925,133,460,7426,-1028,-2037,0.386119246,2,0.772238493,921316
8,75,-1454,3617,-1291,-5743,-2367,-4658,2350,1147,-343,3592,-8773,-3023,-8332,1940,-1750,2320,-96,-957,56,426,7430,-949,-2096,0.312805474,2,0.625610948,746382
8,-596,-2777,4100,-1573,-5861,-3186,-4809,2935,862,-1180,4810,-8610,-4163,-6596,1972,-2114,2142,413,-925,25,373,7460,-757,-2103,0.312805474,2,0.625610948,746382
8,-930,-3726,4291,-1766,-6115,-3260,-5206,2983,416,-2160,4458,-9113,-3958,-4254,2746,-3513,1705,486,-828,-7,298,7441,-611,-2326,0.317693055,2,0.635386109,758044
8,-1218,-4293,4324,-2444,-6226,-3664,-5216,2786,109,-2016,3149,-9276,-4125,-3282,3293,-4990,2728,811,-748,-15,237,7422,-596,-2127,0.312805474,2,0.625610948,746382
8,-1811,-4873,4435,-2561,-6456,-4109,-4777,2363,-206,-1265,2925,-8994,-4255,-2715,3344,-5396,3594,-338,-691,-28,212,7479,-816,-2138,0.317693055,2,0.635386109,758044
8,-2067,-5150,4222,-2259,-6447,-4646,-4486,2053,-426,-851,4420,-8594,-4203,-2154,3405,-5367,4395,-438,-677,-42,160,7520,-943,-2144,0.317693055,2,0.635386109,758044
8,-2253,-4990,3816,-1808,-5902,-4313,-4376,1942,-781,-801,5121,-8884,-4291,-1332,3419,-5145,4270,863,-632,-63,101,7504,-945,-2158,0.317693055,2,0.635386109,758044
8,-2620,-4526,3556,-2434,-5433,-5536,-3992,1865,-695,-120,3654,-9695,-3725,-49,3249,-4566,4144,247,-567,-81,87,7477,-926,-2202,0.342130989,2,0.684261978,816356
8,-3135,-3932,3371,-3618,-4803,-7104,-3019,1874,-509,1384,3339,-9755,-2626,872,2947,-4633,5854,110,-515,-106,69,7573,-887,-2167,0.322580636,2,0.645161271,769707
8,-3599,-3751,3006,-3684,-4585,-7805,-2354,2212,-618,1886,3983,-9979,-2621,2411,2612,-4353,7739,-554,-471,-61,21,7635,-859,-2126,0.327468216,2,0.654936433,781369
8,-4161,-3120,2414,-3407,-4075,-9166,-1541,2601,-792,1782,4281,-10765,-3284,4359,1811,-4348,7952,-2246,-436,-55,-32,7533,-770,-2076,0.376344085,2,0.752688169,897991
8,-4656,-2468,2111,-3336,-3545,-10348,-965,2830,-633,2007,4033,-11077,-2622,5784,1473,-4292,6536,-5043,-420,-76,-54,7423,-624,-2026,0.327468216,2,0.654936433,781369
8,-5182,-1603,1527,-3977,-2932,-11235,-99,2834,-286,2936,4551,-11123,-1698,6635,1214,-4807,7515,-6489,-498,-102,-43,7390,-573,-1977,0.322580636,2,0.645161271,769707
8,-5390,-970,1034,-4379,-2284,-12945,412,3007,43,3125,5140,-11123,-1290,7135,741,-4543,9200,-9087,-570,-151,1,7402,-536,-1966,0.381231666,2,0.762463331,909653
8,-5592,-184,376,-5449,-2241,-14684,802,3523,475,3242,5589,-10366,-780,7955,782,-5042,9589,-10664,-642,-208,24,7381,-417,-1966,0.322580636,2,0.645161271,769707
8,-5405,223,-76,-5678,-2881,-15754,1240,3829,771,3353,5829,-9967,-485,8421,966,-4925,9166,-12469,-619,-254,22,7429,-438,-1896,0.322580636,2,0.645161271,769707
8,-4958,571,-363,-5189,-2530,-15464,2046,3750,1189,2726,6059,-9725,-268,8886,1344,-4078,9525,-13443,-499,-271,32,7532,-592,-1920,0.386119246,2,0.772238493,921316
8,-4667,756,-500,-4778,-2546,-14972,2751,3370,1450,2345,5887,-10011,182,9070,1196,-4419,8121,-13250,-452,-277,58,7700,-682,-1952,0.322580636,2,0.645161271,769707
8,-4356,1373,-701,-3606,-2975,-15250,3470,2664,1686,2257,5495,-10216,988,8728,1034,-3595,6955,-14014,-461,-194,66,7743,-749,-1917,0.327468216,2,0.654936433,781369
8,-3990,2163,-798,-3174,-3211,-15700,4188,1749,2022,2184,5997,-9707,2319,8792,1321,-1942,5935,-14601,-432,-144,60,7696,-804,-1931,0.381231666,2,0.762463331,909653
8,-3558,2953,-879,-2982,-3456,-14651,4475,1361,2236,2020,6447,-9248,3221,9391,1450,-2340,7332,-15041,-386,-144,60,7610,-827,-1894,0.317693055,2,0.635386109,758044
8,-2998,3345,-1100,-4018,-3954,-12171,4794,1043,2507,1850,5832,-9111,3000,8192,1586,-3544,7357,-14411,-310,-170,49,7592,-773,-1881,0.317693055,2,0.635386109,758044
8,-2593,3325,-1159,-4860,-3750,-10897,5097,630,2611,1847,5304,-8926,2830,7174,1935,-3194,7742,-12295,-160,-193,29,7566,-814,-1923,0.386119246,2,0.772238493,921316
8,-2172,3157,-1174,-5431,-3833,-10367,5437,338,2589,1874,5038,-8266,2571,7090,2291,1484,7975,-9953,22,-149,24,7649,-755,-1919,0.327468216,2,0.654936433,781369
8,-1834,2968,-1130,-5377,-3870,-10225,5476,295,2540,1759,4625,-7700,2435,7505,3793,-1195,8983,-10046,132,-87,18,7703,-673,-2099,0.322580636,2,0.645161271,769707
8,-1520,2484,-1021,-5232,-3643,-9348,5547,375,2335,1569,4078,-7329,1147,6533,4457,225,7612,-9706,189,-59,10,7580,-599,-2205,0.386119246,2,0.772238493,921316
8,-1238,1665,-740,-4171,-3363,-8708,5589,325,2301,1411,3955,-6998,621,5757,4798,308,6397,-9502,124,-102,8,7484,-488,-2359,0.317693055,2,0.635386109,758044
8,-749,1480,-478,-2637,-3271,-7511,5401,42,2317,1410,4037,-6199,1537,5683,4622,1596,5945,-8498,42,-105,12,7499,-332,-2410,0.312805474,2,0.625610948,746382
8,-333,2038,-583,-2487,-2936,-6497,5128,-96,2162,1324,3737,-5400,2540,5273,4363,1387,6233,-6852,22,-58,20,7501,-331,-2512,0.332355827,2,0.664711654,793031
8,181,2903,-935,-3675,-2220,-5507,4628,-442,1817,1188,2812,-4726,2528,4443,3797,1942,6575,-5505,96,38,36,7514,-413,-2597,0.322580636,2,0.645161271,769707
8,589,2973,-1069,-3971,-1815,-5543,4215,-704,1524,1246,1986,-4540,1845,3344,3976,2296,5390,-5665,90,73,33,7316,-608,-2600,0.322580636,2,0.645161271,769707
8,1308,2672,-858,-2921,-1425,-5506,3703,-1180,1315,1587,1864,-4251,1551,2015,4163,2750,4758,-6703,78,67,6,7196,-887,-2544,0.317693055,2,0.635386109,758044
8,1921,2558,-690,-1317,-1164,-4825,3233,-1515,1163,1366,2182,-3690,1814,745,3756,2533,3582,-6417,113,17,-41,7192,-1009,-2526,0.332355827,2,0.664711654,793031
8,2864,3170,-734,-606,-611,-4057,2408,-2137,863,912,2505,-3096,2313,-856,2957,1935,3141,-5574,229,-11,-80,7295,-1057,-2523,0.337243408,2,0.674486816,804693
8,3416,3378,-782,-515,-221,-4056,1645,-2570,577,929,1931,-3138,2160,-2501,2232,2103,2593,-5315,303,-17,-97,7319,-1052,-2509,0.317693055,2,0.635386109,758044
8,3970,3526,-743,-531,-20,-4195,878,-2901,346,1132,1015,-3567,1911,-3845,1631,2856,2461,-4737,361,-71,-107,7315,-1052,-2409,0.312805474,2,0.625610948,746382
8,4416,3548,-638,-223,84,-4335,387,-3178,306,1150,780,-3905,1632,-4897,1080,3270,2029,-4564,306,-48,-105,7400,-950,-2198,0.317693055,2,0.635386109,758044
8,4852,3527,-519,394,138,-4475,-93,-3343,207,1033,555,-4364,974,-5736,301,3390,1410,-4413,231,-46,-112,7340,-806,-2083,0.322580636,2,0.645161271,769707
8,5164,3535,-374,709,45,-4487,-650,-3686,97,674,622,-5050,818,-6462,-99,3524,812,-4477,161,-111,-78,7313,-686,-2062,0.322580636,2,0.645161271,769707
8,5435,3510,-270,518,-18,-4370,-1063,-4207,103,332,849,-5498,688,-7232,-464,3220,-47,-4531,-27,-136,28,7542,-521,-2036,0.322580636,2,0.645161271,769707
8,5760,3102,-111,334,-209,-3559,-1533,-5124,216,31,1341,-5815,1061,-7811,-407,1184,2896,-4063,-311,-40,122,7633,-444,-1978,0.322580636,2,0.645161271,769707
8,5889,3214,305,706,-1129,-4211,-1856,-5662,302,-68,1864,-6009,2039,-8685,-307,1113,2649,-4094,-483,68,184,7709,-320,-2036,0.317693055,2,0.635386109,758044
8,6000,3176,852,458,-1110,-3385,-2479,-5959,409,3,2567,-6367,1303,-8758,-229,1074,420,-4417,-535,95,200,7577,-249,-2076,0.317693055,2,0.635386109,758044
8,5860,2928,1347,415,-1660,-3033,-2971,-5786,524,697,2606,-7122,377,-9809,-84,628,541,-4973,-534,24,224,7504,-262,-2305,0.322580636,2,0.645161271,769707
8,5674,2496,1980,846,-2522,-2627,-3740,-5103,709,1000,2643,-7799,-93,-10318,17,-234,326,-5271,-638,60,271,7717,-327,-2303,0.317693055,2,0.635386109,758044
8,5472,2351,2321,1138,-2975,-2197,-4111,-4644,863,709,2766,-7742,77,-10974,60,-954,293,-5272,-896,145,315,7783,-655,-2233,0.312805474,2,0.625610948,746382
8,5104,2016,2695,900,-3539,-2019,-4513,-3933,842,-62,3953,-7525,-288,-11025,83,-1533,361,-4615,-867,205,322,7643,-882,-2312,0.317693055,2,0.635386109,758044
8,4721,1318,3060,596,-3681,-1044,-5028,-3281,858,-576,4446,-8005,-762,-11025,347,-1877,764,-3784,-686,154,288,7460,-1055,-2407,0.322580636,2,0.645161271,769707
8,3922,228,3531,326,-4512,503,-5335,-2732,1126,-660,3756,-9249,-930,-10459,1095,-3431,763,-2704,-528,175,207,7538,-1179,-2373,0.327468216,2,0.654936433,781369
8,3062,-340,3724,328,-5100,1182,-5262,-2161,1443,-446,2682,-9926,-1563,-10098,1882,-4202,1944,-578,-355,223,131,7417,-1117,-2248,0.322580636,2,0.645161271,769707
8,1579,-818,3780,-293,-5634,733,-4960,-1120,1589,-378,2845,-9957,-2704,-9657,2287,-4871,2445,-356,-146,145,51,7334,-1008,-2249,0.332355827,2,0.664711654,793031
8,668,-1580,3925,-942,-6219,-152,-4902,-366,1441,-741,4380,-9671,-3340,-9321,2334,-4202,2711,-752,-48,74,0,7253,-774,-2233,0.332355827,2,0.664711654,793031
8,-201,-2881,4128,-1179,-6828,-1091,-5224,761,1063,-1163,5649,-9709,-3994,-8644,2009,-3675,2446,9,-30,-2,-3,7212,-510,-2281,0.332355827,2,0.664711654,793031
8,-830,-3427,4297,-1334,-7041,-1777,-5463,1667,909,-1319,4649,-10101,-4319,-7549,2180,-4350,2621,563,-102,-19,5,7299,-324,-2400,0.386119246,2,0.772238493,921316
8,-1767,-3607,4400,-2537,-6783,-2981,-5313,2325,754,-1410,3692,-10096,-4316,-6998,2351,-4605,2156,-13,-173,-15,10,7382,-276,-2450,0.410557181,2,0.821114361,979627
8,-2268,-4026,4403,-3548,-6490,-3851,-5174,2523,391,-1579,4100,-9869,-3881,-5940,3040,-3915,3259,526,-154,-14,1,7369,-417,-2532,0.317693055,2,0.635386109,758044
8,-2734,-4851,4124,-3748,-6573,-3832,-5110,2796,17,-2131,4550,-9608,-3397,-4665,3488,-3603,4061,2794,-154,-43,-1,7357,-614,-2494,0.322580636,2,0.645161271,769707
8,-3218,-5123,3894,-3538,-6372,-4679,-4870,2771,61,-1815,4208,-9330,-3571,-2605,3636,-3247,4247,4442,-250,-51,9,7429,-716,-2385,0.317693055,2,0.635386109,758044
8,-3661,-4583,3685,-3525,-5746,-5752,-4356,2666,57,-1298,4065,-9250,-2320,331,3539,-3411,5117,3675,-298,-30,4,7526,-827,-2293,0.322580636,2,0.645161271,769707
8,-4102,-3903,3312,-3725,-5480,-7001,-3641,2774,-3,-781,3652,-9344,-1585,2805,3409,-4252,6636,1667,-299,-23,-6,7529,-839,-2168,0.317693055,2,0.635386109,758044
8,-4470,-3493,2893,-3746,-5443,-6860,-2975,2680,-51,-761,3707,-9295,-1777,4341,3021,-5343,8148,-255,-212,-34,-44,7493,-884,-2066,0.381231666,2,0.762463331,909653
8,-4914,-3175,2253,-3930,-5364,-7438,-1932,2579,-169,-796,4097,-9690,-2871,4634,2184,-5648,8787,-1310,-163,-52,-76,7462,-904,-2073,0.312805474,2,0.625610948,746382
8,-5107,-2752,1753,-3514,-5251,-9213,-1255,2488,-274,-485,4316,-9751,-3259,5982,1415,-4979,8285,-2361,-94,-69,-109,7486,-838,-2051,0.317693055,2,0.635386109,758044
8,-5401,-1983,1169,-5210,-4616,-10932,-557,2551,-251,194,4472,-9630,-2368,7937,1311,-5766,8290,-5179,-23,-99,-136,7535,-783,-2055,0.312805474,2,0.625610948,746382
8,-5520,-1802,735,-4840,-4955,-11162,-128,3057,-164,1011,4854,-9447,-1657,8024,843,-7657,9204,-8161,10,-106,-151,7545,-712,-2017,0.312805474,2,0.625610948,746382
8,-5348,-974,-3,-4821,-4551,-11389,734,3826,-125,1342,5502,-9524,-1167,6693,691,-7576,8442,-9317,40,-130,-152,7574,-538,-2007,0.317693055,2,0.635386109,758044
8,-5175,-539,-411,-5242,-3621,-12179,1110,4147,-9,1212,6022,-9268,-715,6517,396,-6165,9022,-9441,70,-138,-158,7666,-445,-1974,0.317693055,2,0.635386109,758044
8,-5029,-486,-650,-5046,-2657,-12601,1513,4244,226,1541,5960,-9123,-1185,6982,556,-4666,7841,-9603,75,-114,-155,7664,-429,-1984,0.322580636,2,0.645161271,769707
8,-4861,-578,-729,-4502,-2530,-12504,1833,4198,461,1649,6058,-8789,-1016,7647,880,-4419,7240,-9663,52,-89,-137,7688,-444,-2023,0.337243408,2,0.674486816,804693
8,-4534,-27,-947,-3401,-2477,-12167,2184,3803,783,1438,6324,-8464,-295,7594,748,-4201,7394,-10306,53,-65,-119,7672,-591,-2062,0.337243408,2,0.674486816,804693
8,-4333,838,-1114,-3326,-2451,-11837,2445,3493,935,1407,6331,-8476,332,8009,399,-3438,7040,-10206,97,-39,-91,7610,-758,-2015,0.317693055,2,0.635386109,758044
8,-4053,1638,-1172,-3834,-2655,-11313,2774,2834,1149,1152,6149,-8395,1197,8328,-281,-4082,6018,-10779,155,-37,-82,7554,-780,-1951,0.317693055,2,0.635386109,758044
8,-3785,1698,-1031,-3862,-2717,-11532,2953,2443,1342,1100,5885,-8147,1008,7346,224,-2463,6135,-10746,207,-45,-86,7548,-738,-1952,0.337243408,2,0.674486816,804693
8,-3410,1272,-947,-3764,-3261,-11157,3187,2161,1545,1153,5539,-7934,974,7934,721,-3147,5662,-10268,281,-13,-75,7667,-689,-2047,0.317693055,2,0.635386109,758044
8,-3130,1350,-977,-3281,-3101,-10998,3497,1821,1847,1233,5167,-8004,1358,6905,955,-2699,6181,-10958,349,81,-75,7553,-595,-2192,0.322580636,2,0.645161271,769707
8,-2827,2180,-1033,-3243,-2978,-10706,3735,1504,2057,1349,4963,-7938,2016,6651,1090,-2047,6103,-11070,332,69,-71,7342,-463,-2279,0.322580636,2,0.645161271,769707
8,-2484,2675,-1069,-3542,-3018,-10997,4100,958,2207,1652,4863,-8028,2346,6363,1357,-1522,6697,-11420,317,5,-55,7266,-390,-2378,0.327468216,2,0.654936433,781369
8,-2009,2653,-952,-4398,-3070,-10552,4272,584,2241,1744,4693,-7806,1850,6363,1810,-1501,7290,-11052,301,-50,-37,7274,-349,-2434,0.317693055,2,0.635386109,758044
8,-1709,2067,-843,-4552,-3056,-9328,4572,203,2116,1752,4497,-8096,1249,7122,2638,469,7613,-9863,357,-49,-62,7342,-277,-2543,0.317693055,2,0.635386109,758044
8,-1462,1627,-702,-3799,-2787,-8739,4705,-65,2008,2031,4160,-8303,1212,6307,3224,-1184,5933,-9429,343,-10,-99,7314,-239,-2612,0.322580636,2,0.645161271,769707
8,-1418,2043,-760,-3252,-2737,-8491,4890,-40,1741,2488,3960,-8273,2752,5790,3514,528,5842,-7867,309,-4,-90,7187,-272,-2616,0.317693055,2,0.635386109,758044
8,-1370,3204,-917,-3010,-2407,-8116,4849,144,1636,2704,3905,-8092,3523,5404,3590,901,6346,-7490,325,-48,-91,7179,-334,-2514,0.317693055,2,0.635386109,758044
8,-1337,3889,-1165,-3944,-2109,-8081,4738,348,1610,2659,3648,-7815,3617,5324,3740,2152,6926,-6930,314,-118,-90,7284,-411,-2441,0.317693055,2,0.635386109,758044
8,-1233,3747,-1280,-4634,-1895,-7879,4772,736,1576,2758,2827,-7484,3644,5401,3360,2677,7504,-6219,320,-155,-83,7362,-525,-2399,0.322580636,2,0.645161271,769707
8,-1124,3187,-1270,-4645,-1816,-7463,4777,754,1594,2681,2720,-7098,2261,4974,3669,3122,6541,-6031,281,-158,-96,7398,-635,-2290,0.332355827,2,0.664711654,793031
8,-845,2247,-1147,-4249,-1795,-7540,4612,642,1419,2147,2748,-6388,1509,4892,4188,4274,5610,-6032,244,-162,-105,7485,-769,-2205,0.327468216,2,0.654936433,781369
8,-465,1655,-966,-3657,-1478,-7254,4341,178,1313,2037,2827,-5643,971,4627,4459,4790,5072,-6238,234,-137,-89,7562,-798,-2131,0.317693055,2,0.635386109,758044
8,148,1326,-764,-2775,-896,-7133,3775,-257,1135,1987,2756,-4514,1051,3302,4184,4267,4355,-6564,191,-108,-68,7582,-798,-2093,0.312805474,2,0.625610948,746382
8,879,1277,-573,-1807,-611,-6648,3292,-649,1076,1992,2427,-3911,1217,2351,3985,4361,3720,-7168,137,-81,-54,7574,-760,-2095,0.322580636,2,0.645161271,769707
8,1825,1903,-632,-1422,-521,-6408,2652,-1108,1026,1678,1595,-3616,1436,1138,3744,4907,3640,-6811,136,-47,-48,7553,-745,-2232,0.307917893,2,0.615835786,734720
8,2648,2178,-745,-1412,-435,-6269,2138,-1699,1002,1245,1444,-3338,1433,-199,3352,4589,2976,-5698,78,22,-2,7692,-688,-2151,0.312805474,2,0.625610948,746382
8,3686,2223,-836,-1289,-360,-5829,1369,-2422,761,595,1344,-3089,1131,-1433,2984,4681,2655,-4964,-46,107,72,7650,-541,-2136,0.312805474,2,0.625610948,746382
8,4444,2195,-895,-1093,-120,-5573,783,-2831,479,229,942,-3313,627,-2975,2665,4249,2343,-4908,-156,99,75,7524,-547,-2177,0.312805474,2,0.625610948,746382
8,5148,2203,-944,-644,-31,-4985,127,-3409,249,114,171,-4252,601,-3768,2054,3252,3059,-5003,-199,73,58,7413,-521,-2273,0.312805474,2,0.625610948,746382
8,5715,2477,-905,504,10,-4325,-129,-3904,225,15,-24,-4906,-106,-5103,1499,2865,1029,-4329,-344,42,77,7373,-453,-2206,0.307917893,2,0.615835786,734720
8,6001,2699,-923,632,95,-4065,-494,-4842,297,-52,357,-5663,-405,-6473,713,2519,331,-4552,-368,90,121,7546,-541,-2300,0.327468216,2,0.654936433,781369
8,6127,3300,-862,1354,-97,-3545,-768,-5571,349,27,672,-6034,-444,-7511,159,2188,-386,-4293,-367,225,179,7495,-560,-2208,0.317693055,2,0.635386109,758044
8,6195,3899,-783,1671,-396,-3079,-1269,-6194,381,449,1015,-6495,-355,-8576,-367,1531,-123,-4447,-491,160,219,7346,-610,-2189,0.317693055,2,0.635386109,758044
8,6223,4483,-485,1622,-1154,-2892,-1821,-6115,386,839,1742,-6567,-436,-9286,-759,1237,118,-4854,-589,66,217,7334,-594,-2183,0.327468216,2,0.654936433,781369
8,6231,4538,-24,1636,-1739,-2756,-2765,-5846,352,587,2576,-6581,-773,-9845,-1189,1121,58,-5372,-638,19,231,7470,-596,-2175,0.317693055,2,0.635386109,758044
8,6261,3466,610,-1135,-1306,-1284,-3407,-5419,269,453,2659,-7080,1760,-8997,-1696,580,5498,-5265,-564,61,277,7621,-694,-2369,0.322580636,2,0.645161271,769707
